103,1,6,1,11,64,200,2,2,1,1415.9
103,1,6,2,13,64,200,2,2,1,508.56
103,1,6,3,12,64,200,2,2,1,381.64
103,1,6,4,10,64,200,2,2,1,700.06
103,1,6,5,9,64,200,2,2,1,717.61
103,1,6,6,3,64,200,1,1,1,1052.3
103,1,6,7,3,64,200,1,1,1,644.52
103,1,6,8,4,64,200,1,1,1,862.23
103,1,6,9,2,64,200,1,1,1,701.21
103,1,6,10,7,64,200,2,2,1,1029.6
103,1,6,11,1,64,200,1,1,1,734.42
103,1,6,12,5,64,200,2,2,1,1023.9
103,1,6,13,8,64,200,2,2,1,976.08
103,1,6,14,6,64,200,2,2,1,1252.9
103,1,6,15,4,64,200,1,1,1,750.77
103,1,6,16,2,64,200,1,1,1,464.95
103,1,6,17,1,64,200,1,1,1,478.34
103,1,6,18,5,64,200,2,2,1,815.65
103,1,6,19,8,64,200,2,2,1,748.58
103,1,6,20,3,64,200,1,1,1,631.18
103,1,6,21,9,64,200,2,2,1,529.22
103,1,6,22,13,64,200,2,2,1,378.83
103,1,6,23,7,64,200,2,2,1,1014.1
103,1,6,24,12,64,200,2,2,1,443.21
103,1,6,25,8,64,200,2,2,1,927
103,1,6,26,4,64,200,2,1,0,968.28
103,1,6,27,11,64,200,2,2,1,390.02
103,1,6,28,7,64,200,2,2,1,866.49
103,1,6,29,1,64,200,1,1,1,952.11
103,1,6,30,4,64,200,1,1,1,717.41
103,1,6,31,10,64,200,2,2,1,466.92
103,1,6,32,2,64,200,1,1,1,1029
103,1,6,33,6,64,200,2,2,1,800.47
103,1,6,34,3,64,200,1,1,1,611.44
103,1,6,35,13,64,200,2,2,1,448.26
103,1,6,36,2,64,200,1,1,1,506.42
103,1,6,37,4,64,200,1,1,1,553.42
103,1,6,38,1,64,200,1,1,1,385.91
103,1,6,39,6,64,200,2,2,1,604.7
103,1,6,40,13,64,200,2,2,1,374.51
103,1,6,41,5,64,200,2,2,1,647.18
103,1,6,42,2,64,200,1,1,1,809.85
103,1,6,43,1,64,200,1,1,1,408.62
103,1,6,44,7,64,200,2,2,1,518.33
103,1,6,45,4,64,200,1,1,1,503.11
103,1,6,46,2,64,200,1,1,1,409.8
103,1,6,47,10,64,200,2,2,1,379.62
103,1,6,48,12,64,200,2,2,1,601.56
103,1,6,49,3,64,200,1,1,1,540.85
103,1,6,50,3,64,200,1,1,1,459.17
103,1,6,51,6,64,200,2,2,1,546.67
103,1,6,52,1,64,200,1,1,1,387.53
103,1,6,53,1,64,200,1,1,1,382.04
103,1,6,54,4,64,200,1,1,1,1102.3
103,1,6,55,7,64,200,2,2,1,571.78
103,1,6,56,3,64,200,1,1,1,567.52
103,1,6,57,4,64,200,1,1,1,369.15
103,1,6,58,6,64,200,2,2,1,609.42
103,1,6,59,2,64,200,1,1,1,845.12
103,1,6,60,12,64,200,2,2,1,810.04
103,1,6,61,3,64,200,1,1,1,888.44
103,1,6,62,13,64,200,2,2,1,357.71
103,1,6,63,8,64,200,2,2,1,573.92
103,1,6,64,9,64,200,2,2,1,571.29
103,1,6,65,4,64,200,1,1,1,736.54
103,1,6,66,3,64,200,1,1,1,718.52
103,1,6,67,12,64,200,2,2,1,444.32
103,1,6,68,4,64,200,1,1,1,447.78
103,1,6,69,11,64,200,2,2,1,553.43
103,1,6,70,11,64,200,2,2,1,450.56
103,1,6,71,2,64,200,1,1,1,506.64
103,1,6,72,6,64,200,2,2,1,671.15
103,1,6,73,9,64,200,2,2,1,803.88
103,1,6,74,1,64,200,1,1,1,958.36
103,1,6,75,10,64,200,2,2,1,380.46
103,1,6,76,2,64,200,1,1,1,480.37
103,1,6,77,8,64,200,2,2,1,642.93
103,1,6,78,10,64,200,2,2,1,405.23
103,1,6,79,11,64,200,2,2,1,381.67
103,1,6,80,7,64,200,2,2,1,1519.1
103,1,6,81,5,64,200,2,2,1,879.84
103,1,6,82,3,64,200,1,1,1,1080.2
103,1,6,83,4,64,200,2,1,0,947.86
103,1,6,84,5,64,200,2,2,1,641.94
103,1,6,85,2,64,200,1,1,1,640.93
103,1,6,86,3,64,200,1,1,1,1391.7
103,1,6,87,4,64,200,1,1,1,795.16
103,1,6,88,9,64,200,2,2,1,558.94
103,1,6,89,8,64,200,2,2,1,647.08
103,1,6,90,9,64,200,2,2,1,519.42
103,1,6,91,1,64,200,1,1,1,497.15
103,1,6,92,12,64,200,2,2,1,523.53
103,1,6,93,2,64,200,1,1,1,458.73
103,1,6,94,5,64,200,2,2,1,710.55
103,1,6,95,11,64,200,2,2,1,502.08
103,1,6,96,1,64,200,1,1,1,595.77
103,1,6,97,1,64,200,1,1,1,386.23
103,1,6,98,3,64,200,1,1,1,407.23
103,1,6,99,1,64,200,1,1,1,487.28
103,1,6,100,2,64,200,1,1,1,301.85
103,1,6,101,13,64,200,2,2,1,446.91
103,1,6,102,10,64,200,2,2,1,393.43
103,1,6,1,3,64,200,2,1,0,716.74
103,1,6,2,3,64,200,1,1,1,730.43
103,1,6,3,11,64,200,2,2,1,437.83
103,1,6,4,9,64,200,2,2,1,435.71
103,1,6,5,8,64,200,2,2,1,588.32
103,1,6,6,12,64,200,2,2,1,435.4
103,1,6,7,13,64,200,2,2,1,355.1
103,1,6,8,7,64,200,2,2,1,731.56
103,1,6,9,8,64,200,2,2,1,455.03
103,1,6,10,10,64,200,2,2,1,369.44
103,1,6,11,3,64,200,1,1,1,692.97
103,1,6,12,11,64,200,2,2,1,418.2
103,1,6,13,5,64,200,2,2,1,752.99
103,1,6,14,7,64,200,2,2,1,470.89
103,1,6,15,7,64,200,2,2,1,958.22
103,1,6,16,3,64,200,1,1,1,946.03
103,1,6,17,13,64,200,2,2,1,407.87
103,1,6,18,7,64,200,2,2,1,802.02
103,1,6,19,2,64,200,1,1,1,640.5
103,1,6,20,3,64,200,1,1,1,667.44
103,1,6,21,9,64,200,2,2,1,451.63
103,1,6,22,5,64,200,2,2,1,616.5
103,1,6,23,6,64,200,2,2,1,527.26
103,1,6,24,2,64,200,1,1,1,669.08
103,1,6,25,3,64,200,1,1,1,406.32
103,1,6,26,3,64,200,1,1,1,398.17
103,1,6,27,2,64,200,1,1,1,392.42
103,1,6,28,9,64,200,2,2,1,513.52
103,1,6,29,11,64,200,2,2,1,442.6
103,1,6,30,11,64,200,2,2,1,583.57
103,1,6,31,2,64,200,1,1,1,623.65
103,1,6,32,13,64,200,2,2,1,466.18
103,1,6,33,1,64,200,1,1,1,505.84
103,1,6,34,8,64,200,2,2,1,528.39
103,1,6,35,5,64,200,2,2,1,1125.2
103,1,6,36,1,64,200,1,1,1,512.95
103,1,6,37,1,64,200,1,1,1,542.97
103,1,6,38,4,64,200,1,1,1,532.4
103,1,6,39,8,64,200,2,2,1,481.61
103,1,6,40,12,64,200,2,2,1,410.75
103,1,6,41,12,64,200,2,2,1,412.7
103,1,6,42,4,64,200,2,1,0,651.16
103,1,6,43,6,64,200,2,2,1,610.4
103,1,6,44,7,64,200,1,2,0,1507.3
103,1,6,45,2,64,200,1,1,1,858.25
103,1,6,46,13,64,200,2,2,1,467.7
103,1,6,47,1,64,200,1,1,1,523.23
103,1,6,48,4,64,200,1,1,1,514.32
103,1,6,49,2,64,200,1,1,1,391.59
103,1,6,50,9,64,200,2,2,1,493.54
103,1,6,51,8,64,200,2,2,1,686.52
103,1,6,52,10,64,200,2,2,1,493.16
103,1,6,53,2,64,200,1,1,1,496.32
103,1,6,54,1,64,200,1,1,1,515.64
103,1,6,55,4,64,200,1,1,1,565.31
103,1,6,56,10,64,200,2,2,1,679.6
103,1,6,57,3,64,200,1,1,1,864.02
103,1,6,58,5,64,200,2,2,1,709.57
103,1,6,59,1,64,200,1,1,1,582.03
103,1,6,60,4,64,200,1,1,1,908.03
103,1,6,61,1,64,200,1,1,1,420.07
103,1,6,62,5,64,200,2,2,1,738
103,1,6,63,13,64,200,2,2,1,455.42
103,1,6,64,11,64,200,2,2,1,890.94
103,1,6,65,1,64,200,1,1,1,736.22
103,1,6,66,4,64,200,1,1,1,646.7
103,1,6,67,6,64,200,2,2,1,1093.3
103,1,6,68,4,64,200,1,1,1,757.24
103,1,6,69,6,64,200,2,2,1,570.26
103,1,6,70,6,64,200,2,2,1,651.17
103,1,6,71,3,64,200,1,1,1,647.5
103,1,6,72,1,64,200,1,1,1,493.21
103,1,6,73,10,64,200,2,2,1,778.34
103,1,6,74,3,64,200,1,1,1,587.69
103,1,6,75,2,64,200,1,1,1,548.18
103,1,6,76,2,64,200,1,1,1,513.55
103,1,6,77,4,64,200,1,1,1,517.77
103,1,6,78,10,64,200,2,2,1,709.93
103,1,6,79,2,64,200,1,1,1,425.96
103,1,6,80,4,64,200,1,1,1,667.72
103,1,6,81,12,64,200,2,2,1,433
103,1,6,82,9,64,200,2,2,1,590.88
103,1,6,83,4,64,200,1,1,1,781.65
103,1,6,84,12,64,200,2,2,1,748.65
103,1,6,85,1,64,200,1,1,1,543.34
103,1,6,1,10,64,200,2,2,1,382.84
103,1,6,2,7,64,200,1,2,0,1442.2
103,1,6,3,3,64,200,1,1,1,605.71
103,1,6,4,1,64,200,1,1,1,464.32
103,1,6,5,5,64,200,2,2,1,591.16
103,1,6,6,11,64,200,2,2,1,409.59
103,1,6,7,5,64,200,2,2,1,617.01
103,1,6,8,11,64,200,2,2,1,420.28
103,1,6,9,13,64,200,2,2,1,843.41
103,1,6,10,11,64,200,2,2,1,432.3
103,1,6,11,9,64,200,2,2,1,421.15
103,1,6,12,5,64,200,2,2,1,619.9
103,1,6,13,10,64,200,2,2,1,451.34
103,1,6,14,3,64,200,1,1,1,739.87
103,1,6,15,8,64,200,2,2,1,491.88
103,1,6,16,5,64,200,2,2,1,672.88
103,1,6,17,2,64,200,2,1,0,447.87
103,1,6,18,8,64,200,2,2,1,508.19
103,1,6,19,4,64,200,1,1,1,2044.9
103,1,6,20,6,64,200,2,2,1,901.34
103,1,6,21,3,64,200,1,1,1,770.72
103,1,6,22,4,64,200,1,1,1,617.34
103,1,6,23,7,64,200,2,2,1,1317.4
103,1,6,24,3,64,200,1,1,1,689.75
103,1,6,25,7,64,200,1,2,0,841.38
103,1,6,26,7,64,200,2,2,1,765.7
103,1,6,27,1,64,200,1,1,1,449.43
103,1,6,28,1,64,200,1,1,1,497.99
103,1,6,29,1,64,200,1,1,1,409.04
103,1,6,30,10,64,200,2,2,1,562.88
103,1,6,31,2,64,200,1,1,1,610.89
103,1,6,32,4,64,200,1,1,1,496.29
103,1,6,33,11,64,200,2,2,1,1364.6
103,1,6,34,13,64,200,2,2,1,847.96
103,1,6,35,12,64,200,2,2,1,417.78
103,1,6,36,6,64,200,2,2,1,1189.8
103,1,6,37,3,64,200,1,1,1,1019.9
103,1,6,38,4,64,200,1,1,1,587.58
103,1,6,39,2,64,200,1,1,1,490.32
103,1,6,40,3,64,200,1,1,1,468.72
103,1,6,41,1,64,200,1,1,1,432.18
103,1,6,42,1,64,200,1,1,1,377.7
103,1,6,43,2,64,200,1,1,1,355.74
103,1,6,44,4,64,200,1,1,1,377.97
103,1,6,45,9,64,200,2,2,1,566.95
103,1,6,46,8,64,200,2,2,1,1328.4
103,1,6,47,12,64,200,2,2,1,459.54
103,1,6,48,10,64,200,2,2,1,482.02
103,1,6,49,3,64,200,1,1,1,778.57
103,1,6,50,6,64,200,2,2,1,543.52
103,1,6,51,9,64,200,2,2,1,547.21
103,1,6,52,13,64,200,2,2,1,423.94
103,1,6,53,4,64,200,1,1,1,691.56
103,1,6,54,2,64,200,1,1,1,559.39
103,1,6,55,9,64,200,2,2,1,621.19
103,1,6,56,11,64,200,2,2,1,463.26
103,1,6,57,9,64,200,2,2,1,506.56
103,1,6,58,12,64,200,2,2,1,392.16
103,1,6,59,2,64,200,1,1,1,595.91
103,1,6,60,5,64,200,2,2,1,1572.5
103,1,6,61,2,64,200,1,1,1,649.57
103,1,6,62,10,64,200,2,2,1,457.06
103,1,6,63,8,64,200,2,2,1,534.26
103,1,6,64,1,64,200,1,1,1,1100
103,1,6,65,4,64,200,1,1,1,521.79
103,1,6,66,3,64,200,1,1,1,512.17
103,1,6,67,6,64,200,2,2,1,1297.3
103,1,6,68,1,64,200,1,1,1,526.48
103,1,6,69,8,64,200,2,2,1,728.43
103,1,6,70,2,64,200,1,1,1,553.96
103,1,6,71,2,64,200,1,1,1,410.5
103,1,6,72,12,64,200,2,2,1,403.76
103,1,6,73,1,64,200,1,1,1,489.47
103,1,6,74,6,64,200,2,2,1,531.24
103,1,6,75,2,64,200,1,1,1,574.3
103,1,6,76,7,64,200,2,2,1,730.58
103,1,6,77,3,64,200,1,1,1,480.74
103,1,6,78,4,64,200,1,1,1,665.08
103,1,6,79,3,64,200,1,1,1,547.37
103,1,6,80,4,64,200,1,1,1,470.08
103,1,6,81,12,64,200,2,2,1,477.37
103,1,6,82,1,64,200,1,1,1,432.86
103,1,6,83,4,64,200,1,1,1,478
103,1,6,84,13,64,200,2,2,1,567.62
103,1,6,85,13,64,200,2,2,1,513.19
103,1,6,1,1,64,200,1,1,1,790.54
103,1,6,2,4,64,200,1,1,1,1398.4
103,1,6,3,6,64,200,2,2,1,966.3
103,1,6,4,3,64,200,1,1,1,534.11
103,1,6,5,2,64,200,1,1,1,671.34
103,1,6,6,2,64,200,1,1,1,417.28
103,1,6,7,4,64,200,1,1,1,437.33
103,1,6,8,3,64,200,1,1,1,470.15
103,1,6,9,6,64,200,2,2,1,671.25
103,1,6,10,5,64,200,2,2,1,916.35
103,1,6,11,1,64,200,1,1,1,440.61
103,1,6,12,3,64,200,1,1,1,461.66
103,1,6,13,7,64,200,1,2,0,692.26
103,1,6,14,3,64,200,1,1,1,492.6
103,1,6,15,3,64,200,1,1,1,413.42
103,1,6,16,4,64,200,1,1,1,1280.9
103,1,6,17,8,64,200,1,2,0,1265.2
103,1,6,18,1,64,200,1,1,1,626.54
103,1,6,19,4,64,200,2,1,0,756.79
103,1,6,20,4,64,200,1,1,1,483.5
103,1,6,21,5,64,200,2,2,1,529.33
103,1,6,22,8,64,200,2,2,1,825.5
103,1,6,23,5,64,200,2,2,1,562.14
103,1,6,24,3,64,200,1,1,1,557.8
103,1,6,25,10,64,200,2,2,1,464.25
103,1,6,26,9,64,200,2,2,1,679.12
103,1,6,27,13,64,200,2,2,1,788.9
103,1,6,28,4,64,200,1,1,1,552.53
103,1,6,29,9,64,200,2,2,1,647.49
103,1,6,30,4,64,200,1,1,1,740.07
103,1,6,31,5,64,200,2,2,1,1212.2
103,1,6,32,11,64,200,2,2,1,444.55
103,1,6,33,9,64,200,2,2,1,515.52
103,1,6,34,2,64,200,1,1,1,953.34
103,1,6,35,3,64,200,1,1,1,434.56
103,1,6,36,11,64,200,2,2,1,449.82
103,1,6,37,11,64,200,2,2,1,533.99
103,1,6,38,2,64,200,1,1,1,1130.6
103,1,6,39,8,64,200,1,2,0,1511.4
103,1,6,40,2,64,200,1,1,1,651.12
103,1,6,41,12,64,200,2,2,1,524.98
103,1,6,42,6,64,200,2,2,1,783.4
103,1,6,43,11,64,200,2,2,1,486.96
103,1,6,44,13,64,200,2,2,1,445.17
103,1,6,45,7,64,200,1,2,0,882.1
103,1,6,46,6,64,200,2,2,1,584.73
103,1,6,47,2,64,200,1,1,1,591.76
103,1,6,48,3,64,200,1,1,1,484.36
103,1,6,49,10,64,200,2,2,1,465.54
103,1,6,50,10,64,200,2,2,1,772.07
103,1,6,51,4,64,200,1,1,1,659.32
103,1,6,52,7,64,200,2,2,1,1031
103,1,6,53,13,64,200,2,2,1,454.97
103,1,6,54,1,64,200,1,1,1,684.13
103,1,6,55,4,64,200,1,1,1,1137.3
103,1,6,56,2,64,200,1,1,1,559.11
103,1,6,57,11,64,200,2,2,1,542.77
103,1,6,58,1,64,200,1,1,1,598.21
103,1,6,59,2,64,200,1,1,1,629.92
103,1,6,60,8,64,200,2,2,1,969.05
103,1,6,61,2,64,200,1,1,1,657.76
103,1,6,62,7,64,200,2,2,1,630.51
103,1,6,63,4,64,200,1,1,1,644.34
103,1,6,64,1,64,200,1,1,1,630.87
103,1,6,65,13,64,200,2,2,1,1005.9
103,1,6,66,3,64,200,1,1,1,485.85
103,1,6,67,12,64,200,2,2,1,476.75
103,1,6,68,10,64,200,2,2,1,483.8
103,1,6,69,10,64,200,2,2,1,441.79
103,1,6,70,5,64,200,2,2,1,1049.5
103,1,6,71,1,64,200,1,1,1,697.35
103,1,6,72,8,64,200,2,2,1,797.79
103,1,6,73,13,64,200,2,2,1,405.21
103,1,6,74,1,64,200,1,1,1,455.5
103,1,6,75,2,64,200,1,1,1,398.55
103,1,6,76,12,64,200,2,2,1,451.39
103,1,6,77,12,64,200,2,2,1,773.85
103,1,6,78,1,64,200,1,1,1,427.42
103,1,6,79,6,64,200,2,2,1,1479.7
103,1,6,80,1,64,200,1,1,1,474.33
103,1,6,81,9,64,200,2,2,1,495.01
103,1,6,82,3,64,200,1,1,1,602.09
103,1,6,83,12,64,200,2,2,1,493.2
103,1,6,84,7,64,200,2,2,1,1181.5
103,1,6,85,9,64,200,2,2,1,511.61
103,1,6,1,13,64,200,2,2,1,288.38
103,1,6,2,5,64,200,2,2,1,935.58
103,1,6,3,9,64,200,2,2,1,499.24
103,1,6,4,2,64,200,1,1,1,560.91
103,1,6,5,1,64,200,1,1,1,720.98
103,1,6,6,5,64,200,2,2,1,709.79
103,1,6,7,7,64,200,2,2,1,1182.9
103,1,6,8,8,64,200,2,2,1,655.37
103,1,6,9,2,64,200,1,1,1,1322.9
103,1,6,10,7,64,200,2,2,1,565.2
103,1,6,11,8,64,200,2,2,1,615.98
103,1,6,12,7,64,200,2,2,1,1076.7
103,1,6,13,12,64,200,2,2,1,463.97
103,1,6,14,6,64,200,2,2,1,609.64
103,1,6,15,8,64,200,2,2,1,629.38
103,1,6,16,10,64,200,2,2,1,398.28
103,1,6,17,4,64,200,1,1,1,1247.4
103,1,6,18,9,64,200,2,2,1,481.39
103,1,6,19,1,64,200,1,1,1,601.11
103,1,6,20,1,64,200,1,1,1,546.2
103,1,6,21,4,64,200,1,1,1,431.21
103,1,6,22,3,64,200,1,1,1,354.59
103,1,6,23,3,64,200,1,1,1,341.44
103,1,6,24,10,64,200,2,2,1,619.61
103,1,6,25,9,64,200,2,2,1,1079.3
103,1,6,26,1,64,200,1,1,1,421.02
103,1,6,27,13,64,200,2,2,1,413.18
103,1,6,28,3,64,200,1,1,1,500.01
103,1,6,29,11,64,200,2,2,1,472.71
103,1,6,30,12,64,200,2,2,1,480.22
103,1,6,31,11,64,200,2,2,1,441.89
103,1,6,32,3,64,200,1,1,1,489.46
103,1,6,33,4,64,200,1,1,1,468.41
103,1,6,34,4,64,200,1,1,1,364.25
103,1,6,35,6,64,200,2,2,1,672.35
103,1,6,36,2,64,200,1,1,1,499.47
103,1,6,37,12,64,200,2,2,1,405.2
103,1,6,38,5,64,200,2,2,1,692.92
103,1,6,39,5,64,200,2,2,1,887.99
103,1,6,40,11,64,200,2,2,1,445.63
103,1,6,41,2,64,200,1,1,1,487.9
103,1,6,42,1,64,200,1,1,1,683.1
103,1,6,43,3,64,200,1,1,1,832.31
103,1,6,44,12,64,200,2,2,1,468
103,1,6,45,11,64,200,2,2,1,414.4
103,1,6,46,10,64,200,2,2,1,358.07
103,1,6,47,1,64,200,1,1,1,551.05
103,1,6,48,13,64,200,2,2,1,432.25
103,1,6,49,3,64,200,1,1,1,677.7
103,1,6,50,2,64,200,1,1,1,625.6
103,1,6,51,8,64,200,2,2,1,635.46
103,1,6,52,5,64,200,2,2,1,538.84
103,1,6,53,2,64,200,1,1,1,504.22
103,1,6,54,7,64,200,2,2,1,1210.2
103,1,6,55,1,64,200,1,1,1,979.7
103,1,6,56,9,64,200,2,2,1,455.61
103,1,6,57,1,64,200,1,1,1,505.04
103,1,6,58,2,64,200,1,1,1,644.21
103,1,6,59,4,64,200,1,1,1,528.6
103,1,6,60,9,64,200,2,2,1,543.65
103,1,6,61,6,64,200,2,2,1,639.73
103,1,6,62,10,64,200,2,2,1,545.66
103,1,6,63,12,64,200,2,2,1,417.2
103,1,6,64,8,64,200,1,2,0,1377.6
103,1,6,65,6,64,200,2,2,1,542.86
103,1,6,66,4,64,200,1,1,1,735.93
103,1,6,67,4,64,200,1,1,1,1040.2
103,1,6,68,3,64,200,1,1,1,627.73
103,1,6,69,1,64,200,1,1,1,586.59
103,1,6,70,13,64,200,2,2,1,949.77
103,1,6,71,6,64,200,2,2,1,1031.9
103,1,6,72,2,64,200,1,1,1,439.69
103,1,6,73,4,64,200,1,1,1,434.86
103,1,6,74,3,64,200,1,1,1,625.74
103,1,6,75,2,64,200,1,1,1,449.22
103,1,6,76,3,64,200,1,1,1,385.37
103,1,6,77,7,64,200,2,2,1,578.31
103,1,6,78,11,64,200,2,2,1,466.1
103,1,6,79,13,64,200,2,2,1,356.4
103,1,6,80,10,64,200,2,2,1,306.82
103,1,6,81,1,64,200,1,1,1,758.25
103,1,6,82,3,64,200,1,1,1,441.8
103,1,6,83,4,64,200,2,1,0,684.4
103,1,6,84,2,64,200,1,1,1,392.68
103,1,6,85,4,64,200,1,1,1,489.87
103,1,6,1,9,64,200,2,2,1,591.81
103,1,6,2,4,64,200,1,1,1,632.09
103,1,6,3,8,64,200,1,2,0,837.92
103,1,6,4,2,64,200,1,1,1,534.66
103,1,6,5,13,64,200,2,2,1,580.16
103,1,6,6,2,64,200,1,1,1,522.93
103,1,6,7,6,64,200,2,2,1,523.52
103,1,6,8,2,64,200,1,1,1,477.45
103,1,6,9,5,64,200,2,2,1,966.81
103,1,6,10,10,64,200,2,2,1,431.79
103,1,6,11,3,64,200,1,1,1,462.97
103,1,6,12,2,64,200,1,1,1,560.18
103,1,6,13,6,64,200,2,2,1,586.11
103,1,6,14,12,64,200,2,2,1,474.06
103,1,6,15,10,64,200,2,2,1,394.16
103,1,6,16,2,64,200,1,1,1,602.71
103,1,6,17,1,64,200,1,1,1,403.13
103,1,6,18,7,64,200,2,2,1,684.25
103,1,6,19,1,64,200,1,1,1,431.94
103,1,6,20,12,64,200,2,2,1,592.37
103,1,6,21,1,64,200,1,1,1,466.19
103,1,6,22,12,64,200,2,2,1,502.8
103,1,6,23,6,64,200,2,2,1,802.07
103,1,6,24,12,64,200,2,2,1,434.08
103,1,6,25,5,64,200,2,2,1,497.36
103,1,6,26,11,64,200,2,2,1,545.67
103,1,6,27,13,64,200,2,2,1,368.5
103,1,6,28,2,64,200,1,1,1,996.17
103,1,6,29,13,64,200,2,2,1,497.92
103,1,6,30,1,64,200,1,1,1,432.31
103,1,6,31,1,64,200,1,1,1,402.21
103,1,6,32,7,64,200,2,2,1,1157
103,1,6,33,3,64,200,1,1,1,481.95
103,1,6,34,7,64,200,2,2,1,703.32
103,1,6,35,1,64,200,1,1,1,534.32
103,1,6,36,3,64,200,2,1,0,844.64
103,1,6,37,4,64,200,1,1,1,483.43
103,1,6,38,4,64,200,1,1,1,641.91
103,1,6,39,1,64,200,1,1,1,428.76
103,1,6,40,13,64,200,2,2,1,441.49
103,1,6,41,3,64,200,1,1,1,418.71
103,1,6,42,8,64,200,2,2,1,667.62
103,1,6,43,5,64,200,2,2,1,657.93
103,1,6,44,2,64,200,1,1,1,516.51
103,1,6,45,6,64,200,2,2,1,690.68
103,1,6,46,3,64,200,1,1,1,718.92
103,1,6,47,6,64,200,2,2,1,638.41
103,1,6,48,8,64,200,2,2,1,772.7
103,1,6,49,5,64,200,2,2,1,535.53
103,1,6,50,2,64,200,1,1,1,614.98
103,1,6,51,1,64,200,1,1,1,411.45
103,1,6,52,10,64,200,2,2,1,453.17
103,1,6,53,11,64,200,2,2,1,418.43
103,1,6,54,11,64,200,2,2,1,463.53
103,1,6,55,4,64,200,1,1,1,508.43
103,1,6,56,8,64,200,1,2,0,1322.4
103,1,6,57,9,64,200,2,2,1,497.58
103,1,6,58,4,64,200,1,1,1,639.4
103,1,6,59,7,64,200,2,2,1,610.33
103,1,6,60,2,64,200,1,1,1,562.33
103,1,6,61,5,64,200,2,2,1,856.69
103,1,6,62,4,64,200,1,1,1,1054.6
103,1,6,63,7,64,200,1,2,0,1334.6
103,1,6,64,3,64,200,1,1,1,609.26
103,1,6,65,3,64,200,1,1,1,546.84
103,1,6,66,9,64,200,2,2,1,569.71
103,1,6,67,3,64,200,1,1,1,546.44
103,1,6,68,2,64,200,1,1,1,595.84
103,1,6,69,10,64,200,2,2,1,452.15
103,1,6,70,8,64,200,2,2,1,788.16
103,1,6,71,1,64,200,1,1,1,640.41
103,1,6,72,13,64,200,2,2,1,450.96
103,1,6,73,12,64,200,2,2,1,463.33
103,1,6,74,11,64,200,2,2,1,430.1
103,1,6,75,10,64,200,2,2,1,513.18
103,1,6,76,4,64,200,1,1,1,777.34
103,1,6,77,4,64,200,1,1,1,542.16
103,1,6,78,4,64,200,1,1,1,476.3
103,1,6,79,3,64,200,1,1,1,549.83
103,1,6,80,1,64,200,1,1,1,413.19
103,1,6,81,3,64,200,1,1,1,376.12
103,1,6,82,9,64,200,2,2,1,550.11
103,1,6,83,9,64,200,2,2,1,494.68
103,1,6,84,4,64,200,1,1,1,573.07
103,1,6,85,11,64,200,2,2,1,503.87
103,1,6,1,12,64,200,2,2,1,440.96
103,1,6,2,3,64,200,1,1,1,462.39
103,1,6,3,1,64,200,1,1,1,614.93
103,1,6,4,4,64,200,1,1,1,559.28
103,1,6,5,11,64,200,2,2,1,601.52
103,1,6,6,2,64,200,1,1,1,541.45
103,1,6,7,4,64,200,2,1,0,956.65
103,1,6,8,3,64,200,1,1,1,539.75
103,1,6,9,13,64,200,2,2,1,438.69
103,1,6,10,11,64,200,2,2,1,435.58
103,1,6,11,10,64,200,2,2,1,410.03
103,1,6,12,1,64,200,1,1,1,421.43
103,1,6,13,1,64,200,1,1,1,467.62
103,1,6,14,8,64,200,2,2,1,526.94
103,1,6,15,7,64,200,2,2,1,504.38
103,1,6,16,3,64,200,1,1,1,486.05
103,1,6,17,8,64,200,2,2,1,544.28
103,1,6,18,5,64,200,2,2,1,585.45
103,1,6,19,13,64,200,2,2,1,618.79
103,1,6,20,4,64,200,1,1,1,525.06
103,1,6,21,2,64,200,1,1,1,1127.5
103,1,6,22,3,64,200,1,1,1,543.72
103,1,6,23,4,64,200,1,1,1,780.12
103,1,6,24,4,64,200,1,1,1,802.22
103,1,6,25,9,64,200,2,2,1,589.52
103,1,6,26,11,64,200,2,2,1,479.26
103,1,6,27,1,64,200,1,1,1,594.48
103,1,6,28,3,64,200,1,1,1,787.64
103,1,6,29,7,64,200,2,2,1,1381.2
103,1,6,30,2,64,200,1,1,1,515.36
103,1,6,31,11,64,200,2,2,1,889.14
103,1,6,32,1,64,200,1,1,1,613.12
103,1,6,33,4,64,200,1,1,1,521.99
103,1,6,34,8,64,200,2,2,1,589.98
103,1,6,35,8,64,200,2,2,1,846.4
103,1,6,36,2,64,200,1,1,1,615.77
103,1,6,37,6,64,200,2,2,1,618.49
103,1,6,38,3,64,200,1,1,1,514.95
103,1,6,39,8,64,200,1,2,0,1122.5
103,1,6,40,12,64,200,2,2,1,566.91
103,1,6,41,9,64,200,2,2,1,574.49
103,1,6,42,11,64,200,2,2,1,1018.6
103,1,6,43,2,64,200,1,1,1,1036.7
103,1,6,44,1,64,200,1,1,1,526.01
103,1,6,45,1,64,200,1,1,1,610
103,1,6,46,12,64,200,2,2,1,412.82
103,1,6,47,6,64,200,2,2,1,625.36
103,1,6,48,9,64,200,2,2,1,523.47
103,1,6,49,6,64,200,2,2,1,963.52
103,1,6,50,5,64,200,2,2,1,541.01
103,1,6,51,13,64,200,2,2,1,458.27
103,1,6,52,5,64,200,2,2,1,883.04
103,1,6,53,3,64,200,1,1,1,535.28
103,1,6,54,1,64,200,1,1,1,711.97
103,1,6,55,1,64,200,1,1,1,536.71
103,1,6,56,6,64,200,2,2,1,529.95
103,1,6,57,10,64,200,2,2,1,564.01
103,1,6,58,4,64,200,1,1,1,487.57
103,1,6,59,6,64,200,2,2,1,591.79
103,1,6,60,4,64,200,1,1,1,567.58
103,1,6,61,4,64,200,1,1,1,587.83
103,1,6,62,10,64,200,2,2,1,412.38
103,1,6,63,12,64,200,2,2,1,453.69
103,1,6,64,2,64,200,1,1,1,601.69
103,1,6,65,3,64,200,1,1,1,611.54
103,1,6,66,3,64,200,1,1,1,531.61
103,1,6,67,1,64,200,1,1,1,484.54
103,1,6,68,7,64,200,2,2,1,795.61
103,1,6,69,2,64,200,1,1,1,498.82
103,1,6,70,5,64,200,2,2,1,657.16
103,1,6,71,10,64,200,2,2,1,480.71
103,1,6,72,13,64,200,2,2,1,581.53
103,1,6,73,13,64,200,2,2,1,506.88
103,1,6,74,3,64,200,1,1,1,539.37
103,1,6,75,2,64,200,1,1,1,707.36
103,1,6,76,4,64,200,1,1,1,765.59
103,1,6,77,9,64,200,2,2,1,593.29
103,1,6,78,10,64,200,2,2,1,449.23
103,1,6,79,2,64,200,1,1,1,739.18
103,1,6,80,12,64,200,2,2,1,486.02
103,1,6,81,2,64,200,2,1,0,1386.8
103,1,6,82,7,64,200,2,2,1,753.78
103,1,6,83,5,64,200,2,2,1,534.97
103,1,6,84,9,64,200,2,2,1,518.99
103,1,6,85,7,64,200,2,2,1,640.36
103,1,6,1,4,64,200,1,1,1,991.87
103,1,6,2,8,64,200,2,2,1,511.8
103,1,6,3,7,64,200,2,2,1,1662.5
103,1,6,4,2,64,200,1,1,1,546.04
103,1,6,5,11,64,200,2,2,1,411.32
103,1,6,6,4,64,200,1,1,1,547.5
103,1,6,7,8,64,200,2,2,1,629.89
103,1,6,8,3,64,200,1,1,1,510.31
103,1,6,9,8,64,200,2,2,1,454.56
103,1,6,10,1,64,200,1,1,1,702.66
103,1,6,11,7,64,200,2,2,1,481.37
103,1,6,12,13,64,200,2,2,1,521.37
103,1,6,13,10,64,200,2,2,1,397.51
103,1,6,14,13,64,200,2,2,1,446.77
103,1,6,15,6,64,200,2,2,1,492.35
103,1,6,16,2,64,200,1,1,1,685.12
103,1,6,17,11,64,200,2,2,1,403.68
103,1,6,18,4,64,200,1,1,1,461.11
103,1,6,19,12,64,200,2,2,1,425.78
103,1,6,20,7,64,200,2,2,1,1374.3
103,1,6,21,2,64,200,1,1,1,544.97
103,1,6,22,6,64,200,2,2,1,509.35
103,1,6,23,6,64,200,2,2,1,486.47
103,1,6,24,12,64,200,2,2,1,515.47
103,1,6,25,9,64,200,2,2,1,500.16
103,1,6,26,10,64,200,2,2,1,481.81
103,1,6,27,10,64,200,2,2,1,495.66
103,1,6,28,9,64,200,2,2,1,435.22
103,1,6,29,8,64,200,2,2,1,634.1
103,1,6,30,11,64,200,2,2,1,431.85
103,1,6,31,13,64,200,2,2,1,387.31
103,1,6,32,2,64,200,1,1,1,557.58
103,1,6,33,8,64,200,2,2,1,497.68
103,1,6,34,11,64,200,2,2,1,416.79
103,1,6,35,1,64,200,1,1,1,550.32
103,1,6,36,4,64,200,1,1,1,568.57
103,1,6,37,10,64,200,2,2,1,484.03
103,1,6,38,5,64,200,2,2,1,490.5
103,1,6,39,9,64,200,2,2,1,650.91
103,1,6,40,1,64,200,1,1,1,511.76
103,1,6,41,1,64,200,1,1,1,427.3
103,1,6,42,1,64,200,1,1,1,650.7
103,1,6,43,4,64,200,2,1,0,590.24
103,1,6,44,1,64,200,1,1,1,463.8
103,1,6,45,5,64,200,2,2,1,500.24
103,1,6,46,3,64,200,1,1,1,555.94
103,1,6,47,3,64,200,1,1,1,512.55
103,1,6,48,4,64,200,1,1,1,517.81
103,1,6,49,2,64,200,1,1,1,460.79
103,1,6,50,2,64,200,1,1,1,416.12
103,1,6,51,9,64,200,2,2,1,469.71
103,1,6,52,7,64,200,2,2,1,544.37
103,1,6,53,4,64,200,1,1,1,1228.8
103,1,6,54,3,64,200,1,1,1,507.76
103,1,6,55,13,64,200,2,2,1,397.94
103,1,6,56,7,64,200,1,2,0,1278.3
103,1,6,57,6,64,200,2,2,1,576.04
103,1,6,58,3,64,200,1,1,1,538.34
103,1,6,59,2,64,200,1,1,1,527.06
103,1,6,60,9,64,200,2,2,1,572.47
103,1,6,61,4,64,200,1,1,1,519.08
103,1,6,62,6,64,200,2,2,1,717.58
103,1,6,63,12,64,200,2,2,1,618.62
103,1,6,64,10,64,200,2,2,1,468.83
103,1,6,65,13,64,200,2,2,1,426.04
103,1,6,66,3,64,200,1,1,1,763.22
103,1,6,67,2,64,200,1,1,1,523.46
103,1,6,68,1,64,200,1,1,1,493.47
103,1,6,69,3,64,200,1,1,1,435.89
103,1,6,70,1,64,200,1,1,1,438.54
103,1,6,71,4,64,200,1,1,1,501.57
103,1,6,72,2,64,200,1,1,1,426.17
103,1,6,73,2,64,200,1,1,1,475.81
103,1,6,74,11,64,200,2,2,1,539.03
103,1,6,75,5,64,200,2,2,1,759.42
103,1,6,76,4,64,200,2,1,0,944.08
103,1,6,77,3,64,200,1,1,1,479.68
103,1,6,78,12,64,200,2,2,1,422.33
103,1,6,79,5,64,200,2,2,1,477.63
103,1,6,80,5,64,200,2,2,1,479.81
103,1,6,81,12,64,200,2,2,1,874.51
103,1,6,82,3,64,200,2,1,0,1195.1
103,1,6,83,3,64,200,1,1,1,692.64
103,1,6,84,1,64,200,1,1,1,497.74
103,1,6,85,1,64,200,1,1,1,377.03
103,1,6,1,7,64,200,2,2,1,541.82
103,1,6,2,13,64,200,2,2,1,472.27
103,1,6,3,10,64,200,2,2,1,393.98
103,1,6,4,4,64,200,1,1,1,944.56
103,1,6,5,11,64,200,2,2,1,431.75
103,1,6,6,6,64,200,2,2,1,531.4
103,1,6,7,1,64,200,1,1,1,559.03
103,1,6,8,6,64,200,2,2,1,471.06
103,1,6,9,13,64,200,2,2,1,382.55
103,1,6,10,11,64,200,2,2,1,376.51
103,1,6,11,8,64,200,2,2,1,1065.1
103,1,6,12,1,64,200,1,1,1,619.86
103,1,6,13,2,64,200,1,1,1,482.16
103,1,6,14,3,64,200,1,1,1,405.87
103,1,6,15,2,64,200,1,1,1,547.83
103,1,6,16,10,64,200,2,2,1,450.68
103,1,6,17,3,64,200,1,1,1,637.56
103,1,6,18,6,64,200,2,2,1,495.91
103,1,6,19,4,64,200,1,1,1,463.55
103,1,6,20,2,64,200,1,1,1,412.29
103,1,6,21,8,64,200,1,2,0,551.71
103,1,6,22,4,64,200,1,1,1,577.11
103,1,6,23,7,64,200,2,2,1,514.17
103,1,6,24,12,64,200,2,2,1,497.21
103,1,6,25,7,64,200,2,2,1,1100
103,1,6,26,2,64,200,1,1,1,986.59
103,1,6,27,11,64,200,2,2,1,433.53
103,1,6,28,2,64,200,1,1,1,550.32
103,1,6,29,10,64,200,2,2,1,412.98
103,1,6,30,5,64,200,2,2,1,595.67
103,1,6,31,8,64,200,2,2,1,516.4
103,1,6,32,4,64,200,1,1,1,885.17
103,1,6,33,2,64,200,1,1,1,446.21
103,1,6,34,8,64,200,2,2,1,530.01
103,1,6,35,4,64,200,1,1,1,566.61
103,1,6,36,10,64,200,2,2,1,420.66
103,1,6,37,9,64,200,2,2,1,613.42
103,1,6,38,1,64,200,1,1,1,811.95
103,1,6,39,2,64,200,1,1,1,549.32
103,1,6,40,3,64,200,1,1,1,471.28
103,1,6,41,6,64,200,2,2,1,490.8
103,1,6,42,1,64,200,1,1,1,658.92
103,1,6,43,6,64,200,2,2,1,609.16
103,1,6,44,13,64,200,2,2,1,949.64
103,1,6,45,4,64,200,1,1,1,459.97
103,1,6,46,10,64,200,2,2,1,469.63
103,1,6,47,1,64,200,1,1,1,534.41
103,1,6,48,3,64,200,1,1,1,452.99
103,1,6,49,1,64,200,1,1,1,566.56
103,1,6,50,3,64,200,1,1,1,435.21
103,1,6,51,5,64,200,2,2,1,542.17
103,1,6,52,9,64,200,2,2,1,490.07
103,1,6,53,7,64,200,2,2,1,426.52
103,1,6,54,1,64,200,2,1,0,378.85
103,1,6,55,3,64,200,1,1,1,784.45
103,1,6,56,11,64,200,2,2,1,444.18
103,1,6,57,9,64,200,2,2,1,570.22
103,1,6,58,1,64,200,1,1,1,565.64
103,1,6,59,1,64,200,1,1,1,481.75
103,1,6,60,3,64,200,1,1,1,492.13
103,1,6,61,9,64,200,2,2,1,429.32
103,1,6,62,13,64,200,2,2,1,530.55
103,1,6,63,8,64,200,2,2,1,883.98
103,1,6,64,12,64,200,2,2,1,537.87
103,1,6,65,12,64,200,2,2,1,447.82
103,1,6,66,11,64,200,2,2,1,466.34
103,1,6,67,3,64,200,1,1,1,692.53
103,1,6,68,5,64,200,2,2,1,564.55
103,1,6,69,2,64,200,1,1,1,809.78
103,1,6,70,5,64,200,2,2,1,663.9
103,1,6,71,2,64,200,1,1,1,722.35
103,1,6,72,7,64,200,2,2,1,514.21
103,1,6,73,13,64,200,2,2,1,437.77
103,1,6,74,2,64,200,1,1,1,648.17
103,1,6,75,4,64,200,1,1,1,516.29
103,1,6,76,1,64,200,1,1,1,517.37
103,1,6,77,3,64,200,1,1,1,491.83
103,1,6,78,9,64,200,2,2,1,436.4
103,1,6,79,4,64,200,1,1,1,679.68
103,1,6,80,5,64,200,2,2,1,1330.5
103,1,6,81,3,64,200,1,1,1,598.78
103,1,6,82,12,64,200,2,2,1,922.56
103,1,6,83,4,64,200,1,1,1,559.78
103,1,6,84,12,64,200,2,2,1,508.66
103,1,6,85,4,64,200,1,1,1,490.71
103,1,6,1,11,64,200,2,2,1,386.12
103,1,6,2,8,64,200,2,2,1,591.55
103,1,6,3,4,64,200,1,1,1,505.08
103,1,6,4,1,64,200,1,1,1,636.83
103,1,6,5,1,64,200,1,1,1,434.78
103,1,6,6,2,64,200,1,1,1,501.22
103,1,6,7,10,64,200,2,2,1,1888.3
103,1,6,8,13,64,200,2,2,1,419.9
103,1,6,9,4,64,200,2,1,0,822.86
103,1,6,10,2,64,200,1,1,1,1335.4
103,1,6,11,1,64,200,1,1,1,525.77
103,1,6,12,3,64,200,1,1,1,435.62
103,1,6,13,3,64,200,1,1,1,400.07
103,1,6,14,1,64,200,1,1,1,364.31
103,1,6,15,10,64,200,2,2,1,551.15
103,1,6,16,1,64,200,1,1,1,915.97
103,1,6,17,2,64,200,1,1,1,389.47
103,1,6,18,13,64,200,2,2,1,409.52
103,1,6,19,4,64,200,1,1,1,365.44
103,1,6,20,9,64,200,2,2,1,557.38
103,1,6,21,8,64,200,2,2,1,1106.7
103,1,6,22,9,64,200,2,2,1,451.57
103,1,6,23,5,64,200,2,2,1,1093.6
103,1,6,24,6,64,200,2,2,1,492.5
103,1,6,25,12,64,200,2,2,1,476.04
103,1,6,26,12,64,200,2,2,1,471.77
103,1,6,27,8,64,200,2,2,1,1362.3
103,1,6,28,13,64,200,2,2,1,454.06
103,1,6,29,11,64,200,2,2,1,437.15
103,1,6,30,6,64,200,2,2,1,761.1
103,1,6,31,12,64,200,2,2,1,394.74
103,1,6,32,4,64,200,1,1,1,797.89
103,1,6,33,5,64,200,2,2,1,1131.4
103,1,6,34,7,64,200,2,2,1,935.04
103,1,6,35,7,64,200,2,2,1,639.39
103,1,6,36,6,64,200,2,2,1,721.95
103,1,6,37,1,64,200,1,1,1,1033.1
103,1,6,38,4,64,200,1,1,1,485.6
103,1,6,39,4,64,200,1,1,1,768.48
103,1,6,40,2,64,200,1,1,1,443.35
103,1,6,41,10,64,200,2,2,1,474.83
103,1,6,42,1,64,200,1,1,1,733.16
103,1,6,43,5,64,200,2,2,1,575.11
103,1,6,44,4,64,200,1,1,1,908.77
103,1,6,45,2,64,200,1,1,1,650.94
103,1,6,46,11,64,200,2,2,1,632.48
103,1,6,47,8,64,200,2,2,1,807.12
103,1,6,48,3,64,200,1,1,1,576.94
103,1,6,49,3,64,200,1,1,1,476.89
103,1,6,50,12,64,200,2,2,1,472.91
103,1,6,51,1,64,200,1,1,1,424.12
103,1,6,52,2,64,200,1,1,1,594.53
103,1,6,53,6,64,200,2,2,1,611.84
103,1,6,54,12,64,200,2,2,1,420.54
103,1,6,55,7,64,200,2,2,1,1282.5
103,1,6,56,4,64,200,1,1,1,623.5
103,1,6,57,10,64,200,2,2,1,443.33
103,1,6,58,1,64,200,1,1,1,540.35
103,1,6,59,7,64,200,1,2,0,547.51
103,1,6,60,3,64,200,1,1,1,423.63
103,1,6,61,3,64,200,1,1,1,433.8
103,1,6,62,9,64,200,2,2,1,477.15
103,1,6,63,9,64,200,2,2,1,460.56
103,1,6,64,2,64,200,1,1,1,605.43
103,1,6,65,7,64,200,1,2,0,1063.8
103,1,6,66,8,64,200,2,2,1,1059.8
103,1,6,67,10,64,200,2,2,1,457.1
103,1,6,68,4,64,200,1,1,1,918.33
103,1,6,69,2,64,200,1,1,1,510.91
103,1,6,70,5,64,200,2,2,1,608.9
103,1,6,71,13,64,200,2,2,1,417.77
103,1,6,72,3,64,200,1,1,1,561.61
103,1,6,73,9,64,200,2,2,1,536.71
103,1,6,74,6,64,200,2,2,1,705.76
103,1,6,75,11,64,200,2,2,1,438.62
103,1,6,76,11,64,200,2,2,1,427.45
103,1,6,77,3,64,200,1,1,1,576.17
103,1,6,78,2,64,200,1,1,1,527.1
103,1,6,79,1,64,200,1,1,1,623.52
103,1,6,80,2,64,200,1,1,1,380.32
103,1,6,81,13,64,200,2,2,1,610.16
103,1,6,82,4,64,200,1,1,1,499
103,1,6,83,3,64,200,1,1,1,559.65
103,1,6,84,3,64,200,1,1,1,483.03
103,1,6,85,5,64,200,2,2,1,603.33
