108,1,3,1,4,64,200,2,1,0,1417.8
108,1,3,2,11,64,200,2,2,1,1341.9
108,1,3,3,7,64,200,2,2,1,1744.9
108,1,3,4,9,64,200,2,2,1,1183.2
108,1,3,5,1,64,200,1,1,1,989.68
108,1,3,6,2,64,200,1,1,1,904.24
108,1,3,7,2,64,200,1,1,1,642.59
108,1,3,8,13,64,200,2,2,1,578.08
108,1,3,9,8,64,200,2,2,1,666.71
108,1,3,10,12,64,200,2,2,1,1284
108,1,3,11,10,64,200,2,2,1,691.75
108,1,3,12,3,64,200,1,1,1,1070.5
108,1,3,13,4,64,200,1,1,1,1153.9
108,1,3,14,3,64,200,1,1,1,635.15
108,1,3,15,5,64,200,1,2,0,1670.7
108,1,3,16,6,64,200,2,2,1,726.95
108,1,3,17,1,64,200,1,1,1,880.82
108,1,3,18,4,64,200,2,1,0,598.73
108,1,3,19,7,64,200,2,2,1,669.02
108,1,3,20,9,64,200,2,2,1,536.78
108,1,3,21,6,64,200,2,2,1,1491.6
108,1,3,22,3,64,200,1,1,1,1354.1
108,1,3,23,10,64,200,2,2,1,478.19
108,1,3,24,8,64,200,2,2,1,623.82
108,1,3,25,7,64,200,2,2,1,439.11
108,1,3,26,12,64,200,2,2,1,561.85
108,1,3,27,11,64,200,2,2,1,378.54
108,1,3,28,1,64,200,1,1,1,742.54
108,1,3,29,5,64,200,2,2,1,1064
108,1,3,30,12,64,200,2,2,1,555.38
108,1,3,31,1,64,200,1,1,1,942.76
108,1,3,32,3,64,200,1,1,1,968.9
108,1,3,33,10,64,200,2,2,1,532.34
108,1,3,34,2,64,200,1,1,1,800.06
108,1,3,35,2,64,200,1,1,1,713.13
108,1,3,36,2,64,200,1,1,1,616.36
108,1,3,37,9,64,200,2,2,1,709.56
108,1,3,38,13,64,200,2,2,1,916.68
108,1,3,39,2,64,200,1,1,1,701.25
108,1,3,40,2,64,200,1,1,1,1069.6
108,1,3,41,8,64,200,2,2,1,460.95
108,1,3,42,2,64,200,1,1,1,696.75
108,1,3,43,4,64,200,1,1,1,1900.6
108,1,3,44,13,64,200,2,2,1,498.75
108,1,3,45,9,64,200,2,2,1,527.08
108,1,3,46,2,64,200,1,1,1,844.47
108,1,3,47,1,64,200,1,1,1,943.7
108,1,3,48,12,64,200,2,2,1,435.23
108,1,3,49,6,64,200,2,2,1,1705.9
108,1,3,50,4,64,200,1,1,1,771.48
108,1,3,51,3,64,200,1,1,1,876.14
108,1,3,52,11,64,200,2,2,1,731.12
108,1,3,53,4,64,200,1,1,1,1128.7
108,1,3,54,13,64,200,2,2,1,1163.4
108,1,3,55,4,64,200,1,1,1,678.45
108,1,3,56,7,64,200,1,2,0,1307.5
108,1,3,57,11,64,200,2,2,1,501.31
108,1,3,58,3,64,200,1,1,1,667.06
108,1,3,59,4,64,200,1,1,1,1279.9
108,1,3,60,5,64,200,2,2,1,844.83
108,1,3,61,10,64,200,2,2,1,660.74
108,1,3,62,10,64,200,2,2,1,418.59
108,1,3,63,3,64,200,1,1,1,547.63
108,1,3,64,1,64,200,1,1,1,515.2
108,1,3,65,2,64,200,1,1,1,814.77
108,1,3,66,6,64,200,2,2,1,965.03
108,1,3,67,8,64,200,2,2,1,1207.9
108,1,3,68,5,64,200,2,2,1,616.13
108,1,3,69,3,64,200,1,1,1,982.77
108,1,3,70,3,64,200,1,1,1,586.13
108,1,3,71,5,64,200,2,2,1,648.53
108,1,3,72,3,64,200,1,1,1,843.97
108,1,3,73,2,64,200,1,1,1,658.87
108,1,3,74,10,64,200,2,2,1,498.94
108,1,3,75,3,64,200,1,1,1,675.26
108,1,3,76,1,64,200,1,1,1,576.21
108,1,3,77,13,64,200,2,2,1,350.05
108,1,3,78,7,64,200,2,2,1,712.65
108,1,3,79,8,64,200,2,2,1,510.06
108,1,3,80,9,64,200,2,2,1,510.04
108,1,3,81,3,64,200,1,1,1,705.93
108,1,3,82,6,64,200,2,2,1,548.18
108,1,3,83,4,64,200,1,1,1,1174.3
108,1,3,84,13,64,200,2,2,1,349.48
108,1,3,85,4,64,200,1,1,1,670
108,1,3,86,4,64,200,1,1,1,1146.2
108,1,3,87,11,64,200,2,2,1,508.12
108,1,3,88,7,64,200,2,2,1,1351.9
108,1,3,89,1,64,200,1,1,1,1107.3
108,1,3,90,4,64,200,2,1,0,593.11
108,1,3,91,5,64,200,2,2,1,763.94
108,1,3,92,12,64,200,2,2,1,538.06
108,1,3,93,1,64,200,1,1,1,799.89
108,1,3,94,1,64,200,1,1,1,550
108,1,3,95,12,64,200,2,2,1,444.92
108,1,3,96,6,64,200,2,2,1,1070.8
108,1,3,97,2,64,200,1,1,1,1230.6
108,1,3,98,9,64,200,2,2,1,620.8
108,1,3,99,8,64,200,2,2,1,493.75
108,1,3,100,11,64,200,2,2,1,747.02
108,1,3,101,1,64,200,1,1,1,736.34
108,1,3,102,1,64,200,1,1,1,877.18
108,1,3,1,10,64,200,2,2,1,512.79
108,1,3,2,10,64,200,2,2,1,535.94
108,1,3,3,2,64,200,1,1,1,697.24
108,1,3,4,5,64,200,2,2,1,1444.2
108,1,3,5,13,64,200,2,2,1,1417.8
108,1,3,6,1,64,200,1,1,1,2338.9
108,1,3,7,3,64,200,1,1,1,1407.2
108,1,3,8,3,64,200,1,1,1,802.47
108,1,3,9,8,64,200,2,2,1,1324.8
108,1,3,10,13,64,200,2,2,1,927.52
108,1,3,11,2,64,200,1,1,1,1162.9
108,1,3,12,4,64,200,1,1,1,1678
108,1,3,13,7,64,200,2,2,1,1304.1
108,1,3,14,2,64,200,1,1,1,633.91
108,1,3,15,11,64,200,2,2,1,665.51
108,1,3,16,4,64,200,1,1,1,1197.6
108,1,3,17,10,64,200,2,2,1,489.75
108,1,3,18,3,64,200,1,1,1,761.79
108,1,3,19,3,64,200,1,1,1,848.82
108,1,3,20,9,64,200,2,2,1,529.41
108,1,3,21,12,64,200,2,2,1,619.17
108,1,3,22,1,64,200,1,1,1,837.98
108,1,3,23,2,64,200,1,1,1,646.34
108,1,3,24,7,64,200,2,2,1,787.2
108,1,3,25,8,64,200,2,2,1,643.96
108,1,3,26,9,64,200,2,2,1,417.91
108,1,3,27,2,64,200,1,1,1,955.23
108,1,3,28,4,64,200,1,1,1,913.53
108,1,3,29,9,64,200,2,2,1,621.5
108,1,3,30,4,64,200,1,1,1,653.96
108,1,3,31,6,64,200,2,2,1,1730.7
108,1,3,32,2,64,200,1,1,1,1911.1
108,1,3,33,3,64,200,1,1,1,1499.9
108,1,3,34,12,64,200,2,2,1,601.15
108,1,3,35,5,64,200,2,2,1,1253.7
108,1,3,36,1,64,200,1,1,1,675.86
108,1,3,37,2,64,200,1,1,1,410.67
108,1,3,38,3,64,200,1,1,1,505.26
108,1,3,39,3,64,200,1,1,1,503
108,1,3,40,11,64,200,2,2,1,529.52
108,1,3,41,9,64,200,2,2,1,546.18
108,1,3,42,13,64,200,2,2,1,558.64
108,1,3,43,6,64,200,2,2,1,938.01
108,1,3,44,4,64,200,1,1,1,1085.5
108,1,3,45,2,64,200,1,1,1,493.89
108,1,3,46,1,64,200,1,1,1,515.61
108,1,3,47,1,64,200,1,1,1,424.08
108,1,3,48,4,64,200,1,1,1,761.74
108,1,3,49,5,64,200,2,2,1,813.98
108,1,3,50,12,64,200,2,2,1,536.72
108,1,3,51,4,64,200,1,1,1,788.53
108,1,3,52,1,64,200,1,1,1,466.73
108,1,3,53,6,64,200,2,2,1,492.62
108,1,3,54,1,64,200,1,1,1,522.76
108,1,3,55,4,64,200,1,1,1,569
108,1,3,56,5,64,200,2,2,1,623.56
108,1,3,57,10,64,200,2,2,1,693.52
108,1,3,58,4,64,200,1,1,1,788.27
108,1,3,59,7,64,200,2,2,1,733.32
108,1,3,60,7,64,200,2,2,1,863.12
108,1,3,61,13,64,200,2,2,1,715.64
108,1,3,62,10,64,200,2,2,1,477.8
108,1,3,63,6,64,200,2,2,1,699.15
108,1,3,64,11,64,200,2,2,1,465.88
108,1,3,65,8,64,200,2,2,1,553.82
108,1,3,66,1,64,200,1,1,1,585.02
108,1,3,67,12,64,200,2,2,1,597.78
108,1,3,68,8,64,200,2,2,1,530.79
108,1,3,69,3,64,200,1,1,1,792.04
108,1,3,70,5,64,200,2,2,1,729.42
108,1,3,71,2,64,200,1,1,1,2033.7
108,1,3,72,7,64,200,2,2,1,597.87
108,1,3,73,8,64,200,2,2,1,506.96
108,1,3,74,1,64,200,2,1,0,711.75
108,1,3,75,6,64,200,2,2,1,629.73
108,1,3,76,3,64,200,1,1,1,532.81
108,1,3,77,2,64,200,1,1,1,759.54
108,1,3,78,11,64,200,2,2,1,662.23
108,1,3,79,4,64,200,1,1,1,752.91
108,1,3,80,1,64,200,1,1,1,510.43
108,1,3,81,13,64,200,2,2,1,742.44
108,1,3,82,11,64,200,2,2,1,828.98
108,1,3,83,12,64,200,2,2,1,653.31
108,1,3,84,9,64,200,2,2,1,571.62
108,1,3,85,3,64,200,1,1,1,628.39
108,1,3,1,12,64,200,2,2,1,946.05
108,1,3,2,5,64,200,2,2,1,735.54
108,1,3,3,9,64,200,2,2,1,431.23
108,1,3,4,4,64,200,1,1,1,1500.4
108,1,3,5,5,64,200,2,2,1,544.51
108,1,3,6,10,64,200,2,2,1,549.73
108,1,3,7,13,64,200,2,2,1,375.75
108,1,3,8,5,64,200,2,2,1,1158.8
108,1,3,9,8,64,200,2,2,1,503.73
108,1,3,10,1,64,200,1,1,1,728.85
108,1,3,11,3,64,200,1,1,1,578.25
108,1,3,12,5,64,200,2,2,1,524.86
108,1,3,13,10,64,200,2,2,1,606.62
108,1,3,14,11,64,200,2,2,1,398.48
108,1,3,15,1,64,200,1,1,1,808.8
108,1,3,16,10,64,200,2,2,1,442.21
108,1,3,17,4,64,200,1,1,1,1076.3
108,1,3,18,1,64,200,1,1,1,794.57
108,1,3,19,8,64,200,2,2,1,502.51
108,1,3,20,1,64,200,1,1,1,1226.8
108,1,3,21,1,64,200,1,1,1,627.5
108,1,3,22,12,64,200,2,2,1,420.62
108,1,3,23,6,64,200,2,2,1,700.14
108,1,3,24,2,64,200,1,1,1,722.83
108,1,3,25,2,64,200,1,1,1,734.13
108,1,3,26,7,64,200,2,2,1,707.7
108,1,3,27,11,64,200,2,2,1,659.15
108,1,3,28,2,64,200,1,1,1,626.02
108,1,3,29,1,64,200,1,1,1,884.89
108,1,3,30,13,64,200,2,2,1,608.5
108,1,3,31,3,64,200,1,1,1,565.28
108,1,3,32,8,64,200,2,2,1,719.34
108,1,3,33,11,64,200,2,2,1,521.79
108,1,3,34,11,64,200,2,2,1,436.7
108,1,3,35,4,64,200,1,1,1,586.24
108,1,3,36,6,64,200,2,2,1,676.1
108,1,3,37,6,64,200,2,2,1,584.49
108,1,3,38,4,64,200,1,1,1,1709.9
108,1,3,39,2,64,200,1,1,1,1110.1
108,1,3,40,7,64,200,2,2,1,1340.5
108,1,3,41,7,64,200,2,2,1,983.98
108,1,3,42,8,64,200,2,2,1,443.97
108,1,3,43,6,64,200,2,2,1,649.89
108,1,3,44,10,64,200,1,2,0,418.89
108,1,3,45,2,64,200,1,1,1,728.26
108,1,3,46,3,64,200,1,1,1,794.53
108,1,3,47,2,64,200,1,1,1,488.5
108,1,3,48,4,64,200,1,1,1,560.44
108,1,3,49,2,64,200,1,1,1,624.75
108,1,3,50,13,64,200,2,2,1,1227.5
108,1,3,51,2,64,200,1,1,1,799.04
108,1,3,52,9,64,200,2,2,1,568.32
108,1,3,53,1,64,200,1,1,1,1064.2
108,1,3,54,1,64,200,1,1,1,693.36
108,1,3,55,12,64,200,2,2,1,478.19
108,1,3,56,4,64,200,1,1,1,641
108,1,3,57,4,64,200,1,1,1,1464.8
108,1,3,58,13,64,200,2,2,1,459.71
108,1,3,59,12,64,200,2,2,1,503.4
108,1,3,60,13,64,200,2,2,1,602.86
108,1,3,61,4,64,200,1,1,1,881.24
108,1,3,62,2,64,200,1,1,1,589.52
108,1,3,63,3,64,200,1,1,1,734.29
108,1,3,64,9,64,200,2,2,1,527.62
108,1,3,65,7,64,200,2,2,1,1054.3
108,1,3,66,9,64,200,2,2,1,421.25
108,1,3,67,2,64,200,1,1,1,593.97
108,1,3,68,4,64,200,1,1,1,688.01
108,1,3,69,10,64,200,2,2,1,487.73
108,1,3,70,3,64,200,1,1,1,825.91
108,1,3,71,12,64,200,2,2,1,468.85
108,1,3,72,3,64,200,1,1,1,734.68
108,1,3,73,7,64,200,2,2,1,1122.4
108,1,3,74,8,64,200,2,2,1,418.29
108,1,3,75,3,64,200,1,1,1,1176.2
108,1,3,76,11,64,200,2,2,1,446.83
108,1,3,77,3,64,200,1,1,1,1047
108,1,3,78,1,64,200,1,1,1,553.33
108,1,3,79,3,64,200,1,1,1,584.32
108,1,3,80,6,64,200,2,2,1,653
108,1,3,81,3,64,200,1,1,1,1697.9
108,1,3,82,4,64,200,1,1,1,913.82
108,1,3,83,9,64,200,2,2,1,806.51
108,1,3,84,5,64,200,2,2,1,827.24
108,1,3,85,1,64,200,1,1,1,819.59
108,1,3,1,5,64,200,2,2,1,911.91
108,1,3,2,3,64,200,2,1,0,833.21
108,1,3,3,4,64,200,2,1,0,632.38
108,1,3,4,2,64,200,1,1,1,732.38
108,1,3,5,8,64,200,2,2,1,961.36
108,1,3,6,9,64,200,2,2,1,540.52
108,1,3,7,1,64,200,1,1,1,895.52
108,1,3,8,13,64,200,2,2,1,1261.9
108,1,3,9,4,64,200,1,1,1,1230.8
108,1,3,10,13,64,200,2,2,1,691.1
108,1,3,11,9,64,200,2,2,1,585
108,1,3,12,4,64,200,1,1,1,622.09
108,1,3,13,7,64,200,1,2,0,1912.3
108,1,3,14,2,64,200,1,1,1,580.41
108,1,3,15,8,64,200,2,2,1,658.09
108,1,3,16,10,64,200,2,2,1,516.97
108,1,3,17,4,64,200,1,1,1,951.67
108,1,3,18,5,64,200,2,2,1,1690.1
108,1,3,19,6,64,200,2,2,1,935.18
108,1,3,20,6,64,200,2,2,1,825.12
108,1,3,21,7,64,200,2,2,1,1765.1
108,1,3,22,3,64,200,1,1,1,828.71
108,1,3,23,4,64,200,1,1,1,674.11
108,1,3,24,3,64,200,1,1,1,895.74
108,1,3,25,2,64,200,1,1,1,669.9
108,1,3,26,11,64,200,2,2,1,1282.2
108,1,3,27,12,64,200,2,2,1,1280.9
108,1,3,28,5,64,200,2,2,1,876.54
108,1,3,29,10,64,200,2,2,1,589.21
108,1,3,30,2,64,200,1,1,1,664.86
108,1,3,31,12,64,200,2,2,1,561.31
108,1,3,32,12,64,200,2,2,1,493.5
108,1,3,33,1,64,200,1,1,1,1343.5
108,1,3,34,4,64,200,1,1,1,1788.1
108,1,3,35,3,64,200,1,1,1,601.1
108,1,3,36,1,64,200,1,1,1,601.96
108,1,3,37,11,64,200,2,2,1,392.9
108,1,3,38,4,64,200,1,1,1,776.27
108,1,3,39,1,64,200,1,1,1,620.84
108,1,3,40,6,64,200,2,2,1,565.16
108,1,3,41,6,64,200,2,2,1,752.47
108,1,3,42,6,64,200,2,2,1,1453.1
108,1,3,43,5,64,200,2,2,1,1559.8
108,1,3,44,3,64,200,1,1,1,1646.5
108,1,3,45,7,64,200,2,2,1,1537.5
108,1,3,46,3,64,200,1,1,1,812.77
108,1,3,47,4,64,200,1,1,1,445.85
108,1,3,48,1,64,200,1,1,1,640.55
108,1,3,49,2,64,200,1,1,1,714.25
108,1,3,50,8,64,200,2,2,1,1600.7
108,1,3,51,10,64,200,2,2,1,1034.2
108,1,3,52,5,64,200,2,2,1,845.63
108,1,3,53,4,64,200,1,1,1,1041.2
108,1,3,54,13,64,200,2,2,1,1008.3
108,1,3,55,2,64,200,1,1,1,1026.9
108,1,3,56,4,64,200,1,1,1,736.1
108,1,3,57,2,64,200,1,1,1,1150.6
108,1,3,58,1,64,200,1,1,1,537.8
108,1,3,59,3,64,200,1,1,1,858.79
108,1,3,60,2,64,200,1,1,1,667.67
108,1,3,61,7,64,200,2,2,1,806.99
108,1,3,62,11,64,200,2,2,1,708.55
108,1,3,63,2,64,200,1,1,1,974.85
108,1,3,64,3,64,200,1,1,1,731.58
108,1,3,65,10,64,200,2,2,1,611.48
108,1,3,66,12,64,200,2,2,1,950.82
108,1,3,67,10,64,200,2,2,1,593.63
108,1,3,68,1,64,200,1,1,1,799.31
108,1,3,69,1,64,200,1,1,1,610.46
108,1,3,70,13,64,200,2,2,1,420.92
108,1,3,71,1,64,200,1,1,1,941.22
108,1,3,72,11,64,200,2,2,1,428.32
108,1,3,73,2,64,200,1,1,1,1014.2
108,1,3,74,9,64,200,2,2,1,580.07
108,1,3,75,9,64,200,2,2,1,625.3
108,1,3,76,8,64,200,2,2,1,598.66
108,1,3,77,1,64,200,1,1,1,685.66
108,1,3,78,13,64,200,2,2,1,494.96
108,1,3,79,3,64,200,1,1,1,1292
108,1,3,80,7,64,200,1,2,0,1471
108,1,3,81,12,64,200,2,2,1,492.97
108,1,3,82,11,64,200,2,2,1,707.44
108,1,3,83,9,64,200,2,2,1,713.85
108,1,3,84,3,64,200,1,1,1,880.19
108,1,3,85,8,64,200,2,2,1,828.3
108,1,3,1,13,64,200,2,2,1,2160.4
108,1,3,2,8,64,200,2,2,1,1443.2
108,1,3,3,1,64,200,1,1,1,1299
108,1,3,4,11,64,200,2,2,1,867.89
108,1,3,5,2,64,200,1,1,1,684.73
108,1,3,6,7,64,200,2,2,1,792.74
108,1,3,7,2,64,200,1,1,1,774.9
108,1,3,8,6,64,200,2,2,1,658.85
108,1,3,9,4,64,200,1,1,1,610.01
108,1,3,10,3,64,200,1,1,1,939.7
108,1,3,11,5,64,200,2,2,1,726.22
108,1,3,12,1,64,200,1,1,1,868.04
108,1,3,13,13,64,200,2,2,1,518.97
108,1,3,14,3,64,200,1,1,1,1346.5
108,1,3,15,2,64,200,1,1,1,813.92
108,1,3,16,9,64,200,2,2,1,631.47
108,1,3,17,4,64,200,1,1,1,901.86
108,1,3,18,10,64,200,2,2,1,485.84
108,1,3,19,3,64,200,1,1,1,967.04
108,1,3,20,1,64,200,1,1,1,494.68
108,1,3,21,9,64,200,2,2,1,850.35
108,1,3,22,12,64,200,2,2,1,659.5
108,1,3,23,2,64,200,1,1,1,888.59
108,1,3,24,7,64,200,2,2,1,638.55
108,1,3,25,13,64,200,2,2,1,702.14
108,1,3,26,13,64,200,2,2,1,1043
108,1,3,27,2,64,200,1,1,1,716.26
108,1,3,28,4,64,200,1,1,1,719.56
108,1,3,29,3,64,200,1,1,1,931.28
108,1,3,30,8,64,200,2,2,1,754.4
108,1,3,31,7,64,200,2,2,1,1574.2
108,1,3,32,12,64,200,2,2,1,684.16
108,1,3,33,3,64,200,2,1,0,1242
108,1,3,34,9,64,200,2,2,1,487.28
108,1,3,35,3,64,200,1,1,1,619.43
108,1,3,36,5,64,200,2,2,1,677.11
108,1,3,37,11,64,200,2,2,1,575.84
108,1,3,38,4,64,200,1,1,1,777.22
108,1,3,39,3,64,200,1,1,1,1715
108,1,3,40,4,64,200,1,1,1,687.31
108,1,3,41,4,64,200,1,1,1,585.19
108,1,3,42,1,64,200,1,1,1,597.62
108,1,3,43,7,64,200,2,2,1,1202.9
108,1,3,44,2,64,200,1,1,1,665.02
108,1,3,45,13,64,200,2,2,1,697.31
108,1,3,46,1,64,200,1,1,1,1009.8
108,1,3,47,8,64,200,2,2,1,476.22
108,1,3,48,1,64,200,1,1,1,821.05
108,1,3,49,5,64,200,2,2,1,947.88
108,1,3,50,8,64,200,2,2,1,584.47
108,1,3,51,9,64,200,2,2,1,515.24
108,1,3,52,7,64,200,2,2,1,1036.4
108,1,3,53,10,64,200,2,2,1,769.06
108,1,3,54,2,64,200,1,1,1,824.63
108,1,3,55,6,64,200,2,2,1,699.18
108,1,3,56,10,64,200,2,2,1,607.76
108,1,3,57,3,64,200,1,1,1,1010.7
108,1,3,58,1,64,200,1,1,1,597.03
108,1,3,59,3,64,200,1,1,1,603.23
108,1,3,60,11,64,200,2,2,1,774.04
108,1,3,61,12,64,200,2,2,1,547.02
108,1,3,62,4,64,200,1,1,1,509.37
108,1,3,63,4,64,200,1,1,1,554.69
108,1,3,64,8,64,200,1,2,0,649.13
108,1,3,65,5,64,200,2,2,1,593.43
108,1,3,66,4,64,200,1,1,1,591.97
108,1,3,67,6,64,200,2,2,1,995.65
108,1,3,68,11,64,200,2,2,1,893.87
108,1,3,69,6,64,200,2,2,1,1670.5
108,1,3,70,1,64,200,1,1,1,693.95
108,1,3,71,12,64,200,2,2,1,809.46
108,1,3,72,2,64,200,1,1,1,713.62
108,1,3,73,12,64,200,2,2,1,605.62
108,1,3,74,1,64,200,1,1,1,939.3
108,1,3,75,4,64,200,1,1,1,998.75
108,1,3,76,11,64,200,2,2,1,419.52
108,1,3,77,1,64,200,1,1,1,660.63
108,1,3,78,9,64,200,2,2,1,491.52
108,1,3,79,5,64,200,2,2,1,1329
108,1,3,80,6,64,200,2,2,1,735.41
108,1,3,81,10,64,200,2,2,1,843.78
108,1,3,82,2,64,200,1,1,1,1112.9
108,1,3,83,10,64,200,2,2,1,548.89
108,1,3,84,2,64,200,1,1,1,543.9
108,1,3,85,3,64,200,1,1,1,768.66
108,1,3,1,9,64,200,2,2,1,781.64
108,1,3,2,9,64,200,2,2,1,489.19
108,1,3,3,4,64,200,2,1,0,572.51
108,1,3,4,4,64,200,2,1,0,1097.2
108,1,3,5,4,64,200,1,1,1,854.89
108,1,3,6,8,64,200,1,2,0,833.7
108,1,3,7,4,64,200,1,1,1,939.92
108,1,3,8,4,64,200,1,1,1,665.38
108,1,3,9,4,64,200,1,1,1,676.41
108,1,3,10,3,64,200,1,1,1,2242.5
108,1,3,11,12,64,200,2,2,1,577.44
108,1,3,12,1,64,200,1,1,1,1643.5
108,1,3,13,3,64,200,1,1,1,598.66
108,1,3,14,13,64,200,2,2,1,533.84
108,1,3,15,8,64,200,2,2,1,806.67
108,1,3,16,1,64,200,1,1,1,1228.6
108,1,3,17,12,64,200,2,2,1,551.89
108,1,3,18,10,64,200,2,2,1,518.24
108,1,3,19,11,64,200,2,2,1,524.95
108,1,3,20,6,64,200,2,2,1,580.29
108,1,3,21,1,64,200,1,1,1,1050.7
108,1,3,22,13,64,200,2,2,1,646.67
108,1,3,23,2,64,200,1,1,1,1389.1
108,1,3,24,8,64,200,2,2,1,697.74
108,1,3,25,7,64,200,2,2,1,643.59
108,1,3,26,1,64,200,1,1,1,769.74
108,1,3,27,4,64,200,1,1,1,780.88
108,1,3,28,5,64,200,2,2,1,1252.2
108,1,3,29,5,64,200,2,2,1,1716.9
108,1,3,30,10,64,200,2,2,1,559.99
108,1,3,31,3,64,200,1,1,1,686.7
108,1,3,32,2,64,200,1,1,1,688.01
108,1,3,33,1,64,200,1,1,1,425.66
108,1,3,34,4,64,200,1,1,1,450.34
108,1,3,35,5,64,200,2,2,1,807.69
108,1,3,36,13,64,200,2,2,1,628.44
108,1,3,37,2,64,200,1,1,1,579.07
108,1,3,38,2,64,200,1,1,1,966.53
108,1,3,39,10,64,200,2,2,1,654.42
108,1,3,40,2,64,200,1,1,1,740.29
108,1,3,41,3,64,200,1,1,1,906.2
108,1,3,42,9,64,200,2,2,1,531.79
108,1,3,43,11,64,200,2,2,1,788.67
108,1,3,44,2,64,200,1,1,1,745.36
108,1,3,45,9,64,200,1,2,0,594.31
108,1,3,46,8,64,200,2,2,1,996.19
108,1,3,47,1,64,200,1,1,1,1328.2
108,1,3,48,1,64,200,1,1,1,529.52
108,1,3,49,3,64,200,1,1,1,485.78
108,1,3,50,11,64,200,2,2,1,526.02
108,1,3,51,8,64,200,2,2,1,1069.6
108,1,3,52,11,64,200,2,2,1,537.51
108,1,3,53,2,64,200,1,1,1,920.27
108,1,3,54,3,64,200,1,1,1,748.66
108,1,3,55,1,64,200,1,1,1,952.01
108,1,3,56,5,64,200,2,2,1,707.07
108,1,3,57,4,64,200,1,1,1,979.22
108,1,3,58,6,64,200,2,2,1,613.62
108,1,3,59,3,64,200,1,1,1,807.05
108,1,3,60,5,64,200,2,2,1,592.14
108,1,3,61,13,64,200,2,2,1,570.19
108,1,3,62,2,64,200,1,1,1,847.44
108,1,3,63,3,64,200,1,1,1,546.75
108,1,3,64,11,64,200,2,2,1,1511.1
108,1,3,65,12,64,200,2,2,1,981.61
108,1,3,66,7,64,200,2,2,1,908.88
108,1,3,67,7,64,200,2,2,1,1315.9
108,1,3,68,6,64,200,2,2,1,961.06
108,1,3,69,12,64,200,2,2,1,828.46
108,1,3,70,9,64,200,2,2,1,579.26
108,1,3,71,10,64,200,2,2,1,628.12
108,1,3,72,3,64,200,1,1,1,1134.9
108,1,3,73,1,64,200,1,1,1,591.69
108,1,3,74,10,64,200,2,2,1,533.57
108,1,3,75,12,64,200,2,2,1,588.13
108,1,3,76,6,64,200,1,2,0,1497.2
108,1,3,77,6,64,200,2,2,1,1111.9
108,1,3,78,7,64,200,2,2,1,1032
108,1,3,79,2,64,200,1,1,1,923.95
108,1,3,80,4,64,200,1,1,1,582.73
108,1,3,81,7,64,200,2,2,1,779.27
108,1,3,82,3,64,200,1,1,1,582.72
108,1,3,83,13,64,200,2,2,1,474.1
108,1,3,84,2,64,200,1,1,1,574.21
108,1,3,85,1,64,200,1,1,1,529.39
108,1,3,1,2,64,200,1,1,1,989.51
108,1,3,2,3,64,200,1,1,1,1423
108,1,3,3,4,64,200,1,1,1,2261.1
108,1,3,4,11,64,200,2,2,1,1019.4
108,1,3,5,3,64,200,1,1,1,1017.3
108,1,3,6,3,64,200,1,1,1,741.94
108,1,3,7,4,64,200,1,1,1,515.25
108,1,3,8,5,64,200,2,2,1,712.46
108,1,3,9,2,64,200,1,1,1,660.33
108,1,3,10,11,64,200,2,2,1,553.66
108,1,3,11,7,64,200,2,2,1,1506.8
108,1,3,12,12,64,200,2,2,1,599.42
108,1,3,13,7,64,200,2,2,1,1283
108,1,3,14,6,64,200,2,2,1,646.76
108,1,3,15,13,64,200,2,2,1,540.5
108,1,3,16,5,64,200,2,2,1,578.39
108,1,3,17,2,64,200,1,1,1,770.4
108,1,3,18,5,64,200,2,2,1,1380
108,1,3,19,5,64,200,2,2,1,930.62
108,1,3,20,3,64,200,1,1,1,669.61
108,1,3,21,10,64,200,2,2,1,627.44
108,1,3,22,5,64,200,2,2,1,1606.5
108,1,3,23,6,64,200,2,2,1,632.77
108,1,3,24,2,64,200,1,1,1,1141.4
108,1,3,25,4,64,200,1,1,1,847.65
108,1,3,26,13,64,200,2,2,1,550.55
108,1,3,27,2,64,200,1,1,1,637.81
108,1,3,28,10,64,200,2,2,1,494.34
108,1,3,29,10,64,200,2,2,1,518.6
108,1,3,30,6,64,200,2,2,1,1225.1
108,1,3,31,2,64,200,1,1,1,797.58
108,1,3,32,1,64,200,1,1,1,550.16
108,1,3,33,3,64,200,1,1,1,541.89
108,1,3,34,12,64,200,2,2,1,464.5
108,1,3,35,10,64,200,2,2,1,458.55
108,1,3,36,9,64,200,2,2,1,895.58
108,1,3,37,4,64,200,1,1,1,617.29
108,1,3,38,3,64,200,1,1,1,645.43
108,1,3,39,4,64,200,1,1,1,467.04
108,1,3,40,4,64,200,1,1,1,533.13
108,1,3,41,1,64,200,1,1,1,459.95
108,1,3,42,8,64,200,2,2,1,842.93
108,1,3,43,3,64,200,1,1,1,496.99
108,1,3,44,9,64,200,2,2,1,787.55
108,1,3,45,4,64,200,1,1,1,598.99
108,1,3,46,1,64,200,1,1,1,605.22
108,1,3,47,8,64,200,2,2,1,817.42
108,1,3,48,8,64,200,2,2,1,705.26
108,1,3,49,3,64,200,1,1,1,574.26
108,1,3,50,12,64,200,2,2,1,667.07
108,1,3,51,1,64,200,1,1,1,676.47
108,1,3,52,1,64,200,1,1,1,469.25
108,1,3,53,7,64,200,2,2,1,1069.2
108,1,3,54,12,64,200,2,2,1,570.33
108,1,3,55,9,64,200,2,2,1,520.64
108,1,3,56,9,64,200,2,2,1,492.81
108,1,3,57,7,64,200,2,2,1,767.3
108,1,3,58,4,64,200,1,1,1,1173.9
108,1,3,59,8,64,200,2,2,1,548.79
108,1,3,60,9,64,200,2,2,1,672.32
108,1,3,61,13,64,200,2,2,1,793.65
108,1,3,62,8,64,200,2,2,1,1138.9
108,1,3,63,6,64,200,2,2,1,1021.8
108,1,3,64,2,64,200,1,1,1,959.12
108,1,3,65,1,64,200,1,1,1,555.05
108,1,3,66,13,64,200,2,2,1,742.55
108,1,3,67,12,64,200,2,2,1,431.01
108,1,3,68,1,64,200,1,1,1,662.53
108,1,3,69,11,64,200,2,2,1,455.02
108,1,3,70,4,64,200,1,1,1,677.09
108,1,3,71,6,64,200,2,2,1,984.66
108,1,3,72,2,64,200,1,1,1,2979.3
108,1,3,73,7,64,200,2,2,1,1370.3
108,1,3,74,3,64,200,1,1,1,787.9
108,1,3,75,2,64,200,1,1,1,629.21
108,1,3,76,11,64,200,2,2,1,424.88
108,1,3,77,3,64,200,1,1,1,1068.4
108,1,3,78,13,64,200,2,2,1,653.63
108,1,3,79,1,64,200,1,1,1,1005.8
108,1,3,80,4,64,200,1,1,1,1060.4
108,1,3,81,11,64,200,2,2,1,513.11
108,1,3,82,1,64,200,1,1,1,709.29
108,1,3,83,10,64,200,2,2,1,493.04
108,1,3,84,1,64,200,1,1,1,454.18
108,1,3,85,2,64,200,1,1,1,614.01
108,1,3,1,4,64,200,1,1,1,1137.8
108,1,3,2,1,64,200,1,1,1,596.01
108,1,3,3,10,64,200,2,2,1,582.52
108,1,3,4,3,64,200,1,1,1,544.25
108,1,3,5,9,64,200,2,2,1,641.59
108,1,3,6,4,64,200,1,1,1,1645.8
108,1,3,7,3,64,200,1,1,1,613.52
108,1,3,8,5,64,200,2,2,1,980.59
108,1,3,9,12,64,200,2,2,1,888.93
108,1,3,10,2,64,200,1,1,1,605.1
108,1,3,11,8,64,200,2,2,1,646.24
108,1,3,12,2,64,200,1,1,1,607.55
108,1,3,13,3,64,200,1,1,1,866.4
108,1,3,14,13,64,200,2,2,1,472.61
108,1,3,15,4,64,200,1,1,1,760.26
108,1,3,16,12,64,200,2,2,1,526.45
108,1,3,17,11,64,200,2,2,1,480.43
108,1,3,18,1,64,200,1,1,1,529.39
108,1,3,19,4,64,200,1,1,1,729.97
108,1,3,20,9,64,200,2,2,1,836.46
108,1,3,21,7,64,200,2,2,1,1400.6
108,1,3,22,4,64,200,1,1,1,654.69
108,1,3,23,1,64,200,1,1,1,580.27
108,1,3,24,13,64,200,2,2,1,756.6
108,1,3,25,5,64,200,2,2,1,1019.8
108,1,3,26,5,64,200,2,2,1,625.69
108,1,3,27,4,64,200,1,1,1,854.53
108,1,3,28,3,64,200,1,1,1,925.3
108,1,3,29,8,64,200,2,2,1,660.62
108,1,3,30,5,64,200,2,2,1,1258.5
108,1,3,31,13,64,200,2,2,1,705.7
108,1,3,32,9,64,200,2,2,1,597.95
108,1,3,33,2,64,200,1,1,1,1962.8
108,1,3,34,2,64,200,1,1,1,555.9
108,1,3,35,1,64,200,1,1,1,713.29
108,1,3,36,10,64,200,2,2,1,507.96
108,1,3,37,2,64,200,1,1,1,796.71
108,1,3,38,6,64,200,2,2,1,621.97
108,1,3,39,5,64,200,2,2,1,552.78
108,1,3,40,2,64,200,1,1,1,663.52
108,1,3,41,12,64,200,2,2,1,474.77
108,1,3,42,1,64,200,1,1,1,944.38
108,1,3,43,7,64,200,2,2,1,1538.6
108,1,3,44,7,64,200,2,2,1,525.51
108,1,3,45,3,64,200,1,1,1,576.65
108,1,3,46,1,64,200,1,1,1,1140.8
108,1,3,47,4,64,200,1,1,1,1045.4
108,1,3,48,11,64,200,2,2,1,465.02
108,1,3,49,13,64,200,2,2,1,485.92
108,1,3,50,3,64,200,1,1,1,811.51
108,1,3,51,3,64,200,1,1,1,477.41
108,1,3,52,6,64,200,2,2,1,538.85
108,1,3,53,7,64,200,2,2,1,588.18
108,1,3,54,9,64,200,2,2,1,594.2
108,1,3,55,2,64,200,1,1,1,725.89
108,1,3,56,1,64,200,1,1,1,556.69
108,1,3,57,12,64,200,2,2,1,801.08
108,1,3,58,4,64,200,1,1,1,852.61
108,1,3,59,3,64,200,1,1,1,583.72
108,1,3,60,13,64,200,2,2,1,639.04
108,1,3,61,6,64,200,2,2,1,756.35
108,1,3,62,10,64,200,2,2,1,540.84
108,1,3,63,8,64,200,2,2,1,1609.3
108,1,3,64,2,64,200,1,1,1,1142.4
108,1,3,65,7,64,200,2,2,1,754.96
108,1,3,66,4,64,200,1,1,1,759.57
108,1,3,67,4,64,200,1,1,1,633.5
108,1,3,68,8,64,200,2,2,1,600.69
108,1,3,69,2,64,200,1,1,1,1092.3
108,1,3,70,6,64,200,2,2,1,596.54
108,1,3,71,9,64,200,2,2,1,490.87
108,1,3,72,1,64,200,1,1,1,610.4
108,1,3,73,11,64,200,2,2,1,742.01
108,1,3,74,10,64,200,2,2,1,612.29
108,1,3,75,1,64,200,1,1,1,1393.6
108,1,3,76,3,64,200,1,1,1,911.68
108,1,3,77,3,64,200,1,1,1,693.23
108,1,3,78,1,64,200,1,1,1,607.25
108,1,3,79,8,64,200,2,2,1,817.66
108,1,3,80,11,64,200,2,2,1,533.71
108,1,3,81,10,64,200,2,2,1,572.07
108,1,3,82,12,64,200,2,2,1,737.49
108,1,3,83,11,64,200,2,2,1,2198.8
108,1,3,84,6,64,200,2,2,1,1145
108,1,3,85,2,64,200,1,1,1,2627.8
108,1,3,1,1,64,200,1,1,1,569.45
108,1,3,2,2,64,200,1,1,1,521.12
108,1,3,3,1,64,200,1,1,1,458.51
108,1,3,4,2,64,200,1,1,1,372.22
108,1,3,5,5,64,200,2,2,1,631.25
108,1,3,6,11,64,200,2,2,1,549.25
108,1,3,7,3,64,200,1,1,1,653.7
108,1,3,8,7,64,200,2,2,1,780.33
108,1,3,9,1,64,200,1,1,1,1066.9
108,1,3,10,12,64,200,2,2,1,453.8
108,1,3,11,10,64,200,2,2,1,713.09
108,1,3,12,3,64,200,1,1,1,956.01
108,1,3,13,7,64,200,2,2,1,757.38
108,1,3,14,12,64,200,2,2,1,827.78
108,1,3,15,3,64,200,1,1,1,750.79
108,1,3,16,3,64,200,1,1,1,529.26
108,1,3,17,13,64,200,2,2,1,512.46
108,1,3,18,6,64,200,2,2,1,737.97
108,1,3,19,11,64,200,2,2,1,514.81
108,1,3,20,10,64,200,2,2,1,523.74
108,1,3,21,2,64,200,1,1,1,518.97
108,1,3,22,4,64,200,1,1,1,599.19
108,1,3,23,9,64,200,2,2,1,648.12
108,1,3,24,3,64,200,1,1,1,1360.1
108,1,3,25,7,64,200,1,2,0,1215.2
108,1,3,26,9,64,200,2,2,1,741.93
108,1,3,27,8,64,200,2,2,1,849.16
108,1,3,28,8,64,200,2,2,1,771.39
108,1,3,29,2,64,200,1,1,1,1448
108,1,3,30,4,64,200,1,1,1,1740.7
108,1,3,31,2,64,200,1,1,1,952.67
108,1,3,32,10,64,200,2,2,1,748.67
108,1,3,33,4,64,200,1,1,1,644.53
108,1,3,34,3,64,200,1,1,1,764.13
108,1,3,35,2,64,200,1,1,1,1562.2
108,1,3,36,3,64,200,1,1,1,641.4
108,1,3,37,12,64,200,2,2,1,853.48
108,1,3,38,5,64,200,2,2,1,844.95
108,1,3,39,11,64,200,2,2,1,583.9
108,1,3,40,13,64,200,2,2,1,1006.8
108,1,3,41,10,64,200,2,2,1,562.89
108,1,3,42,1,64,200,1,1,1,1028.6
108,1,3,43,11,64,200,2,2,1,1100.8
108,1,3,44,6,64,200,2,2,1,768.84
108,1,3,45,5,64,200,2,2,1,651.75
108,1,3,46,8,64,200,2,2,1,835.58
108,1,3,47,4,64,200,1,1,1,1539.1
108,1,3,48,2,64,200,1,1,1,624.26
108,1,3,49,8,64,200,2,2,1,727.2
108,1,3,50,2,64,200,1,1,1,1009.2
108,1,3,51,5,64,200,2,2,1,1114
108,1,3,52,4,64,200,2,1,0,968.72
108,1,3,53,4,64,200,1,1,1,881
108,1,3,54,2,64,200,1,1,1,1297.9
108,1,3,55,1,64,200,1,1,1,815.98
108,1,3,56,6,64,200,2,2,1,529.96
108,1,3,57,10,64,200,2,2,1,726.27
108,1,3,58,9,64,200,2,2,1,589.69
108,1,3,59,12,64,200,2,2,1,843.51
108,1,3,60,3,64,200,1,1,1,1263.7
108,1,3,61,1,64,200,1,1,1,550.59
108,1,3,62,9,64,200,2,2,1,588.64
108,1,3,63,4,64,200,1,1,1,1054.7
108,1,3,64,4,64,200,1,1,1,1597.7
108,1,3,65,5,64,200,2,2,1,1064.8
108,1,3,66,13,64,200,2,2,1,579.32
108,1,3,67,1,64,200,1,1,1,825.24
108,1,3,68,2,64,200,1,1,1,512.98
108,1,3,69,12,64,200,2,2,1,617.69
108,1,3,70,7,64,200,2,2,1,1213.2
108,1,3,71,4,64,200,1,1,1,955.92
108,1,3,72,6,64,200,2,2,1,800.26
108,1,3,73,1,64,200,1,1,1,1474.5
108,1,3,74,9,64,200,2,2,1,669.56
108,1,3,75,1,64,200,1,1,1,932.72
108,1,3,76,3,64,200,1,1,1,1375.4
108,1,3,77,4,64,200,1,1,1,731.09
108,1,3,78,11,64,200,2,2,1,563.18
108,1,3,79,13,64,200,2,2,1,657.23
108,1,3,80,13,64,200,2,2,1,525.52
108,1,3,81,7,64,200,2,2,1,784.88
108,1,3,82,3,64,200,1,1,1,537.49
108,1,3,83,6,64,200,2,2,1,563.77
108,1,3,84,8,64,200,2,2,1,536.88
108,1,3,85,1,64,200,1,1,1,600.56
108,1,3,1,3,64,200,1,1,1,671.6
108,1,3,2,4,64,200,1,1,1,1232.7
108,1,3,3,10,64,200,2,2,1,484.33
108,1,3,4,3,64,200,1,1,1,1127.9
108,1,3,5,2,64,200,1,1,1,773.14
108,1,3,6,4,64,200,1,1,1,677.83
108,1,3,7,3,64,200,1,1,1,465.47
108,1,3,8,7,64,200,2,2,1,722.9
108,1,3,9,6,64,200,2,2,1,595.31
108,1,3,10,4,64,200,2,1,0,1308.3
108,1,3,11,1,64,200,1,1,1,518.8
108,1,3,12,7,64,200,2,2,1,697.6
108,1,3,13,3,64,200,1,1,1,830.67
108,1,3,14,2,64,200,1,1,1,1511.5
108,1,3,15,8,64,200,2,2,1,646.2
108,1,3,16,12,64,200,2,2,1,856.14
108,1,3,17,2,64,200,1,1,1,581.65
108,1,3,18,6,64,200,2,2,1,526.4
108,1,3,19,11,64,200,2,2,1,494.1
108,1,3,20,1,64,200,1,1,1,706.94
108,1,3,21,11,64,200,2,2,1,670.39
108,1,3,22,7,64,200,2,2,1,699.89
108,1,3,23,12,64,200,2,2,1,576.42
108,1,3,24,1,64,200,1,1,1,547.25
108,1,3,25,3,64,200,1,1,1,628.97
108,1,3,26,1,64,200,1,1,1,571.91
108,1,3,27,1,64,200,1,1,1,514.63
108,1,3,28,6,64,200,2,2,1,592.3
108,1,3,29,9,64,200,2,2,1,722.55
108,1,3,30,5,64,200,2,2,1,1320.4
108,1,3,31,6,64,200,2,2,1,519.67
108,1,3,32,5,64,200,2,2,1,1010.4
108,1,3,33,13,64,200,2,2,1,765.47
108,1,3,34,2,64,200,1,1,1,1215.5
108,1,3,35,3,64,200,1,1,1,977.89
108,1,3,36,4,64,200,1,1,1,740.28
108,1,3,37,5,64,200,2,2,1,647.86
108,1,3,38,8,64,200,2,2,1,641.96
108,1,3,39,4,64,200,1,1,1,822.23
108,1,3,40,1,64,200,1,1,1,622.43
108,1,3,41,4,64,200,1,1,1,547.51
108,1,3,42,10,64,200,2,2,1,646.08
108,1,3,43,9,64,200,2,2,1,671.3
108,1,3,44,8,64,200,2,2,1,483
108,1,3,45,1,64,200,1,1,1,640.05
108,1,3,46,4,64,200,1,1,1,926.19
108,1,3,47,11,64,200,2,2,1,995.81
108,1,3,48,11,64,200,2,2,1,1150.2
108,1,3,49,3,64,200,1,1,1,603.13
108,1,3,50,8,64,200,2,2,1,570.59
108,1,3,51,7,64,200,2,2,1,651.25
108,1,3,52,2,64,200,1,1,1,710.09
108,1,3,53,4,64,200,1,1,1,869.04
108,1,3,54,2,64,200,1,1,1,1159.2
108,1,3,55,2,64,200,1,1,1,585.18
108,1,3,56,3,64,200,1,1,1,1755.2
108,1,3,57,2,64,200,1,1,1,742.34
108,1,3,58,10,64,200,2,2,1,1069.3
108,1,3,59,13,64,200,2,2,1,487.59
108,1,3,60,1,64,200,1,1,1,607.84
108,1,3,61,8,64,200,2,2,1,602.44
108,1,3,62,10,64,200,2,2,1,583.17
108,1,3,63,5,64,200,2,2,1,948.55
108,1,3,64,4,64,200,1,1,1,818.34
108,1,3,65,13,64,200,2,2,1,486.7
108,1,3,66,10,64,200,2,2,1,430.62
108,1,3,67,1,64,200,1,1,1,520.14
108,1,3,68,12,64,200,2,2,1,715.82
108,1,3,69,9,64,200,2,2,1,507.21
108,1,3,70,12,64,200,2,2,1,500.98
108,1,3,71,5,64,200,2,2,1,680.64
108,1,3,72,11,64,200,2,2,1,486.3
108,1,3,73,2,64,200,1,1,1,758.86
108,1,3,74,9,64,200,2,2,1,468.24
108,1,3,75,13,64,200,2,2,1,686.93
108,1,3,76,9,64,200,2,2,1,484.63
108,1,3,77,4,64,200,1,1,1,1200.6
108,1,3,78,12,64,200,2,2,1,568.04
108,1,3,79,3,64,200,1,1,1,726.88
108,1,3,80,3,64,200,1,1,1,781.95
108,1,3,81,2,64,200,1,1,1,805.32
108,1,3,82,13,64,200,2,2,1,506.05
108,1,3,83,6,64,200,2,2,1,634.75
108,1,3,84,1,64,200,1,1,1,647.15
108,1,3,85,7,64,200,1,2,0,1475
