108,1,1,1,4,64,200,NaN,1,9,NaN
108,1,1,2,13,64,200,2,2,1,3778.8
108,1,1,3,2,64,200,1,1,1,4275.4
108,1,1,4,11,64,200,2,2,1,2475.8
108,1,1,5,1,64,200,2,1,0,1107.1
108,1,1,6,4,64,200,2,1,0,2323.5
108,1,1,7,10,64,200,2,2,1,2220.9
108,1,1,8,7,64,200,1,2,0,2460.2
108,1,1,9,3,64,200,2,1,0,2028.1
108,1,1,10,6,64,200,2,2,1,2385.1
108,1,1,11,12,64,200,1,2,0,1206.7
108,1,1,12,8,64,200,1,2,0,2701.3
108,1,1,13,5,64,200,1,2,0,2967.1
108,1,1,14,9,64,200,2,2,1,1674.3
108,1,1,15,3,64,200,1,1,1,2538.1
108,1,1,16,1,64,200,1,1,1,2428.7
108,1,1,17,2,64,200,1,1,1,1566.1
108,1,1,18,13,64,200,2,2,1,1731.2
108,1,1,19,1,64,200,1,1,1,1633.6
108,1,1,20,4,64,200,1,1,1,1756.4
108,1,1,21,2,64,200,1,1,1,1279.4
108,1,1,22,9,64,200,1,2,0,948.15
108,1,1,23,2,64,200,1,1,1,2020.4
108,1,1,24,8,64,200,2,2,1,1959.8
108,1,1,25,8,64,200,2,2,1,1050.3
108,1,1,26,5,64,200,1,2,0,1317.4
108,1,1,27,9,64,200,1,2,0,2053.9
108,1,1,28,11,64,200,2,2,1,1353.4
108,1,1,29,7,64,200,2,2,1,887.59
108,1,1,30,6,64,200,2,2,1,1978.5
108,1,1,31,3,64,200,1,1,1,514.5
108,1,1,32,10,64,200,2,2,1,745.44
108,1,1,33,8,64,200,1,2,0,1091.6
108,1,1,34,10,64,200,2,2,1,1543.8
108,1,1,35,3,64,200,2,1,0,1498.3
108,1,1,36,11,64,200,2,2,1,1460.2
108,1,1,37,13,64,200,2,2,1,1800.9
108,1,1,38,5,64,200,1,2,0,1960.4
108,1,1,39,5,64,200,2,2,1,1036.3
108,1,1,40,3,64,200,1,1,1,2734.5
108,1,1,41,13,64,200,2,2,1,657.91
108,1,1,42,13,64,200,2,2,1,598.65
108,1,1,43,1,64,200,1,1,1,1443.7
108,1,1,44,13,64,200,2,2,1,1456.5
108,1,1,45,9,64,200,2,2,1,712.86
108,1,1,46,3,64,200,1,1,1,1433.5
108,1,1,47,4,64,200,2,1,0,846.2
108,1,1,48,4,64,200,1,1,1,1162.9
108,1,1,49,12,64,200,2,2,1,989.58
108,1,1,50,9,64,200,2,2,1,1554.5
108,1,1,51,2,64,200,1,1,1,2527.2
108,1,1,52,4,64,200,2,1,0,2128.1
108,1,1,53,10,64,200,2,2,1,1726.6
108,1,1,54,1,64,200,1,1,1,1113.5
108,1,1,55,4,64,200,2,1,0,2074.1
108,1,1,56,1,64,200,1,1,1,1058.6
108,1,1,57,4,64,200,2,1,0,1329.9
108,1,1,58,5,64,200,2,2,1,1165.1
108,1,1,59,1,64,200,1,1,1,1112
108,1,1,60,12,64,200,2,2,1,862.86
108,1,1,61,2,64,200,2,1,0,2343.6
108,1,1,62,2,64,200,1,1,1,1953.2
108,1,1,63,4,64,200,2,1,0,1289.4
108,1,1,64,3,64,200,1,1,1,1458.5
108,1,1,65,7,64,200,2,2,1,1003.7
108,1,1,66,7,64,200,2,2,1,842.74
108,1,1,67,7,64,200,2,2,1,744.39
108,1,1,68,3,64,200,1,1,1,985.24
108,1,1,69,4,64,200,2,1,0,2751.5
108,1,1,70,3,64,200,2,1,0,2863.8
108,1,1,71,9,64,200,2,2,1,894.27
108,1,1,72,11,64,200,2,2,1,934.77
108,1,1,73,12,64,200,2,2,1,2866.3
108,1,1,74,12,64,200,2,2,1,499.35
108,1,1,75,11,64,200,2,2,1,1766.3
108,1,1,76,2,64,200,1,1,1,2204.2
108,1,1,77,5,64,200,1,2,0,2510.7
108,1,1,78,2,64,200,2,1,0,1796.4
108,1,1,79,10,64,200,2,2,1,795.42
108,1,1,80,6,64,200,2,2,1,1274.3
108,1,1,81,3,64,200,1,1,1,454.98
108,1,1,82,12,64,200,2,2,1,527.91
108,1,1,83,11,64,200,2,2,1,1103.9
108,1,1,84,8,64,200,2,2,1,1654.8
108,1,1,85,6,64,200,2,2,1,2114.8
108,1,1,86,4,64,200,2,1,0,1679.4
108,1,1,87,1,64,200,1,1,1,2695.4
108,1,1,88,10,64,200,2,2,1,1597.8
108,1,1,89,3,64,200,2,1,0,2074.9
108,1,1,90,8,64,200,2,2,1,1045.4
108,1,1,91,1,64,200,1,1,1,1614
108,1,1,92,1,64,200,1,1,1,809.19
108,1,1,93,6,64,200,2,2,1,1096.9
108,1,1,94,6,64,200,2,2,1,934.7
108,1,1,95,1,64,200,1,1,1,1618.6
108,1,1,96,3,64,200,1,1,1,2093.8
108,1,1,97,7,64,200,2,2,1,1232.4
108,1,1,98,2,64,200,1,1,1,1494.4
108,1,1,99,2,64,200,1,1,1,1531.2
108,1,1,100,2,64,200,1,1,1,2970.1
108,1,1,101,4,64,200,2,1,0,740.1
108,1,1,102,1,64,200,1,1,1,1211
108,1,1,1,4,64,200,2,1,0,1515.4
108,1,1,2,1,64,200,1,1,1,1315.1
108,1,1,3,11,64,200,2,2,1,767.5
108,1,1,4,5,64,200,2,2,1,921.24
108,1,1,5,4,64,200,2,1,0,2323.1
108,1,1,6,2,64,200,1,1,1,2467.9
108,1,1,7,11,64,200,2,2,1,834.16
108,1,1,8,9,64,200,2,2,1,660.08
108,1,1,9,2,64,200,1,1,1,2185.8
108,1,1,10,10,64,200,2,2,1,1586.8
108,1,1,11,2,64,200,1,1,1,1915
108,1,1,12,3,64,200,1,1,1,2108.1
108,1,1,13,2,64,200,1,1,1,2939.2
108,1,1,14,8,64,200,2,2,1,3196.1
108,1,1,15,5,64,200,1,2,0,2715.4
108,1,1,16,4,64,200,2,1,0,1512.6
108,1,1,17,12,64,200,2,2,1,855.73
108,1,1,18,8,64,200,2,2,1,629.14
108,1,1,19,11,64,200,2,2,1,581.76
108,1,1,20,2,64,200,1,1,1,1037.6
108,1,1,21,13,64,200,2,2,1,524.74
108,1,1,22,9,64,200,2,2,1,1060.9
108,1,1,23,12,64,200,2,2,1,1011.7
108,1,1,24,12,64,200,2,2,1,676.81
108,1,1,25,1,64,200,1,1,1,1014.1
108,1,1,26,4,64,200,1,1,1,2328
108,1,1,27,8,64,200,2,2,1,552.74
108,1,1,28,13,64,200,2,2,1,1105.1
108,1,1,29,13,64,200,2,2,1,1770.4
108,1,1,30,6,64,200,1,2,0,1859.8
108,1,1,31,11,64,200,2,2,1,749.17
108,1,1,32,2,64,200,1,1,1,782.67
108,1,1,33,6,64,200,2,2,1,2135.4
108,1,1,34,3,64,200,1,1,1,1535.3
108,1,1,35,7,64,200,2,2,1,1042.3
108,1,1,36,10,64,200,2,2,1,2295.6
108,1,1,37,7,64,200,2,2,1,1065.3
108,1,1,38,1,64,200,1,1,1,974.52
108,1,1,39,3,64,200,1,1,1,1230.5
108,1,1,40,1,64,200,1,1,1,987.66
108,1,1,41,3,64,200,1,1,1,1713.2
108,1,1,42,10,64,200,2,2,1,516.37
108,1,1,43,2,64,200,1,1,1,579.58
108,1,1,44,9,64,200,2,2,1,766.37
108,1,1,45,7,64,200,2,2,1,1401.9
108,1,1,46,3,64,200,1,1,1,1057.9
108,1,1,47,7,64,200,2,2,1,1344.6
108,1,1,48,1,64,200,1,1,1,755.61
108,1,1,49,10,64,200,2,2,1,802.77
108,1,1,50,2,64,200,1,1,1,1349.1
108,1,1,51,2,64,200,1,1,1,1300.7
108,1,1,52,3,64,200,1,1,1,1843.7
108,1,1,53,4,64,200,1,1,1,1436.8
108,1,1,54,4,64,200,2,1,0,1027.1
108,1,1,55,5,64,200,1,2,0,2341.4
108,1,1,56,1,64,200,1,1,1,694.86
108,1,1,57,2,64,200,1,1,1,788.08
108,1,1,58,13,64,200,2,2,1,877.22
108,1,1,59,9,64,200,2,2,1,727.5
108,1,1,60,10,64,200,2,2,1,3261.1
108,1,1,61,5,64,200,1,2,0,1935.3
108,1,1,62,13,64,200,2,2,1,1525.3
108,1,1,63,1,64,200,1,1,1,979.17
108,1,1,64,4,64,200,2,1,0,1367.2
108,1,1,65,3,64,200,2,1,0,1808.2
108,1,1,66,6,64,200,2,2,1,1551.6
108,1,1,67,12,64,200,2,2,1,761.66
108,1,1,68,3,64,200,1,1,1,2666
108,1,1,69,8,64,200,2,2,1,906.11
108,1,1,70,4,64,200,2,1,0,1012.1
108,1,1,71,6,64,200,2,2,1,1470.1
108,1,1,72,8,64,200,2,2,1,1119.3
108,1,1,73,4,64,200,2,1,0,2347.7
108,1,1,74,4,64,200,2,1,0,986.93
108,1,1,75,3,64,200,1,1,1,1127.1
108,1,1,76,1,64,200,1,1,1,573.45
108,1,1,77,12,64,200,2,2,1,522.75
108,1,1,78,11,64,200,2,2,1,969.22
108,1,1,79,5,64,200,1,2,0,1876.6
108,1,1,80,9,64,200,2,2,1,551.68
108,1,1,81,6,64,200,2,2,1,1159
108,1,1,82,1,64,200,1,1,1,1168.9
108,1,1,83,3,64,200,1,1,1,2182.2
108,1,1,84,1,64,200,1,1,1,679.56
108,1,1,85,7,64,200,2,2,1,1565.9
108,1,1,1,13,64,200,2,2,1,1353.8
108,1,1,2,12,64,200,2,2,1,782.72
108,1,1,3,7,64,200,2,2,1,693.76
108,1,1,4,5,64,200,1,2,0,1813.8
108,1,1,5,8,64,200,2,2,1,786.88
108,1,1,6,4,64,200,2,1,0,579.82
108,1,1,7,12,64,200,2,2,1,1378.5
108,1,1,8,1,64,200,1,1,1,872
108,1,1,9,10,64,200,2,2,1,483.95
108,1,1,10,4,64,200,2,1,0,1961.9
108,1,1,11,8,64,200,2,2,1,584.51
108,1,1,12,2,64,200,1,1,1,2227.6
108,1,1,13,3,64,200,2,1,0,1035.2
108,1,1,14,5,64,200,1,2,0,2151.1
108,1,1,15,6,64,200,2,2,1,1407.5
108,1,1,16,6,64,200,2,2,1,1322
108,1,1,17,4,64,200,2,1,0,1271.8
108,1,1,18,1,64,200,1,1,1,788.27
108,1,1,19,9,64,200,2,2,1,663.58
108,1,1,20,2,64,200,1,1,1,1114.5
108,1,1,21,3,64,200,1,1,1,1017.8
108,1,1,22,4,64,200,1,1,1,1140
108,1,1,23,3,64,200,1,1,1,865.85
108,1,1,24,13,64,200,2,2,1,1122
108,1,1,25,2,64,200,1,1,1,1390.4
108,1,1,26,9,64,200,2,2,1,1279.5
108,1,1,27,1,64,200,1,1,1,1037.2
108,1,1,28,8,64,200,2,2,1,680.37
108,1,1,29,11,64,200,2,2,1,563.97
108,1,1,30,1,64,200,1,1,1,689.78
108,1,1,31,3,64,200,1,1,1,790.27
108,1,1,32,13,64,200,2,2,1,838.93
108,1,1,33,6,64,200,2,2,1,2499.5
108,1,1,34,6,64,200,2,2,1,650.76
108,1,1,35,4,64,200,2,1,0,2598.3
108,1,1,36,5,64,200,2,2,1,2399.3
108,1,1,37,12,64,200,2,2,1,1688.8
108,1,1,38,5,64,200,2,2,1,2117.5
108,1,1,39,12,64,200,2,2,1,885.28
108,1,1,40,1,64,200,1,1,1,904.33
108,1,1,41,2,64,200,1,1,1,2477.1
108,1,1,42,1,64,200,1,1,1,828.74
108,1,1,43,7,64,200,2,2,1,1402.9
108,1,1,44,10,64,200,2,2,1,653.74
108,1,1,45,1,64,200,1,1,1,584.61
108,1,1,46,6,64,200,2,2,1,1137.8
108,1,1,47,7,64,200,2,2,1,660.52
108,1,1,48,4,64,200,2,1,0,1216.9
108,1,1,49,10,64,200,2,2,1,787.04
108,1,1,50,13,64,200,2,2,1,1451.7
108,1,1,51,4,64,200,2,1,0,1416.9
108,1,1,52,11,64,200,2,2,1,960.91
108,1,1,53,11,64,200,2,2,1,559.58
108,1,1,54,3,64,200,1,1,1,764.85
108,1,1,55,3,64,200,1,1,1,2021.9
108,1,1,56,4,64,200,2,1,0,838.54
108,1,1,57,10,64,200,2,2,1,628.4
108,1,1,58,3,64,200,1,1,1,2139.4
108,1,1,59,11,64,200,2,2,1,529.46
108,1,1,60,2,64,200,1,1,1,1067.6
108,1,1,61,3,64,200,1,1,1,891.6
108,1,1,62,4,64,200,1,1,1,1867
108,1,1,63,5,64,200,1,2,0,1189.6
108,1,1,64,9,64,200,2,2,1,782.42
108,1,1,65,2,64,200,1,1,1,2898.1
108,1,1,66,10,64,200,2,2,1,1960.2
108,1,1,67,8,64,200,2,2,1,1981.5
108,1,1,68,9,64,200,2,2,1,967.32
108,1,1,69,1,64,200,1,1,1,1070.7
108,1,1,70,2,64,200,1,1,1,2432.7
108,1,1,71,2,64,200,1,1,1,743.11
108,1,1,72,1,64,200,1,1,1,543.37
108,1,1,73,8,64,200,2,2,1,592.19
108,1,1,74,4,64,200,1,1,1,1037.2
108,1,1,75,13,64,200,2,2,1,519.66
108,1,1,76,3,64,200,1,1,1,790.71
108,1,1,77,1,64,200,1,1,1,559.43
108,1,1,78,2,64,200,1,1,1,743.07
108,1,1,79,12,64,200,2,2,1,742.78
108,1,1,80,2,64,200,1,1,1,950.7
108,1,1,81,11,64,200,2,2,1,928.89
108,1,1,82,7,64,200,2,2,1,859.36
108,1,1,83,7,64,200,2,2,1,562.01
108,1,1,84,3,64,200,2,1,0,565.78
108,1,1,85,9,64,200,2,2,1,970.97
108,1,1,1,13,64,200,2,2,1,2288.4
108,1,1,2,2,64,200,1,1,1,700.33
108,1,1,3,2,64,200,1,1,1,2689.1
108,1,1,4,13,64,200,2,2,1,998.31
108,1,1,5,3,64,200,2,1,0,1546.8
108,1,1,6,2,64,200,1,1,1,775.72
108,1,1,7,1,64,200,1,1,1,659.04
108,1,1,8,6,64,200,1,2,0,1094
108,1,1,9,3,64,200,1,1,1,1101.9
108,1,1,10,3,64,200,1,1,1,646.17
108,1,1,11,3,64,200,1,1,1,829.98
108,1,1,12,11,64,200,2,2,1,489.32
108,1,1,13,4,64,200,1,1,1,1588.4
108,1,1,14,2,64,200,1,1,1,975.76
108,1,1,15,1,64,200,1,1,1,1187.7
108,1,1,16,5,64,200,1,2,0,2221.6
108,1,1,17,9,64,200,2,2,1,750.79
108,1,1,18,13,64,200,2,2,1,1601
108,1,1,19,12,64,200,2,2,1,283.63
108,1,1,20,7,64,200,1,2,0,1046
108,1,1,21,12,64,200,2,2,1,816.21
108,1,1,22,13,64,200,2,2,1,423.2
108,1,1,23,5,64,200,1,2,0,3831.6
108,1,1,24,7,64,200,2,2,1,664.14
108,1,1,25,4,64,200,2,1,0,2805.3
108,1,1,26,10,64,200,2,2,1,1026.2
108,1,1,27,1,64,200,1,1,1,538.27
108,1,1,28,3,64,200,2,1,0,1862.2
108,1,1,29,4,64,200,2,1,0,1038.3
108,1,1,30,8,64,200,2,2,1,494.1
108,1,1,31,2,64,200,1,1,1,919.96
108,1,1,32,3,64,200,1,1,1,1988.6
108,1,1,33,1,64,200,2,1,0,571.79
108,1,1,34,7,64,200,2,2,1,686.56
108,1,1,35,1,64,200,1,1,1,960.66
108,1,1,36,6,64,200,2,2,1,1164.4
108,1,1,37,2,64,200,1,1,1,2822.4
108,1,1,38,1,64,200,1,1,1,1677.1
108,1,1,39,4,64,200,2,1,0,678.14
108,1,1,40,2,64,200,1,1,1,1411
108,1,1,41,11,64,200,2,2,1,1865.9
108,1,1,42,6,64,200,2,2,1,941.89
108,1,1,43,7,64,200,2,2,1,552.65
108,1,1,44,10,64,200,2,2,1,639.59
108,1,1,45,10,64,200,2,2,1,460.53
108,1,1,46,3,64,200,1,1,1,1035
108,1,1,47,6,64,200,2,2,1,946.84
108,1,1,48,4,64,200,2,1,0,708.26
108,1,1,49,4,64,200,2,1,0,1658.8
108,1,1,50,10,64,200,2,2,1,604.84
108,1,1,51,2,64,200,1,1,1,1565.1
108,1,1,52,6,64,200,2,2,1,1104.5
108,1,1,53,1,64,200,1,1,1,1042.1
108,1,1,54,1,64,200,1,1,1,1210.4
108,1,1,55,3,64,200,1,1,1,974.28
108,1,1,56,12,64,200,2,2,1,1773.1
108,1,1,57,5,64,200,2,2,1,2679.8
108,1,1,58,9,64,200,2,2,1,1253.7
108,1,1,59,13,64,200,2,2,1,756.05
108,1,1,60,11,64,200,2,2,1,533.8
108,1,1,61,8,64,200,2,2,1,687.77
108,1,1,62,4,64,200,1,1,1,1230.9
108,1,1,63,4,64,200,2,1,0,1328.8
108,1,1,64,12,64,200,2,2,1,632.61
108,1,1,65,9,64,200,2,2,1,670.14
108,1,1,66,1,64,200,1,1,1,849.32
108,1,1,67,4,64,200,1,1,1,1559.2
108,1,1,68,8,64,200,2,2,1,2412.4
108,1,1,69,9,64,200,2,2,1,503.21
108,1,1,70,2,64,200,1,1,1,832.97
108,1,1,71,1,64,200,1,1,1,770.57
108,1,1,72,11,64,200,2,2,1,1383.1
108,1,1,73,7,64,200,2,2,1,2369.3
108,1,1,74,3,64,200,1,1,1,1015.7
108,1,1,75,2,64,200,1,1,1,1061.1
108,1,1,76,8,64,200,2,2,1,1547.9
108,1,1,77,5,64,200,1,2,0,1936.1
108,1,1,78,11,64,200,2,2,1,810.59
108,1,1,79,10,64,200,2,2,1,596.26
108,1,1,80,12,64,200,2,2,1,731.95
108,1,1,81,3,64,200,1,1,1,1323.3
108,1,1,82,4,64,200,1,1,1,1896
108,1,1,83,8,64,200,2,2,1,968.6
108,1,1,84,5,64,200,2,2,1,1820.1
108,1,1,85,9,64,200,2,2,1,600.48
108,1,1,1,4,64,200,2,1,0,991.8
108,1,1,2,6,64,200,1,2,0,940.75
108,1,1,3,8,64,200,2,2,1,2197
108,1,1,4,11,64,200,2,2,1,642.7
108,1,1,5,5,64,200,2,2,1,1284.7
108,1,1,6,9,64,200,2,2,1,638.9
108,1,1,7,2,64,200,1,1,1,921.88
108,1,1,8,7,64,200,2,2,1,651.45
108,1,1,9,5,64,200,1,2,0,2701.8
108,1,1,10,3,64,200,2,1,0,623.35
108,1,1,11,2,64,200,1,1,1,1197
108,1,1,12,4,64,200,1,1,1,2873.5
108,1,1,13,10,64,200,2,2,1,561.66
108,1,1,14,2,64,200,1,1,1,1271.5
108,1,1,15,3,64,200,1,1,1,1112.9
108,1,1,16,13,64,200,2,2,1,566.81
108,1,1,17,6,64,200,1,2,0,920.95
108,1,1,18,3,64,200,1,1,1,798.58
108,1,1,19,2,64,200,1,1,1,871.5
108,1,1,20,2,64,200,1,1,1,2234.1
108,1,1,21,10,64,200,2,2,1,565.67
108,1,1,22,12,64,200,2,2,1,623.65
108,1,1,23,10,64,200,2,2,1,446.58
108,1,1,24,1,64,200,1,1,1,493.11
108,1,1,25,7,64,200,2,2,1,1197.9
108,1,1,26,4,64,200,2,1,0,1867.2
108,1,1,27,5,64,200,2,2,1,1897.3
108,1,1,28,3,64,200,1,1,1,868.2
108,1,1,29,7,64,200,1,2,0,682.42
108,1,1,30,7,64,200,2,2,1,1651.5
108,1,1,31,11,64,200,2,2,1,640.55
108,1,1,32,8,64,200,2,2,1,2490.5
108,1,1,33,2,64,200,1,1,1,562.27
108,1,1,34,6,64,200,1,2,0,1378.2
108,1,1,35,2,64,200,1,1,1,996.89
108,1,1,36,5,64,200,2,2,1,2591.9
108,1,1,37,7,64,200,2,2,1,1042
108,1,1,38,1,64,200,1,1,1,607.24
108,1,1,39,1,64,200,1,1,1,1880.6
108,1,1,40,12,64,200,2,2,1,1647.1
108,1,1,41,1,64,200,1,1,1,855.64
108,1,1,42,8,64,200,2,2,1,1886.8
108,1,1,43,5,64,200,1,2,0,604.63
108,1,1,44,1,64,200,1,1,1,813.29
108,1,1,45,4,64,200,1,1,1,709.36
108,1,1,46,9,64,200,2,2,1,854.25
108,1,1,47,4,64,200,2,1,0,2366.7
108,1,1,48,1,64,200,1,1,1,949.83
108,1,1,49,1,64,200,1,1,1,665.48
108,1,1,50,1,64,200,1,1,1,706
108,1,1,51,1,64,200,1,1,1,841.08
108,1,1,52,9,64,200,2,2,1,2408
108,1,1,53,3,64,200,1,1,1,1261.9
108,1,1,54,11,64,200,2,2,1,543.5
108,1,1,55,10,64,200,2,2,1,438.85
108,1,1,56,11,64,200,2,2,1,522.08
108,1,1,57,11,64,200,2,2,1,483.76
108,1,1,58,12,64,200,2,2,1,593.94
108,1,1,59,4,64,200,2,1,0,1069.8
108,1,1,60,3,64,200,1,1,1,711.06
108,1,1,61,13,64,200,2,2,1,842.16
108,1,1,62,4,64,200,1,1,1,2746.5
108,1,1,63,9,64,200,2,2,1,1095.8
108,1,1,64,3,64,200,1,1,1,1243.5
108,1,1,65,13,64,200,2,2,1,558.65
108,1,1,66,9,64,200,2,2,1,967.59
108,1,1,67,3,64,200,2,1,0,1816.8
108,1,1,68,3,64,200,1,1,1,705.52
108,1,1,69,4,64,200,2,1,0,1672.4
108,1,1,70,13,64,200,2,2,1,485.62
108,1,1,71,2,64,200,1,1,1,556.3
108,1,1,72,13,64,200,2,2,1,895.28
108,1,1,73,3,64,200,2,1,0,727.5
108,1,1,74,10,64,200,2,2,1,517.41
108,1,1,75,6,64,200,2,2,1,1317.3
108,1,1,76,1,64,200,1,1,1,1043.7
108,1,1,77,8,64,200,2,2,1,1694.6
108,1,1,78,12,64,200,2,2,1,1225.5
108,1,1,79,4,64,200,2,1,0,989.38
108,1,1,80,2,64,200,1,1,1,482.06
108,1,1,81,12,64,200,2,2,1,388.4
108,1,1,82,2,64,200,1,1,1,496.95
108,1,1,83,8,64,200,2,2,1,875.17
108,1,1,84,4,64,200,1,1,1,1143.4
108,1,1,85,6,64,200,1,2,0,2906.2
108,1,1,1,1,64,200,1,1,1,2759.6
108,1,1,2,2,64,200,1,1,1,2210.5
108,1,1,3,9,64,200,2,2,1,979.43
108,1,1,4,3,64,200,2,1,0,3079.6
108,1,1,5,4,64,200,1,1,1,1045.4
108,1,1,6,1,64,200,1,1,1,566.29
108,1,1,7,5,64,200,2,2,1,2223.5
108,1,1,8,9,64,200,2,2,1,1020.1
108,1,1,9,5,64,200,2,2,1,2304.2
108,1,1,10,5,64,200,2,2,1,2360.5
108,1,1,11,6,64,200,2,2,1,617.37
108,1,1,12,4,64,200,1,1,1,2571.3
108,1,1,13,8,64,200,2,2,1,641.08
108,1,1,14,1,64,200,1,1,1,558.39
108,1,1,15,4,64,200,2,1,0,4047.2
108,1,1,16,1,64,200,1,1,1,1271.3
108,1,1,17,3,64,200,1,1,1,3378.8
108,1,1,18,10,64,200,2,2,1,2348.7
108,1,1,19,3,64,200,1,1,1,3797.5
108,1,1,20,2,64,200,1,1,1,2780.4
108,1,1,21,11,64,200,2,2,1,2533.3
108,1,1,22,9,64,200,2,2,1,2661.3
108,1,1,23,8,64,200,2,2,1,829.29
108,1,1,24,7,64,200,2,2,1,3489.1
108,1,1,25,3,64,200,2,1,0,2473.1
108,1,1,26,3,64,200,1,1,1,1026.4
108,1,1,27,2,64,200,1,1,1,1363.2
108,1,1,28,10,64,200,2,2,1,1852.4
108,1,1,29,2,64,200,1,1,1,533.84
108,1,1,30,13,64,200,2,2,1,711.16
108,1,1,31,11,64,200,2,2,1,537.35
108,1,1,32,4,64,200,1,1,1,1246.7
108,1,1,33,3,64,200,1,1,1,813.56
108,1,1,34,6,64,200,2,2,1,1914
108,1,1,35,12,64,200,2,2,1,1929.9
108,1,1,36,3,64,200,1,1,1,977.59
108,1,1,37,6,64,200,2,2,1,1607
108,1,1,38,2,64,200,1,1,1,584.64
108,1,1,39,10,64,200,2,2,1,562.03
108,1,1,40,13,64,200,2,2,1,734.32
108,1,1,41,12,64,200,2,2,1,530.79
108,1,1,42,4,64,200,1,1,1,894.6
108,1,1,43,1,64,200,1,1,1,544.09
108,1,1,44,1,64,200,1,1,1,592.46
108,1,1,45,2,64,200,1,1,1,1044.4
108,1,1,46,1,64,200,1,1,1,2738.8
108,1,1,47,5,64,200,2,2,1,4176.6
108,1,1,48,3,64,200,1,1,1,2414.1
108,1,1,49,1,64,200,1,1,1,576.08
108,1,1,50,1,64,200,1,1,1,710.92
108,1,1,51,12,64,200,2,2,1,540.37
108,1,1,52,2,64,200,1,1,1,808.75
108,1,1,53,10,64,200,2,2,1,437.62
108,1,1,54,13,64,200,2,2,1,545.95
108,1,1,55,11,64,200,2,2,1,647.22
108,1,1,56,2,64,200,1,1,1,1123.8
108,1,1,57,8,64,200,2,2,1,645.88
108,1,1,58,3,64,200,1,1,1,882.35
108,1,1,59,2,64,200,1,1,1,1308
108,1,1,60,4,64,200,1,1,1,955.51
108,1,1,61,4,64,200,1,1,1,552.28
108,1,1,62,13,64,200,2,2,1,576.16
108,1,1,63,9,64,200,2,2,1,1133.6
108,1,1,64,8,64,200,1,2,0,1164.2
108,1,1,65,9,64,200,2,2,1,640.47
108,1,1,66,12,64,200,2,2,1,711.15
108,1,1,67,4,64,200,1,1,1,674.24
108,1,1,68,7,64,200,1,2,0,754.89
108,1,1,69,7,64,200,2,2,1,3035.2
108,1,1,70,10,64,200,2,2,1,461.67
108,1,1,71,5,64,200,2,2,1,1174.5
108,1,1,72,3,64,200,1,1,1,1183.8
108,1,1,73,1,64,200,1,1,1,683.34
108,1,1,74,6,64,200,2,2,1,2335.6
108,1,1,75,7,64,200,2,2,1,1598.1
108,1,1,76,13,64,200,2,2,1,1144.9
108,1,1,77,12,64,200,2,2,1,604.73
108,1,1,78,8,64,200,2,2,1,1170.2
108,1,1,79,4,64,200,1,1,1,1711.2
108,1,1,80,4,64,200,1,1,1,1229.6
108,1,1,81,11,64,200,2,2,1,537.83
108,1,1,82,2,64,200,1,1,1,783.29
108,1,1,83,6,64,200,2,2,1,1940.7
108,1,1,84,7,64,200,2,2,1,2435.7
108,1,1,85,11,64,200,2,2,1,806.35
108,1,1,1,4,64,200,2,1,0,1522.5
108,1,1,2,2,64,200,1,1,1,689.67
108,1,1,3,6,64,200,1,2,0,605.56
108,1,1,4,5,64,200,2,2,1,2645.4
108,1,1,5,2,64,200,2,1,0,639.57
108,1,1,6,7,64,200,2,2,1,842.66
108,1,1,7,2,64,200,1,1,1,2483.8
108,1,1,8,5,64,200,2,2,1,1000
108,1,1,9,9,64,200,2,2,1,785.68
108,1,1,10,3,64,200,1,1,1,1796.3
108,1,1,11,3,64,200,1,1,1,1432.5
108,1,1,12,3,64,200,1,1,1,538.42
108,1,1,13,4,64,200,2,1,0,2691.5
108,1,1,14,3,64,200,1,1,1,733.7
108,1,1,15,3,64,200,1,1,1,486.22
108,1,1,16,3,64,200,1,1,1,447.12
108,1,1,17,2,64,200,1,1,1,1133.6
108,1,1,18,5,64,200,2,2,1,1765.1
108,1,1,19,12,64,200,2,2,1,339.71
108,1,1,20,9,64,200,2,2,1,614.76
108,1,1,21,4,64,200,1,1,1,907.47
108,1,1,22,1,64,200,1,1,1,667.92
108,1,1,23,4,64,200,1,1,1,1594.9
108,1,1,24,1,64,200,1,1,1,598.62
108,1,1,25,1,64,200,1,1,1,473.44
108,1,1,26,8,64,200,2,2,1,721.86
108,1,1,27,2,64,200,1,1,1,1206.6
108,1,1,28,5,64,200,2,2,1,2386.7
108,1,1,29,3,64,200,1,1,1,985.12
108,1,1,30,12,64,200,2,2,1,579.4
108,1,1,31,2,64,200,1,1,1,1162.7
108,1,1,32,4,64,200,1,1,1,591.42
108,1,1,33,13,64,200,2,2,1,528.11
108,1,1,34,11,64,200,2,2,1,370.96
108,1,1,35,7,64,200,2,2,1,930.07
108,1,1,36,10,64,200,2,2,1,490.08
108,1,1,37,4,64,200,2,1,0,917.28
108,1,1,38,10,64,200,2,2,1,898.24
108,1,1,39,9,64,200,2,2,1,2193.1
108,1,1,40,7,64,200,2,2,1,2004.1
108,1,1,41,2,64,200,1,1,1,424.81
108,1,1,42,10,64,200,2,2,1,469.96
108,1,1,43,9,64,200,2,2,1,935.46
108,1,1,44,6,64,200,2,2,1,657.53
108,1,1,45,12,64,200,2,2,1,709.7
108,1,1,46,10,64,200,2,2,1,472.36
108,1,1,47,7,64,200,2,2,1,1671.2
108,1,1,48,11,64,200,2,2,1,645.21
108,1,1,49,11,64,200,2,2,1,632.71
108,1,1,50,10,64,200,2,2,1,345.79
108,1,1,51,11,64,200,2,2,1,373.07
108,1,1,52,2,64,200,1,1,1,497.73
108,1,1,53,2,64,200,1,1,1,465.45
108,1,1,54,7,64,200,2,2,1,1333
108,1,1,55,6,64,200,2,2,1,1341.2
108,1,1,56,4,64,200,1,1,1,782.24
108,1,1,57,8,64,200,2,2,1,1290.7
108,1,1,58,12,64,200,2,2,1,1342.4
108,1,1,59,4,64,200,2,1,0,1826.7
108,1,1,60,1,64,200,1,1,1,463.63
108,1,1,61,6,64,200,2,2,1,996.59
108,1,1,62,8,64,200,2,2,1,1865.5
108,1,1,63,3,64,200,1,1,1,578.08
108,1,1,64,2,64,200,1,1,1,1303.8
108,1,1,65,1,64,200,1,1,1,456.92
108,1,1,66,9,64,200,2,2,1,611.03
108,1,1,67,6,64,200,2,2,1,1904.9
108,1,1,68,4,64,200,1,1,1,2489.6
108,1,1,69,13,64,200,2,2,1,1527.2
108,1,1,70,1,64,200,1,1,1,2133.4
108,1,1,71,3,64,200,1,1,1,1039.8
108,1,1,72,13,64,200,2,2,1,511.25
108,1,1,73,3,64,200,1,1,1,501.23
108,1,1,74,1,64,200,1,1,1,443.06
108,1,1,75,11,64,200,2,2,1,518.71
108,1,1,76,1,64,200,1,1,1,513.43
108,1,1,77,12,64,200,2,2,1,789.37
108,1,1,78,13,64,200,2,2,1,481.8
108,1,1,79,5,64,200,2,2,1,955.2
108,1,1,80,4,64,200,1,1,1,776.23
108,1,1,81,1,64,200,1,1,1,970.45
108,1,1,82,1,64,200,1,1,1,468.77
108,1,1,83,13,64,200,2,2,1,3193.4
108,1,1,84,8,64,200,2,2,1,1061.7
108,1,1,85,8,64,200,2,2,1,497.65
108,1,1,1,11,64,200,2,2,1,668.01
108,1,1,2,4,64,200,2,1,0,1657.6
108,1,1,3,10,64,200,2,2,1,499.94
108,1,1,4,2,64,200,1,1,1,805.73
108,1,1,5,13,64,200,2,2,1,756.83
108,1,1,6,5,64,200,1,2,0,1558.2
108,1,1,7,6,64,200,2,2,1,1105.8
108,1,1,8,10,64,200,2,2,1,727.06
108,1,1,9,9,64,200,2,2,1,1050.4
108,1,1,10,11,64,200,2,2,1,2919.5
108,1,1,11,2,64,200,1,1,1,3241.5
108,1,1,12,13,64,200,2,2,1,4299.3
108,1,1,13,3,64,200,1,1,1,4979.3
108,1,1,14,2,64,200,1,1,1,3840.7
108,1,1,15,3,64,200,1,1,1,1430.3
108,1,1,16,3,64,200,1,1,1,581.68
108,1,1,17,1,64,200,1,1,1,474.83
108,1,1,18,6,64,200,2,2,1,946.89
108,1,1,19,4,64,200,1,1,1,3260.6
108,1,1,20,3,64,200,1,1,1,2463.3
108,1,1,21,8,64,200,2,2,1,3125.2
108,1,1,22,10,64,200,2,2,1,777.4
108,1,1,23,4,64,200,1,1,1,2941.3
108,1,1,24,8,64,200,2,2,1,800.35
108,1,1,25,1,64,200,1,1,1,2353.3
108,1,1,26,9,64,200,2,2,1,930.52
108,1,1,27,4,64,200,1,1,1,1452.5
108,1,1,28,4,64,200,1,1,1,1123.7
108,1,1,29,7,64,200,2,2,1,1412.4
108,1,1,30,6,64,200,2,2,1,1230.8
108,1,1,31,1,64,200,1,1,1,1295
108,1,1,32,2,64,200,1,1,1,1333.9
108,1,1,33,6,64,200,2,2,1,3149.7
108,1,1,34,2,64,200,1,1,1,1454.4
108,1,1,35,1,64,200,1,1,1,1269.3
108,1,1,36,8,64,200,2,2,1,985.5
108,1,1,37,5,64,200,1,2,0,1537.9
108,1,1,38,4,64,200,1,1,1,738.11
108,1,1,39,11,64,200,2,2,1,521.34
108,1,1,40,9,64,200,2,2,1,718.97
108,1,1,41,10,64,200,2,2,1,822.94
108,1,1,42,13,64,200,2,2,1,1979.7
108,1,1,43,12,64,200,2,2,1,528.85
108,1,1,44,12,64,200,2,2,1,704.93
108,1,1,45,7,64,200,2,2,1,2272.2
108,1,1,46,11,64,200,2,2,1,534.2
108,1,1,47,12,64,200,2,2,1,1323.2
108,1,1,48,13,64,200,2,2,1,509.94
108,1,1,49,2,64,200,1,1,1,482.13
108,1,1,50,5,64,200,1,2,0,353.85
108,1,1,51,2,64,200,1,1,1,1592.6
108,1,1,52,3,64,200,1,1,1,971.55
108,1,1,53,10,64,200,2,2,1,573.3
108,1,1,54,1,64,200,2,1,0,471.96
108,1,1,55,9,64,200,2,2,1,625.58
108,1,1,56,3,64,200,1,1,1,1288.8
108,1,1,57,12,64,200,2,2,1,1071.9
108,1,1,58,7,64,200,2,2,1,1299.5
108,1,1,59,1,64,200,1,1,1,1644.6
108,1,1,60,2,64,200,1,1,1,1505.3
108,1,1,61,1,64,200,1,1,1,900.2
108,1,1,62,4,64,200,2,1,0,1107.2
108,1,1,63,3,64,200,1,1,1,1222
108,1,1,64,12,64,200,2,2,1,630.38
108,1,1,65,2,64,200,1,1,1,835.89
108,1,1,66,13,64,200,2,2,1,626.45
108,1,1,67,1,64,200,1,1,1,804.46
108,1,1,68,4,64,200,1,1,1,961.41
108,1,1,69,9,64,200,2,2,1,607.44
108,1,1,70,11,64,200,2,2,1,539.46
108,1,1,71,8,64,200,2,2,1,1094.4
108,1,1,72,6,64,200,2,2,1,1531.2
108,1,1,73,7,64,200,1,2,0,616.84
108,1,1,74,1,64,200,1,1,1,766.07
108,1,1,75,5,64,200,2,2,1,958.87
108,1,1,76,4,64,200,2,1,0,1034.7
108,1,1,77,2,64,200,1,1,1,440.08
108,1,1,78,3,64,200,1,1,1,496.58
108,1,1,79,1,64,200,1,1,1,434.48
108,1,1,80,7,64,200,1,2,0,1574.4
108,1,1,81,3,64,200,1,1,1,670.91
108,1,1,82,8,64,200,2,2,1,611.82
108,1,1,83,5,64,200,2,2,1,1170.4
108,1,1,84,4,64,200,1,1,1,837.38
108,1,1,85,3,64,200,1,1,1,722.73
108,1,1,1,3,64,200,2,1,0,1512.2
108,1,1,2,8,64,200,2,2,1,1119.3
108,1,1,3,1,64,200,1,1,1,2334.3
108,1,1,4,2,64,200,2,1,0,1631.7
108,1,1,5,9,64,200,2,2,1,628.63
108,1,1,6,11,64,200,2,2,1,885.73
108,1,1,7,6,64,200,2,2,1,3603.9
108,1,1,8,1,64,200,1,1,1,1082.1
108,1,1,9,1,64,200,1,1,1,708.08
108,1,1,10,1,64,200,1,1,1,513.55
108,1,1,11,10,64,200,2,2,1,513.85
108,1,1,12,13,64,200,2,2,1,663.78
108,1,1,13,3,64,200,1,1,1,689.41
108,1,1,14,5,64,200,2,2,1,1170.3
108,1,1,15,11,64,200,2,2,1,503.37
108,1,1,16,9,64,200,2,2,1,761.63
108,1,1,17,2,64,200,1,1,1,1166.1
108,1,1,18,13,64,200,2,2,1,693.9
108,1,1,19,1,64,200,1,1,1,890.55
108,1,1,20,7,64,200,2,2,1,1085
108,1,1,21,3,64,200,1,1,1,737.9
108,1,1,22,4,64,200,2,1,0,2419.6
108,1,1,23,12,64,200,2,2,1,561.85
108,1,1,24,5,64,200,2,2,1,1123.5
108,1,1,25,4,64,200,2,1,0,1392.2
108,1,1,26,4,64,200,1,1,1,595.99
108,1,1,27,3,64,200,1,1,1,1025.4
108,1,1,28,10,64,200,2,2,1,577.33
108,1,1,29,9,64,200,2,2,1,744.53
108,1,1,30,4,64,200,1,1,1,855.53
108,1,1,31,13,64,200,2,2,1,1054.4
108,1,1,32,1,64,200,1,1,1,854.13
108,1,1,33,11,64,200,2,2,1,654.36
108,1,1,34,5,64,200,2,2,1,1227
108,1,1,35,6,64,200,2,2,1,797.8
108,1,1,36,3,64,200,1,1,1,801.42
108,1,1,37,2,64,200,1,1,1,894.75
108,1,1,38,5,64,200,1,2,0,2276
108,1,1,39,6,64,200,2,2,1,663.48
108,1,1,40,8,64,200,2,2,1,1028.3
108,1,1,41,4,64,200,2,1,0,997.44
108,1,1,42,7,64,200,2,2,1,610.76
108,1,1,43,13,64,200,2,2,1,701.68
108,1,1,44,4,64,200,1,1,1,749.44
108,1,1,45,3,64,200,1,1,1,1011
108,1,1,46,8,64,200,2,2,1,625.25
108,1,1,47,4,64,200,1,1,1,1222.5
108,1,1,48,11,64,200,2,2,1,490.55
108,1,1,49,9,64,200,2,2,1,567.26
108,1,1,50,2,64,200,1,1,1,1400.3
108,1,1,51,12,64,200,2,2,1,528.86
108,1,1,52,7,64,200,2,2,1,1862.7
108,1,1,53,8,64,200,2,2,1,1548.1
108,1,1,54,10,64,200,2,2,1,565.36
108,1,1,55,13,64,200,2,2,1,521.24
108,1,1,56,2,64,200,1,1,1,922.22
108,1,1,57,2,64,200,1,1,1,815.74
108,1,1,58,3,64,200,1,1,1,1286.1
108,1,1,59,7,64,200,2,2,1,1426.4
108,1,1,60,4,64,200,2,1,0,1941.6
108,1,1,61,3,64,200,2,1,0,1402.2
108,1,1,62,1,64,200,2,1,0,3448.9
108,1,1,63,11,64,200,2,2,1,2372.1
108,1,1,64,6,64,200,2,2,1,1834.4
108,1,1,65,1,64,200,1,1,1,1406.8
108,1,1,66,1,64,200,1,1,1,752.67
108,1,1,67,3,64,200,1,1,1,2727.8
108,1,1,68,1,64,200,1,1,1,2999.1
108,1,1,69,12,64,200,2,2,1,657.22
108,1,1,70,2,64,200,1,1,1,1299.1
108,1,1,71,2,64,200,1,1,1,2141.8
108,1,1,72,7,64,200,2,2,1,866.07
108,1,1,73,9,64,200,2,2,1,678.27
108,1,1,74,2,64,200,1,1,1,3866.7
108,1,1,75,2,64,200,1,1,1,1394.8
108,1,1,76,6,64,200,2,2,1,889.21
108,1,1,77,10,64,200,2,2,1,2642
108,1,1,78,4,64,200,1,1,1,1814
108,1,1,79,12,64,200,2,2,1,542.95
108,1,1,80,5,64,200,2,2,1,2470.3
108,1,1,81,12,64,200,2,2,1,795.8
108,1,1,82,10,64,200,2,2,1,466.96
108,1,1,83,8,64,200,2,2,1,715.06
108,1,1,84,4,64,200,1,1,1,1923.5
108,1,1,85,3,64,200,1,1,1,717.76
108,1,1,1,4,64,200,2,1,0,934.13
108,1,1,2,12,64,200,2,2,1,470.6
108,1,1,3,2,64,200,1,1,1,856.15
108,1,1,4,3,64,200,1,1,1,1389.3
108,1,1,5,12,64,200,2,2,1,459.7
108,1,1,6,3,64,200,1,1,1,1457.1
108,1,1,7,11,64,200,2,2,1,484.65
108,1,1,8,1,64,200,1,1,1,2123.1
108,1,1,9,1,64,200,1,1,1,433.04
108,1,1,10,13,64,200,2,2,1,514.22
108,1,1,11,10,64,200,2,2,1,427.3
108,1,1,12,8,64,200,2,2,1,775.66
108,1,1,13,10,64,200,2,2,1,652.4
108,1,1,14,12,64,200,2,2,1,599.11
108,1,1,15,4,64,200,2,1,0,2168.8
108,1,1,16,7,64,200,2,2,1,662.69
108,1,1,17,6,64,200,1,2,0,2722.2
108,1,1,18,3,64,200,1,1,1,1147.4
108,1,1,19,4,64,200,1,1,1,953.16
108,1,1,20,2,64,200,1,1,1,969.33
108,1,1,21,8,64,200,2,2,1,1216
108,1,1,22,12,64,200,2,2,1,2124.5
108,1,1,23,4,64,200,2,1,0,1996.2
108,1,1,24,4,64,200,2,1,0,904.64
108,1,1,25,2,64,200,1,1,1,760.46
108,1,1,26,12,64,200,2,2,1,667.68
108,1,1,27,11,64,200,2,2,1,576.1
108,1,1,28,9,64,200,2,2,1,1127.9
108,1,1,29,7,64,200,2,2,1,1022.1
108,1,1,30,9,64,200,2,2,1,1466.1
108,1,1,31,6,64,200,2,2,1,2073.6
108,1,1,32,1,64,200,1,1,1,1048.1
108,1,1,33,9,64,200,2,2,1,1090.7
108,1,1,34,4,64,200,1,1,1,844.91
108,1,1,35,10,64,200,2,2,1,513.94
108,1,1,36,3,64,200,1,1,1,691.07
108,1,1,37,5,64,200,2,2,1,911.97
108,1,1,38,4,64,200,1,1,1,3727.5
108,1,1,39,10,64,200,2,2,1,611.62
108,1,1,40,7,64,200,2,2,1,1060.9
108,1,1,41,13,64,200,2,2,1,717.57
108,1,1,42,6,64,200,2,2,1,1291.1
108,1,1,43,2,64,200,1,1,1,1467.7
108,1,1,44,9,64,200,2,2,1,841.05
108,1,1,45,7,64,200,2,2,1,1354.3
108,1,1,46,8,64,200,2,2,1,821.13
108,1,1,47,1,64,200,1,1,1,1067.1
108,1,1,48,1,64,200,1,1,1,2106.3
108,1,1,49,2,64,200,1,1,1,1146.2
108,1,1,50,5,64,200,1,2,0,2330.3
108,1,1,51,3,64,200,1,1,1,911.17
108,1,1,52,11,64,200,2,2,1,610.84
108,1,1,53,5,64,200,1,2,0,3632.7
108,1,1,54,4,64,200,2,1,0,1302.6
108,1,1,55,7,64,200,2,2,1,989.92
108,1,1,56,4,64,200,2,1,0,1546.5
108,1,1,57,11,64,200,2,2,1,509.04
108,1,1,58,2,64,200,1,1,1,681.06
108,1,1,59,3,64,200,1,1,1,2035.8
108,1,1,60,13,64,200,2,2,1,508.04
108,1,1,61,13,64,200,2,2,1,634.57
108,1,1,62,10,64,200,2,2,1,407.35
108,1,1,63,9,64,200,2,2,1,794.77
108,1,1,64,1,64,200,1,1,1,879.54
108,1,1,65,1,64,200,1,1,1,1432.5
108,1,1,66,1,64,200,1,1,1,556.5
108,1,1,67,3,64,200,1,1,1,855.05
108,1,1,68,2,64,200,2,1,0,899.61
108,1,1,69,5,64,200,2,2,1,611.7
108,1,1,70,3,64,200,1,1,1,711.76
108,1,1,71,8,64,200,2,2,1,849.51
108,1,1,72,8,64,200,2,2,1,1088.3
108,1,1,73,2,64,200,1,1,1,1303.3
108,1,1,74,11,64,200,2,2,1,668.02
108,1,1,75,1,64,200,1,1,1,1087.7
108,1,1,76,2,64,200,2,1,0,1234.4
108,1,1,77,6,64,200,2,2,1,2896.3
108,1,1,78,4,64,200,2,1,0,541.21
108,1,1,79,1,64,200,1,1,1,1087.4
108,1,1,80,3,64,200,1,1,1,1391.8
108,1,1,81,5,64,200,2,2,1,1530
108,1,1,82,2,64,200,1,1,1,667.8
108,1,1,83,6,64,200,2,2,1,619.6
108,1,1,84,13,64,200,2,2,1,599.35
108,1,1,85,3,64,200,1,1,1,620.22
