106,1,1,1,3,64,200,NaN,1,9,NaN
106,1,1,2,5,64,200,2,2,1,1474.5
106,1,1,3,6,64,200,2,2,1,846.72
106,1,1,4,12,64,200,2,2,1,1112.1
106,1,1,5,13,64,200,2,2,1,833.34
106,1,1,6,1,64,200,1,1,1,2292.7
106,1,1,7,4,64,200,2,1,0,2498
106,1,1,8,2,64,200,1,1,1,3127.1
106,1,1,9,10,64,200,2,2,1,823.74
106,1,1,10,4,64,200,1,1,1,1961.3
106,1,1,11,1,64,200,1,1,1,1712.7
106,1,1,12,11,64,200,2,2,1,1069.2
106,1,1,13,9,64,200,2,2,1,1376.8
106,1,1,14,3,64,200,1,1,1,1047.2
106,1,1,15,7,64,200,1,2,0,1394.4
106,1,1,16,8,64,200,2,2,1,2579
106,1,1,17,2,64,200,2,1,0,3007.4
106,1,1,18,6,64,200,2,2,1,1071.6
106,1,1,19,9,64,200,2,2,1,593.57
106,1,1,20,7,64,200,1,2,0,1083.5
106,1,1,21,10,64,200,2,2,1,787.37
106,1,1,22,1,64,200,1,1,1,1314.9
106,1,1,23,6,64,200,2,2,1,915.68
106,1,1,24,3,64,200,1,1,1,1377.7
106,1,1,25,3,64,200,1,1,1,1441
106,1,1,26,13,64,200,2,2,1,742.8
106,1,1,27,12,64,200,2,2,1,684.93
106,1,1,28,3,64,200,1,1,1,1308.2
106,1,1,29,2,64,200,2,1,0,1558.9
106,1,1,30,8,64,200,2,2,1,1915.5
106,1,1,31,4,64,200,1,1,1,2061.6
106,1,1,32,3,64,200,1,1,1,1015.6
106,1,1,33,5,64,200,2,2,1,603.66
106,1,1,34,2,64,200,1,1,1,1342.9
106,1,1,35,9,64,200,2,2,1,581.77
106,1,1,36,13,64,200,2,2,1,629.24
106,1,1,37,2,64,200,1,1,1,936.1
106,1,1,38,3,64,200,1,1,1,1003.2
106,1,1,39,2,64,200,1,1,1,1133.2
106,1,1,40,4,64,200,1,1,1,1325.1
106,1,1,41,2,64,200,1,1,1,957.77
106,1,1,42,12,64,200,2,2,1,622.86
106,1,1,43,10,64,200,2,2,1,773.27
106,1,1,44,3,64,200,1,1,1,991.25
106,1,1,45,13,64,200,2,2,1,625.56
106,1,1,46,4,64,200,2,1,0,1700.7
106,1,1,47,5,64,200,2,2,1,930.84
106,1,1,48,9,64,200,2,2,1,651.48
106,1,1,49,1,64,200,1,1,1,868.09
106,1,1,50,4,64,200,1,1,1,1491.8
106,1,1,51,1,64,200,1,1,1,802.38
106,1,1,52,5,64,200,2,2,1,679.33
106,1,1,53,1,64,200,1,1,1,839.37
106,1,1,54,11,64,200,2,2,1,708.77
106,1,1,55,12,64,200,2,2,1,595.94
106,1,1,56,5,64,200,2,2,1,596.55
106,1,1,57,2,64,200,1,1,1,1099.2
106,1,1,58,2,64,200,1,1,1,1063.7
106,1,1,59,12,64,200,2,2,1,696.71
106,1,1,60,4,64,200,1,1,1,1085.3
106,1,1,61,6,64,200,2,2,1,654.16
106,1,1,62,10,64,200,2,2,1,528.42
106,1,1,63,12,64,200,2,2,1,427.03
106,1,1,64,11,64,200,2,2,1,685.09
106,1,1,65,4,64,200,1,1,1,1052.5
106,1,1,66,6,64,200,2,2,1,818.89
106,1,1,67,13,64,200,2,2,1,517.62
106,1,1,68,7,64,200,1,2,0,571.91
106,1,1,69,11,64,200,2,2,1,916.93
106,1,1,70,3,64,200,1,1,1,952.29
106,1,1,71,1,64,200,1,1,1,940.5
106,1,1,72,10,64,200,2,2,1,885.99
106,1,1,73,11,64,200,2,2,1,441.97
106,1,1,74,1,64,200,1,1,1,622.49
106,1,1,75,1,64,200,1,1,1,957.04
106,1,1,76,8,64,200,2,2,1,1491
106,1,1,77,5,64,200,2,2,1,1082.6
106,1,1,78,1,64,200,1,1,1,861.64
106,1,1,79,9,64,200,2,2,1,1324.5
106,1,1,80,9,64,200,2,2,1,550.23
106,1,1,81,8,64,200,2,2,1,1448.8
106,1,1,82,2,64,200,1,1,1,914.3
106,1,1,83,10,64,200,2,2,1,997.97
106,1,1,84,4,64,200,1,1,1,1584.4
106,1,1,85,8,64,200,2,2,1,1416.1
106,1,1,86,6,64,200,2,2,1,850.07
106,1,1,87,7,64,200,2,2,1,1352.2
106,1,1,88,7,64,200,2,2,1,1185.1
106,1,1,89,3,64,200,1,1,1,1308.3
106,1,1,90,2,64,200,2,1,0,786.18
106,1,1,91,4,64,200,1,1,1,1894.5
106,1,1,92,7,64,200,2,2,1,1554.6
106,1,1,93,3,64,200,1,1,1,1447.5
106,1,1,94,1,64,200,1,1,1,827.03
106,1,1,95,11,64,200,2,2,1,1462.2
106,1,1,96,2,64,200,2,1,0,1056.7
106,1,1,97,4,64,200,1,1,1,1571.9
106,1,1,98,13,64,200,2,2,1,754.61
106,1,1,99,8,64,200,2,2,1,1359.1
106,1,1,100,4,64,200,1,1,1,1396.6
106,1,1,101,3,64,200,1,1,1,995.48
106,1,1,102,1,64,200,1,1,1,801.81
106,1,1,1,3,64,200,1,1,1,799.76
106,1,1,2,9,64,200,2,2,1,727.91
106,1,1,3,7,64,200,1,2,0,714.5
106,1,1,4,4,64,200,1,1,1,1469
106,1,1,5,13,64,200,2,2,1,978.17
106,1,1,6,8,64,200,2,2,1,1321.5
106,1,1,7,9,64,200,2,2,1,815.07
106,1,1,8,2,64,200,1,1,1,956.39
106,1,1,9,2,64,200,1,1,1,1178.9
106,1,1,10,4,64,200,1,1,1,879.46
106,1,1,11,4,64,200,1,1,1,1037.3
106,1,1,12,7,64,200,1,2,0,870.08
106,1,1,13,10,64,200,2,2,1,784.53
106,1,1,14,7,64,200,2,2,1,1747.8
106,1,1,15,3,64,200,1,1,1,1003
106,1,1,16,1,64,200,1,1,1,991.3
106,1,1,17,13,64,200,2,2,1,847.92
106,1,1,18,9,64,200,2,2,1,786.23
106,1,1,19,1,64,200,1,1,1,1415.8
106,1,1,20,9,64,200,2,2,1,661.3
106,1,1,21,1,64,200,1,1,1,667.6
106,1,1,22,12,64,200,2,2,1,803.72
106,1,1,23,11,64,200,2,2,1,798.35
106,1,1,24,1,64,200,1,1,1,885.04
106,1,1,25,11,64,200,2,2,1,817.16
106,1,1,26,2,64,200,1,1,1,1066.1
106,1,1,27,5,64,200,2,2,1,700.3
106,1,1,28,5,64,200,2,2,1,757.56
106,1,1,29,5,64,200,2,2,1,573.19
106,1,1,30,1,64,200,1,1,1,703.86
106,1,1,31,4,64,200,1,1,1,1367.2
106,1,1,32,4,64,200,1,1,1,1076
106,1,1,33,8,64,200,2,2,1,1105.3
106,1,1,34,7,64,200,2,2,1,1461.5
106,1,1,35,12,64,200,2,2,1,819.53
106,1,1,36,11,64,200,2,2,1,1286
106,1,1,37,10,64,200,2,2,1,463.83
106,1,1,38,4,64,200,1,1,1,1117
106,1,1,39,7,64,200,2,2,1,1527.7
106,1,1,40,10,64,200,2,2,1,732.81
106,1,1,41,6,64,200,2,2,1,966.46
106,1,1,42,1,64,200,1,1,1,716.52
106,1,1,43,10,64,200,2,2,1,566.9
106,1,1,44,2,64,200,1,1,1,982.25
106,1,1,45,4,64,200,2,1,0,1493.3
106,1,1,46,13,64,200,2,2,1,1387.1
106,1,1,47,2,64,200,1,1,1,1096
106,1,1,48,4,64,200,1,1,1,1275.5
106,1,1,49,12,64,200,2,2,1,952.53
106,1,1,50,6,64,200,2,2,1,981.76
106,1,1,51,3,64,200,1,1,1,640.93
106,1,1,52,8,64,200,2,2,1,1183.2
106,1,1,53,3,64,200,1,1,1,795.58
106,1,1,54,13,64,200,2,2,1,940.69
106,1,1,55,1,64,200,1,1,1,789.77
106,1,1,56,12,64,200,2,2,1,678.48
106,1,1,57,8,64,200,2,2,1,1042.1
106,1,1,58,5,64,200,2,2,1,594.49
106,1,1,59,1,64,200,1,1,1,778.16
106,1,1,60,6,64,200,2,2,1,658.62
106,1,1,61,1,64,200,1,1,1,1050.9
106,1,1,62,13,64,200,2,2,1,733.25
106,1,1,63,4,64,200,1,1,1,1358.1
106,1,1,64,3,64,200,1,1,1,1035.2
106,1,1,65,6,64,200,2,2,1,657.23
106,1,1,66,3,64,200,1,1,1,1269.8
106,1,1,67,3,64,200,1,1,1,953.7
106,1,1,68,5,64,200,2,2,1,740.17
106,1,1,69,2,64,200,1,1,1,991.17
106,1,1,70,2,64,200,1,1,1,769.4
106,1,1,71,11,64,200,2,2,1,918.82
106,1,1,72,10,64,200,2,2,1,780.87
106,1,1,73,3,64,200,1,1,1,919.56
106,1,1,74,2,64,200,1,1,1,949.91
106,1,1,75,4,64,200,1,1,1,1133.2
106,1,1,76,11,64,200,2,2,1,955.32
106,1,1,77,3,64,200,1,1,1,1067.6
106,1,1,78,6,64,200,2,2,1,1043.4
106,1,1,79,2,64,200,1,1,1,764.23
106,1,1,80,1,64,200,1,1,1,669.08
106,1,1,81,9,64,200,2,2,1,617.61
106,1,1,82,8,64,200,2,2,1,966.9
106,1,1,83,12,64,200,2,2,1,891.88
106,1,1,84,3,64,200,1,1,1,929.48
106,1,1,85,2,64,200,1,1,1,1091.2
106,1,1,1,6,64,200,2,2,1,809.71
106,1,1,2,2,64,200,1,1,1,1043.8
106,1,1,3,7,64,200,2,2,1,1087.7
106,1,1,4,7,64,200,2,2,1,1306.1
106,1,1,5,4,64,200,1,1,1,1233.3
106,1,1,6,8,64,200,2,2,1,1086.6
106,1,1,7,9,64,200,2,2,1,757.28
106,1,1,8,6,64,200,2,2,1,543.56
106,1,1,9,2,64,200,1,1,1,809.37
106,1,1,10,1,64,200,1,1,1,608.6
106,1,1,11,3,64,200,1,1,1,606.35
106,1,1,12,1,64,200,1,1,1,529.2
106,1,1,13,13,64,200,2,2,1,684.63
106,1,1,14,3,64,200,1,1,1,1059.2
106,1,1,15,3,64,200,1,1,1,616.17
106,1,1,16,6,64,200,2,2,1,666.22
106,1,1,17,13,64,200,2,2,1,894.14
106,1,1,18,2,64,200,1,1,1,1283.9
106,1,1,19,2,64,200,1,1,1,941.04
106,1,1,20,11,64,200,2,2,1,629.86
106,1,1,21,13,64,200,2,2,1,513.07
106,1,1,22,13,64,200,2,2,1,457.33
106,1,1,23,12,64,200,2,2,1,397.11
106,1,1,24,5,64,200,2,2,1,616.87
106,1,1,25,8,64,200,2,2,1,1168
106,1,1,26,4,64,200,1,1,1,1153.7
106,1,1,27,4,64,200,1,1,1,1145.9
106,1,1,28,3,64,200,1,1,1,793.97
106,1,1,29,1,64,200,1,1,1,533.49
106,1,1,30,2,64,200,1,1,1,1120.7
106,1,1,31,10,64,200,2,2,1,661.1
106,1,1,32,11,64,200,2,2,1,430.69
106,1,1,33,5,64,200,2,2,1,918.16
106,1,1,34,10,64,200,2,2,1,638.15
106,1,1,35,2,64,200,1,1,1,1302.7
106,1,1,36,12,64,200,2,2,1,615.23
106,1,1,37,3,64,200,1,1,1,740.49
106,1,1,38,11,64,200,2,2,1,878.83
106,1,1,39,12,64,200,2,2,1,634.81
106,1,1,40,6,64,200,2,2,1,611.4
106,1,1,41,1,64,200,1,1,1,858.13
106,1,1,42,5,64,200,2,2,1,571.88
106,1,1,43,1,64,200,1,1,1,1159.7
106,1,1,44,9,64,200,2,2,1,604.05
106,1,1,45,9,64,200,2,2,1,584.18
106,1,1,46,10,64,200,2,2,1,607.18
106,1,1,47,2,64,200,1,1,1,960.23
106,1,1,48,4,64,200,1,1,1,899.24
106,1,1,49,4,64,200,1,1,1,1030.8
106,1,1,50,1,64,200,1,1,1,643.93
106,1,1,51,1,64,200,1,1,1,544.25
106,1,1,52,2,64,200,1,1,1,1028.7
106,1,1,53,1,64,200,1,1,1,640.58
106,1,1,54,1,64,200,1,1,1,438.27
106,1,1,55,12,64,200,2,2,1,693.74
106,1,1,56,3,64,200,1,1,1,651.01
106,1,1,57,7,64,200,1,2,0,966.17
106,1,1,58,4,64,200,1,1,1,1605.8
106,1,1,59,4,64,200,1,1,1,1557.4
106,1,1,60,11,64,200,2,2,1,656.88
106,1,1,61,3,64,200,1,1,1,1269.4
106,1,1,62,2,64,200,1,1,1,1222.9
106,1,1,63,7,64,200,2,2,1,961.29
106,1,1,64,1,64,200,1,1,1,853.01
106,1,1,65,10,64,200,2,2,1,724.49
106,1,1,66,4,64,200,1,1,1,1010.8
106,1,1,67,8,64,200,2,2,1,1183.4
106,1,1,68,4,64,200,1,1,1,1598.2
106,1,1,69,11,64,200,2,2,1,1057.8
106,1,1,70,3,64,200,1,1,1,740.43
106,1,1,71,3,64,200,1,1,1,1254.7
106,1,1,72,10,64,200,2,2,1,719.03
106,1,1,73,7,64,200,2,2,1,1076.9
106,1,1,74,8,64,200,2,2,1,1506.5
106,1,1,75,13,64,200,2,2,1,774.05
106,1,1,76,6,64,200,2,2,1,637.09
106,1,1,77,9,64,200,2,2,1,407.12
106,1,1,78,3,64,200,1,1,1,891.7
106,1,1,79,9,64,200,2,2,1,1205.8
106,1,1,80,2,64,200,1,1,1,984.95
106,1,1,81,12,64,200,2,2,1,903.38
106,1,1,82,8,64,200,2,2,1,1063.4
106,1,1,83,5,64,200,2,2,1,821.42
106,1,1,84,4,64,200,1,1,1,1133.4
106,1,1,85,5,64,200,2,2,1,635.94
106,1,1,1,8,64,200,2,2,1,1027.2
106,1,1,2,9,64,200,2,2,1,644.55
106,1,1,3,4,64,200,1,1,1,843.23
106,1,1,4,4,64,200,1,1,1,1341.6
106,1,1,5,6,64,200,2,2,1,657
106,1,1,6,13,64,200,2,2,1,745.34
106,1,1,7,7,64,200,2,2,1,1040.6
106,1,1,8,11,64,200,2,2,1,625.79
106,1,1,9,12,64,200,2,2,1,380.69
106,1,1,10,3,64,200,1,1,1,1390
106,1,1,11,3,64,200,1,1,1,1367.5
106,1,1,12,2,64,200,1,1,1,969.68
106,1,1,13,11,64,200,2,2,1,741.59
106,1,1,14,3,64,200,1,1,1,1131.6
106,1,1,15,13,64,200,2,2,1,670.91
106,1,1,16,1,64,200,1,1,1,737.94
106,1,1,17,12,64,200,2,2,1,580.73
106,1,1,18,1,64,200,1,1,1,638.96
106,1,1,19,13,64,200,2,2,1,560.94
106,1,1,20,2,64,200,1,1,1,1220.3
106,1,1,21,10,64,200,2,2,1,619.08
106,1,1,22,5,64,200,2,2,1,688.59
106,1,1,23,11,64,200,2,2,1,527.46
106,1,1,24,8,64,200,2,2,1,955.82
106,1,1,25,9,64,200,2,2,1,670.5
106,1,1,26,1,64,200,1,1,1,704.67
106,1,1,27,2,64,200,1,1,1,946.74
106,1,1,28,2,64,200,1,1,1,963.97
106,1,1,29,10,64,200,2,2,1,469.71
106,1,1,30,1,64,200,1,1,1,1264.4
106,1,1,31,3,64,200,1,1,1,800.85
106,1,1,32,2,64,200,1,1,1,877.51
106,1,1,33,6,64,200,2,2,1,587.19
106,1,1,34,10,64,200,2,2,1,368.27
106,1,1,35,5,64,200,2,2,1,564.24
106,1,1,36,11,64,200,2,2,1,382.31
106,1,1,37,5,64,200,2,2,1,735.93
106,1,1,38,3,64,200,1,1,1,923.66
106,1,1,39,4,64,200,1,1,1,1104.5
106,1,1,40,1,64,200,1,1,1,657.28
106,1,1,41,6,64,200,2,2,1,686.69
106,1,1,42,4,64,200,1,1,1,763.68
106,1,1,43,8,64,200,2,2,1,987.77
106,1,1,44,4,64,200,1,1,1,675.11
106,1,1,45,5,64,200,2,2,1,639.37
106,1,1,46,13,64,200,2,2,1,555.28
106,1,1,47,10,64,200,2,2,1,413.75
106,1,1,48,4,64,200,1,1,1,996.52
106,1,1,49,2,64,200,1,1,1,854.1
106,1,1,50,9,64,200,2,2,1,547.21
106,1,1,51,4,64,200,1,1,1,855.41
106,1,1,52,1,64,200,1,1,1,727.18
106,1,1,53,1,64,200,1,1,1,682.56
106,1,1,54,2,64,200,1,1,1,807.9
106,1,1,55,3,64,200,1,1,1,610.05
106,1,1,56,2,64,200,1,1,1,866.73
106,1,1,57,8,64,200,2,2,1,866.3
106,1,1,58,1,64,200,1,1,1,643.24
106,1,1,59,8,64,200,2,2,1,900.6
106,1,1,60,5,64,200,2,2,1,611.19
106,1,1,61,9,64,200,2,2,1,606.37
106,1,1,62,10,64,200,2,2,1,883.64
106,1,1,63,6,64,200,2,2,1,521.28
106,1,1,64,4,64,200,1,1,1,817.15
106,1,1,65,4,64,200,1,1,1,1305
106,1,1,66,12,64,200,2,2,1,751.9
106,1,1,67,7,64,200,2,2,1,1140.5
106,1,1,68,1,64,200,1,1,1,1279.9
106,1,1,69,1,64,200,1,1,1,866.9
106,1,1,70,7,64,200,2,2,1,960.15
106,1,1,71,7,64,200,2,2,1,850.37
106,1,1,72,3,64,200,1,1,1,1067.6
106,1,1,73,2,64,200,1,1,1,784.78
106,1,1,74,12,64,200,1,2,0,1596.9
106,1,1,75,9,64,200,2,2,1,816.69
106,1,1,76,3,64,200,1,1,1,1173.2
106,1,1,77,6,64,200,2,2,1,895.97
106,1,1,78,3,64,200,1,1,1,1405.6
106,1,1,79,7,64,200,2,2,1,1034.7
106,1,1,80,4,64,200,1,1,1,1566.7
106,1,1,81,12,64,200,2,2,1,837.21
106,1,1,82,11,64,200,2,2,1,647.05
106,1,1,83,13,64,200,2,2,1,1026.4
106,1,1,84,2,64,200,1,1,1,1175
106,1,1,85,3,64,200,1,1,1,1345.1
106,1,1,1,5,64,200,2,2,1,861.03
106,1,1,2,8,64,200,2,2,1,1265.3
106,1,1,3,4,64,200,1,1,1,1508.2
106,1,1,4,13,64,200,2,2,1,737.28
106,1,1,5,3,64,200,1,1,1,678.84
106,1,1,6,7,64,200,2,2,1,1002.2
106,1,1,7,1,64,200,1,1,1,843.97
106,1,1,8,8,64,200,2,2,1,821.2
106,1,1,9,4,64,200,1,1,1,1025.1
106,1,1,10,3,64,200,1,1,1,589.33
106,1,1,11,2,64,200,1,1,1,842.51
106,1,1,12,11,64,200,2,2,1,582.64
106,1,1,13,1,64,200,1,1,1,575.44
106,1,1,14,5,64,200,2,2,1,658.78
106,1,1,15,5,64,200,2,2,1,817.15
106,1,1,16,2,64,200,1,1,1,775.07
106,1,1,17,13,64,200,2,2,1,650.34
106,1,1,18,4,64,200,1,1,1,957.3
106,1,1,19,4,64,200,1,1,1,947.12
106,1,1,20,2,64,200,1,1,1,1075.5
106,1,1,21,4,64,200,1,1,1,687.71
106,1,1,22,3,64,200,1,1,1,575.91
106,1,1,23,6,64,200,2,2,1,589.99
106,1,1,24,8,64,200,2,2,1,1070.5
106,1,1,25,8,64,200,1,2,0,833.52
106,1,1,26,4,64,200,2,1,0,1665.5
106,1,1,27,7,64,200,2,2,1,917.31
106,1,1,28,2,64,200,1,1,1,1332.4
106,1,1,29,11,64,200,2,2,1,705.26
106,1,1,30,10,64,200,2,2,1,397.74
106,1,1,31,3,64,200,1,1,1,1058.4
106,1,1,32,9,64,200,2,2,1,695.83
106,1,1,33,9,64,200,2,2,1,604.82
106,1,1,34,11,64,200,2,2,1,725.93
106,1,1,35,6,64,200,2,2,1,577.81
106,1,1,36,7,64,200,2,2,1,1125.1
106,1,1,37,6,64,200,2,2,1,644.68
106,1,1,38,1,64,200,1,1,1,798.59
106,1,1,39,13,64,200,2,2,1,1039.5
106,1,1,40,10,64,200,2,2,1,556.35
106,1,1,41,1,64,200,1,1,1,866.41
106,1,1,42,13,64,200,2,2,1,1240.3
106,1,1,43,11,64,200,2,2,1,603.51
106,1,1,44,1,64,200,1,1,1,904.92
106,1,1,45,11,64,200,2,2,1,497.73
106,1,1,46,4,64,200,1,1,1,1088
106,1,1,47,7,64,200,2,2,1,888.26
106,1,1,48,3,64,200,1,1,1,874.84
106,1,1,49,12,64,200,2,2,1,989.58
106,1,1,50,1,64,200,1,1,1,1152.3
106,1,1,51,3,64,200,1,1,1,846.44
106,1,1,52,1,64,200,1,1,1,585.79
106,1,1,53,10,64,200,2,2,1,600.07
106,1,1,54,9,64,200,2,2,1,546.66
106,1,1,55,12,64,200,2,2,1,386.62
106,1,1,56,5,64,200,2,2,1,494.8
106,1,1,57,9,64,200,2,2,1,444.77
106,1,1,58,2,64,200,2,1,0,451.73
106,1,1,59,2,64,200,1,1,1,1032.1
106,1,1,60,3,64,200,1,1,1,776.73
106,1,1,61,4,64,200,1,1,1,872.68
106,1,1,62,12,64,200,2,2,1,1338.6
106,1,1,63,3,64,200,1,1,1,1390.7
106,1,1,64,10,64,200,2,2,1,870.3
106,1,1,65,1,64,200,1,1,1,801.69
106,1,1,66,4,64,200,1,1,1,906.3
106,1,1,67,1,64,200,1,1,1,860.26
106,1,1,68,5,64,200,2,2,1,589.7
106,1,1,69,12,64,200,2,2,1,1201.3
106,1,1,70,2,64,200,1,1,1,1461.4
106,1,1,71,3,64,200,1,1,1,720.9
106,1,1,72,3,64,200,1,1,1,628.64
106,1,1,73,2,64,200,1,1,1,839.85
106,1,1,74,6,64,200,2,2,1,638.39
106,1,1,75,13,64,200,2,2,1,774.89
106,1,1,76,1,64,200,1,1,1,985.18
106,1,1,77,12,64,200,2,2,1,706.59
106,1,1,78,8,64,200,2,2,1,1640.6
106,1,1,79,9,64,200,2,2,1,645.78
106,1,1,80,7,64,200,2,2,1,1863.1
106,1,1,81,2,64,200,1,1,1,1376.1
106,1,1,82,2,64,200,1,1,1,1218.2
106,1,1,83,10,64,200,2,2,1,672.03
106,1,1,84,6,64,200,2,2,1,1017.9
106,1,1,85,4,64,200,1,1,1,827.01
106,1,1,1,6,64,200,2,2,1,1549.9
106,1,1,2,1,64,200,1,1,1,559.68
106,1,1,3,3,64,200,1,1,1,697.61
106,1,1,4,4,64,200,1,1,1,1015.9
106,1,1,5,5,64,200,2,2,1,796.17
106,1,1,6,8,64,200,2,2,1,916.84
106,1,1,7,4,64,200,1,1,1,1007.1
106,1,1,8,9,64,200,2,2,1,821.31
106,1,1,9,2,64,200,1,1,1,1095.3
106,1,1,10,11,64,200,2,2,1,655.31
106,1,1,11,4,64,200,1,1,1,1168
106,1,1,12,10,64,200,2,2,1,606.15
106,1,1,13,1,64,200,1,1,1,1548.2
106,1,1,14,5,64,200,2,2,1,565.13
106,1,1,15,5,64,200,2,2,1,391.64
106,1,1,16,10,64,200,2,2,1,541.31
106,1,1,17,2,64,200,1,1,1,1101.4
106,1,1,18,12,64,200,2,2,1,626.94
106,1,1,19,1,64,200,1,1,1,719.57
106,1,1,20,4,64,200,1,1,1,1210.1
106,1,1,21,2,64,200,1,1,1,1046.9
106,1,1,22,9,64,200,2,2,1,630.02
106,1,1,23,4,64,200,1,1,1,744.04
106,1,1,24,10,64,200,2,2,1,1036.4
106,1,1,25,1,64,200,1,1,1,893.17
106,1,1,26,4,64,200,1,1,1,1551
106,1,1,27,2,64,200,1,1,1,1010.4
106,1,1,28,1,64,200,1,1,1,912.02
106,1,1,29,13,64,200,2,2,1,1001.1
106,1,1,30,1,64,200,1,1,1,539.43
106,1,1,31,9,64,200,2,2,1,712.99
106,1,1,32,11,64,200,2,2,1,748.84
106,1,1,33,3,64,200,1,1,1,606.37
106,1,1,34,10,64,200,2,2,1,527.03
106,1,1,35,3,64,200,1,1,1,1029.5
106,1,1,36,5,64,200,2,2,1,517.54
106,1,1,37,6,64,200,2,2,1,573.85
106,1,1,38,13,64,200,2,2,1,466.85
106,1,1,39,9,64,200,2,2,1,471.79
106,1,1,40,6,64,200,2,2,1,437.83
106,1,1,41,2,64,200,1,1,1,856.33
106,1,1,42,3,64,200,1,1,1,1317
106,1,1,43,2,64,200,1,1,1,903.16
106,1,1,44,4,64,200,1,1,1,896.94
106,1,1,45,13,64,200,2,2,1,863.95
106,1,1,46,5,64,200,2,2,1,794.54
106,1,1,47,11,64,200,2,2,1,410.13
106,1,1,48,3,64,200,1,1,1,917.99
106,1,1,49,8,64,200,2,2,1,1254.2
106,1,1,50,3,64,200,1,1,1,854.48
106,1,1,51,13,64,200,2,2,1,481.48
106,1,1,52,7,64,200,2,2,1,1011.9
106,1,1,53,12,64,200,2,2,1,969.22
106,1,1,54,3,64,200,1,1,1,1122.3
106,1,1,55,8,64,200,2,2,1,1145.2
106,1,1,56,11,64,200,2,2,1,987.54
106,1,1,57,8,64,200,2,2,1,1030.1
106,1,1,58,6,64,200,2,2,1,823.15
106,1,1,59,4,64,200,1,1,1,856.2
106,1,1,60,7,64,200,2,2,1,1159
106,1,1,61,1,64,200,1,1,1,638.77
106,1,1,62,9,64,200,2,2,1,683.33
106,1,1,63,4,64,200,1,1,1,674.25
106,1,1,64,11,64,200,2,2,1,676.79
106,1,1,65,10,64,200,2,2,1,450.34
106,1,1,66,2,64,200,1,1,1,813.38
106,1,1,67,12,64,200,2,2,1,672.56
106,1,1,68,2,64,200,1,1,1,1729.6
106,1,1,69,13,64,200,2,2,1,1121.9
106,1,1,70,8,64,200,2,2,1,1229.1
106,1,1,71,7,64,200,2,2,1,1141.3
106,1,1,72,12,64,200,2,2,1,746.06
106,1,1,73,4,64,200,1,1,1,774.14
106,1,1,74,1,64,200,1,1,1,754.27
106,1,1,75,12,64,200,2,2,1,654.66
106,1,1,76,2,64,200,1,1,1,1243.8
106,1,1,77,7,64,200,2,2,1,1512.8
106,1,1,78,3,64,200,1,1,1,786.31
106,1,1,79,2,64,200,1,1,1,1069
106,1,1,80,3,64,200,1,1,1,530.17
106,1,1,81,3,64,200,1,1,1,518.1
106,1,1,82,7,64,200,2,2,1,937.67
106,1,1,83,1,64,200,1,1,1,632.42
106,1,1,84,6,64,200,2,2,1,633.57
106,1,1,85,1,64,200,1,1,1,940.49
106,1,1,1,1,64,200,1,1,1,1062.9
106,1,1,2,8,64,200,2,2,1,839.65
106,1,1,3,4,64,200,1,1,1,932.83
106,1,1,4,12,64,200,2,2,1,741.36
106,1,1,5,7,64,200,2,2,1,850.58
106,1,1,6,6,64,200,2,2,1,660.77
106,1,1,7,8,64,200,2,2,1,888.89
106,1,1,8,3,64,200,1,1,1,710.5
106,1,1,9,4,64,200,1,1,1,1042.2
106,1,1,10,7,64,200,2,2,1,769.53
106,1,1,11,2,64,200,1,1,1,825.22
106,1,1,12,13,64,200,2,2,1,595.46
106,1,1,13,11,64,200,2,2,1,400.93
106,1,1,14,1,64,200,1,1,1,848.63
106,1,1,15,4,64,200,1,1,1,702.46
106,1,1,16,7,64,200,2,2,1,916.52
106,1,1,17,10,64,200,2,2,1,846.82
106,1,1,18,5,64,200,2,2,1,522.97
106,1,1,19,3,64,200,1,1,1,938.67
106,1,1,20,6,64,200,2,2,1,532.91
106,1,1,21,2,64,200,1,1,1,697.79
106,1,1,22,1,64,200,1,1,1,678.1
106,1,1,23,2,64,200,1,1,1,850.49
106,1,1,24,10,64,200,2,2,1,887.15
106,1,1,25,4,64,200,1,1,1,935.48
106,1,1,26,6,64,200,2,2,1,725.97
106,1,1,27,2,64,200,1,1,1,786.56
106,1,1,28,4,64,200,1,1,1,600.7
106,1,1,29,3,64,200,1,1,1,804.42
106,1,1,30,9,64,200,2,2,1,876.27
106,1,1,31,8,64,200,2,2,1,1133.9
106,1,1,32,3,64,200,1,1,1,735.08
106,1,1,33,6,64,200,2,2,1,898.36
106,1,1,34,3,64,200,1,1,1,737.94
106,1,1,35,2,64,200,1,1,1,1170.1
106,1,1,36,4,64,200,1,1,1,669.34
106,1,1,37,13,64,200,2,2,1,1806.5
106,1,1,38,8,64,200,2,2,1,1127.3
106,1,1,39,2,64,200,1,1,1,679.5
106,1,1,40,2,64,200,1,1,1,1313.2
106,1,1,41,11,64,200,2,2,1,507.01
106,1,1,42,9,64,200,2,2,1,699.99
106,1,1,43,9,64,200,2,2,1,583.89
106,1,1,44,5,64,200,2,2,1,614.63
106,1,1,45,4,64,200,1,1,1,886.25
106,1,1,46,9,64,200,2,2,1,794.85
106,1,1,47,1,64,200,1,1,1,798.05
106,1,1,48,2,64,200,1,1,1,1475.1
106,1,1,49,3,64,200,1,1,1,480.57
106,1,1,50,1,64,200,1,1,1,593.01
106,1,1,51,13,64,200,2,2,1,970.19
106,1,1,52,12,64,200,2,2,1,483.85
106,1,1,53,1,64,200,1,1,1,950.72
106,1,1,54,3,64,200,1,1,1,831.29
106,1,1,55,8,64,200,2,2,1,1100.1
106,1,1,56,2,64,200,1,1,1,1055.5
106,1,1,57,7,64,200,2,2,1,1080.3
106,1,1,58,5,64,200,2,2,1,746.89
106,1,1,59,3,64,200,1,1,1,1312.9
106,1,1,60,10,64,200,2,2,1,850.82
106,1,1,61,13,64,200,2,2,1,974.28
106,1,1,62,12,64,200,2,2,1,479.43
106,1,1,63,3,64,200,1,1,1,753.09
106,1,1,64,3,64,200,1,1,1,1453.7
106,1,1,65,11,64,200,2,2,1,900.46
106,1,1,66,11,64,200,2,2,1,789.5
106,1,1,67,12,64,200,2,2,1,879.57
106,1,1,68,1,64,200,1,1,1,1361
106,1,1,69,11,64,200,2,2,1,1627.6
106,1,1,70,6,64,200,2,2,1,757.32
106,1,1,71,5,64,200,2,2,1,503.24
106,1,1,72,1,64,200,1,1,1,725.04
106,1,1,73,10,64,200,2,2,1,1520.7
106,1,1,74,1,64,200,1,1,1,737.84
106,1,1,75,1,64,200,1,1,1,1094.7
106,1,1,76,5,64,200,2,2,1,770.15
106,1,1,77,2,64,200,1,1,1,959.75
106,1,1,78,12,64,200,2,2,1,849.78
106,1,1,79,9,64,200,2,2,1,555.74
106,1,1,80,13,64,200,2,2,1,917.34
106,1,1,81,4,64,200,1,1,1,1481.5
106,1,1,82,10,64,200,2,2,1,678.09
106,1,1,83,4,64,200,1,1,1,826.78
106,1,1,84,7,64,200,2,2,1,1363.7
106,1,1,85,4,64,200,1,1,1,1000.9
106,1,1,1,6,64,200,2,2,1,1658.4
106,1,1,2,1,64,200,1,1,1,536.54
106,1,1,3,4,64,200,1,1,1,930.46
106,1,1,4,10,64,200,2,2,1,569.99
106,1,1,5,2,64,200,1,1,1,722.15
106,1,1,6,11,64,200,2,2,1,800.74
106,1,1,7,7,64,200,2,2,1,883
106,1,1,8,3,64,200,1,1,1,902.11
106,1,1,9,2,64,200,1,1,1,920.83
106,1,1,10,13,64,200,2,2,1,649.79
106,1,1,11,1,64,200,1,1,1,659.97
106,1,1,12,11,64,200,2,2,1,603.56
106,1,1,13,1,64,200,1,1,1,978.93
106,1,1,14,5,64,200,2,2,1,753.59
106,1,1,15,6,64,200,2,2,1,515.56
106,1,1,16,2,64,200,1,1,1,758.43
106,1,1,17,3,64,200,1,1,1,1070.7
106,1,1,18,9,64,200,2,2,1,750.78
106,1,1,19,2,64,200,1,1,1,913.25
106,1,1,20,4,64,200,1,1,1,1327.3
106,1,1,21,5,64,200,2,2,1,897.11
106,1,1,22,3,64,200,1,1,1,673.6
106,1,1,23,3,64,200,1,1,1,719.44
106,1,1,24,9,64,200,2,2,1,834.16
106,1,1,25,1,64,200,1,1,1,562.43
106,1,1,26,10,64,200,2,2,1,898.82
106,1,1,27,9,64,200,2,2,1,582.9
106,1,1,28,3,64,200,1,1,1,1140.7
106,1,1,29,13,64,200,2,2,1,619.71
106,1,1,30,7,64,200,2,2,1,1037.2
106,1,1,31,10,64,200,2,2,1,1085.6
106,1,1,32,1,64,200,1,1,1,1404.8
106,1,1,33,1,64,200,1,1,1,543.47
106,1,1,34,13,64,200,2,2,1,921.81
106,1,1,35,1,64,200,1,1,1,1074.9
106,1,1,36,5,64,200,2,2,1,581.91
106,1,1,37,8,64,200,2,2,1,1124.1
106,1,1,38,8,64,200,2,2,1,1146.5
106,1,1,39,1,64,200,1,1,1,915.4
106,1,1,40,4,64,200,1,1,1,984.48
106,1,1,41,11,64,200,2,2,1,616.24
106,1,1,42,11,64,200,2,2,1,361.57
106,1,1,43,10,64,200,2,2,1,490.49
106,1,1,44,4,64,200,1,1,1,1182
106,1,1,45,9,64,200,2,2,1,651.9
106,1,1,46,3,64,200,1,1,1,585.9
106,1,1,47,5,64,200,2,2,1,714.04
106,1,1,48,10,64,200,2,2,1,1015.1
106,1,1,49,1,64,200,1,1,1,800.55
106,1,1,50,4,64,200,1,1,1,850.66
106,1,1,51,2,64,200,1,1,1,591.04
106,1,1,52,7,64,200,2,2,1,1099.7
106,1,1,53,2,64,200,1,1,1,902.36
106,1,1,54,5,64,200,2,2,1,1166.2
106,1,1,55,3,64,200,1,1,1,676.25
106,1,1,56,12,64,200,2,2,1,674.04
106,1,1,57,13,64,200,2,2,1,360.65
106,1,1,58,1,64,200,1,1,1,761.22
106,1,1,59,8,64,200,2,2,1,897.22
106,1,1,60,12,64,200,2,2,1,544.25
106,1,1,61,6,64,200,2,2,1,675.93
106,1,1,62,6,64,200,2,2,1,483.58
106,1,1,63,2,64,200,1,1,1,640.87
106,1,1,64,9,64,200,2,2,1,674.45
106,1,1,65,4,64,200,1,1,1,988.29
106,1,1,66,12,64,200,2,2,1,892.14
106,1,1,67,11,64,200,2,2,1,885.44
106,1,1,68,2,64,200,1,1,1,893.6
106,1,1,69,12,64,200,2,2,1,665.88
106,1,1,70,3,64,200,1,1,1,990.77
106,1,1,71,8,64,200,2,2,1,1236.3
106,1,1,72,3,64,200,1,1,1,854.88
106,1,1,73,7,64,200,2,2,1,876.71
106,1,1,74,2,64,200,1,1,1,727.62
106,1,1,75,8,64,200,1,2,0,1253.2
106,1,1,76,13,64,200,2,2,1,720.54
106,1,1,77,7,64,200,2,2,1,935.62
106,1,1,78,2,64,200,1,1,1,807.11
106,1,1,79,4,64,200,1,1,1,949.88
106,1,1,80,12,64,200,2,2,1,609.14
106,1,1,81,4,64,200,1,1,1,938.46
106,1,1,82,6,64,200,2,2,1,1260.4
106,1,1,83,3,64,200,1,1,1,718.22
106,1,1,84,4,64,200,1,1,1,720.8
106,1,1,85,4,64,200,1,1,1,828.53
106,1,1,1,13,64,200,2,2,1,1078.9
106,1,1,2,11,64,200,2,2,1,897.74
106,1,1,3,8,64,200,2,2,1,942.7
106,1,1,4,12,64,200,2,2,1,694.84
106,1,1,5,10,64,200,2,2,1,385.65
106,1,1,6,7,64,200,2,2,1,717.7
106,1,1,7,5,64,200,2,2,1,754.39
106,1,1,8,8,64,200,2,2,1,1147.6
106,1,1,9,10,64,200,2,2,1,866.66
106,1,1,10,3,64,200,1,1,1,669.82
106,1,1,11,2,64,200,1,1,1,662.37
106,1,1,12,4,64,200,1,1,1,860.61
106,1,1,13,1,64,200,1,1,1,575.75
106,1,1,14,2,64,200,1,1,1,747.84
106,1,1,15,7,64,200,1,2,0,514.9
106,1,1,16,6,64,200,2,2,1,673.42
106,1,1,17,12,64,200,2,2,1,699.45
106,1,1,18,4,64,200,1,1,1,1206.7
106,1,1,19,3,64,200,1,1,1,601.62
106,1,1,20,2,64,200,1,1,1,1104.2
106,1,1,21,12,64,200,2,2,1,864.35
106,1,1,22,3,64,200,1,1,1,876.13
106,1,1,23,1,64,200,1,1,1,481.28
106,1,1,24,4,64,200,1,1,1,768.52
106,1,1,25,5,64,200,2,2,1,544.81
106,1,1,26,13,64,200,2,2,1,518.56
106,1,1,27,3,64,200,1,1,1,866.64
106,1,1,28,9,64,200,2,2,1,1189.4
106,1,1,29,6,64,200,2,2,1,520.43
106,1,1,30,9,64,200,2,2,1,396.45
106,1,1,31,5,64,200,2,2,1,392.84
106,1,1,32,2,64,200,1,1,1,658.1
106,1,1,33,7,64,200,2,2,1,919.99
106,1,1,34,1,64,200,1,1,1,645.6
106,1,1,35,8,64,200,1,2,0,572.9
106,1,1,36,12,64,200,2,2,1,668.45
106,1,1,37,11,64,200,2,2,1,344.25
106,1,1,38,9,64,200,2,2,1,712.08
106,1,1,39,3,64,200,1,1,1,915.11
106,1,1,40,4,64,200,1,1,1,1325.1
106,1,1,41,1,64,200,1,1,1,615.89
106,1,1,42,3,64,200,1,1,1,520.34
106,1,1,43,7,64,200,2,2,1,862.25
106,1,1,44,6,64,200,2,2,1,1046.3
106,1,1,45,4,64,200,1,1,1,1300.4
106,1,1,46,2,64,200,1,1,1,772.92
106,1,1,47,7,64,200,2,2,1,891.45
106,1,1,48,3,64,200,1,1,1,543.19
106,1,1,49,1,64,200,1,1,1,481.95
106,1,1,50,11,64,200,2,2,1,557.74
106,1,1,51,5,64,200,2,2,1,668.59
106,1,1,52,1,64,200,1,1,1,547.75
106,1,1,53,10,64,200,2,2,1,623.65
106,1,1,54,11,64,200,2,2,1,812.82
106,1,1,55,8,64,200,2,2,1,1366.8
106,1,1,56,4,64,200,1,1,1,1040.1
106,1,1,57,2,64,200,1,1,1,850.29
106,1,1,58,8,64,200,2,2,1,886.72
106,1,1,59,12,64,200,2,2,1,717.68
106,1,1,60,3,64,200,1,1,1,1262.2
106,1,1,61,2,64,200,1,1,1,1032
106,1,1,62,1,64,200,1,1,1,400.06
106,1,1,63,2,64,200,1,1,1,953.48
106,1,1,64,6,64,200,2,2,1,698.36
106,1,1,65,13,64,200,2,2,1,929.82
106,1,1,66,11,64,200,2,2,1,502.91
106,1,1,67,1,64,200,1,1,1,956.11
106,1,1,68,10,64,200,2,2,1,737.65
106,1,1,69,2,64,200,1,1,1,999.75
106,1,1,70,3,64,200,1,1,1,1142.5
106,1,1,71,3,64,200,1,1,1,608.13
106,1,1,72,1,64,200,1,1,1,555.68
106,1,1,73,1,64,200,1,1,1,770.97
106,1,1,74,4,64,200,1,1,1,805.8
106,1,1,75,5,64,200,2,2,1,927.81
106,1,1,76,6,64,200,2,2,1,736.44
106,1,1,77,2,64,200,1,1,1,863.81
106,1,1,78,4,64,200,1,1,1,788.28
106,1,1,79,4,64,200,1,1,1,644.92
106,1,1,80,9,64,200,2,2,1,648.64
106,1,1,81,10,64,200,2,2,1,753.43
106,1,1,82,13,64,200,2,2,1,484.33
106,1,1,83,13,64,200,2,2,1,340.45
106,1,1,84,4,64,200,1,1,1,1134.3
106,1,1,85,9,64,200,2,2,1,666.1
106,1,1,1,2,64,200,1,1,1,1456
106,1,1,2,12,64,200,2,2,1,1336.2
106,1,1,3,1,64,200,1,1,1,699.61
106,1,1,4,11,64,200,2,2,1,1493.1
106,1,1,5,2,64,200,1,1,1,1398.7
106,1,1,6,2,64,200,1,1,1,1126.7
106,1,1,7,1,64,200,1,1,1,508.29
106,1,1,8,1,64,200,1,1,1,509.56
106,1,1,9,4,64,200,1,1,1,528.74
106,1,1,10,1,64,200,1,1,1,741.03
106,1,1,11,2,64,200,1,1,1,519.77
106,1,1,12,3,64,200,1,1,1,471.73
106,1,1,13,8,64,200,2,2,1,873.92
106,1,1,14,4,64,200,1,1,1,703.68
106,1,1,15,3,64,200,1,1,1,565.14
106,1,1,16,6,64,200,2,2,1,552.59
106,1,1,17,3,64,200,1,1,1,551.35
106,1,1,18,6,64,200,2,2,1,514.08
106,1,1,19,9,64,200,2,2,1,688.8
106,1,1,20,1,64,200,1,1,1,994.12
106,1,1,21,8,64,200,2,2,1,1151.1
106,1,1,22,7,64,200,2,2,1,1211.7
106,1,1,23,11,64,200,2,2,1,856.96
106,1,1,24,8,64,200,2,2,1,986.29
106,1,1,25,3,64,200,1,1,1,1448.6
106,1,1,26,5,64,200,2,2,1,515.19
106,1,1,27,10,64,200,2,2,1,464.1
106,1,1,28,10,64,200,2,2,1,403.19
106,1,1,29,4,64,200,1,1,1,1025.3
106,1,1,30,3,64,200,1,1,1,1008.2
106,1,1,31,4,64,200,1,1,1,804.25
106,1,1,32,6,64,200,2,2,1,876.08
106,1,1,33,4,64,200,1,1,1,1163.2
106,1,1,34,1,64,200,1,1,1,444.45
106,1,1,35,5,64,200,2,2,1,556.84
106,1,1,36,1,64,200,1,1,1,544.47
106,1,1,37,1,64,200,1,1,1,601.18
106,1,1,38,1,64,200,1,1,1,503.16
106,1,1,39,3,64,200,1,1,1,401.73
106,1,1,40,3,64,200,1,1,1,408.62
106,1,1,41,3,64,200,1,1,1,506.09
106,1,1,42,8,64,200,2,2,1,808.79
106,1,1,43,5,64,200,2,2,1,607.21
106,1,1,44,4,64,200,1,1,1,1068.6
106,1,1,45,9,64,200,2,2,1,693.6
106,1,1,46,13,64,200,2,2,1,1303
106,1,1,47,12,64,200,2,2,1,386.97
106,1,1,48,8,64,200,2,2,1,997.12
106,1,1,49,7,64,200,2,2,1,856.3
106,1,1,50,6,64,200,2,2,1,972.59
106,1,1,51,13,64,200,2,2,1,708.62
106,1,1,52,7,64,200,2,2,1,1084.3
106,1,1,53,9,64,200,2,2,1,1148.5
106,1,1,54,13,64,200,2,2,1,581.28
106,1,1,55,13,64,200,2,2,1,728.95
106,1,1,56,4,64,200,1,1,1,943.62
106,1,1,57,1,64,200,2,1,0,681.92
106,1,1,58,10,64,200,2,2,1,584.02
106,1,1,59,12,64,200,2,2,1,756.53
106,1,1,60,6,64,200,2,2,1,733.31
106,1,1,61,2,64,200,1,1,1,734.65
106,1,1,62,9,64,200,2,2,1,764.33
106,1,1,63,11,64,200,2,2,1,522.27
106,1,1,64,2,64,200,1,1,1,972.62
106,1,1,65,4,64,200,1,1,1,800.91
106,1,1,66,2,64,200,1,1,1,618.29
106,1,1,67,5,64,200,1,2,0,1653
106,1,1,68,12,64,200,2,2,1,975.22
106,1,1,69,11,64,200,2,2,1,560.05
106,1,1,70,2,64,200,1,1,1,1344.9
106,1,1,71,5,64,200,2,2,1,1485.1
106,1,1,72,4,64,200,1,1,1,740.43
106,1,1,73,4,64,200,1,1,1,924.67
106,1,1,74,10,64,200,2,2,1,911.35
106,1,1,75,7,64,200,2,2,1,979.49
106,1,1,76,11,64,200,2,2,1,409.06
106,1,1,77,7,64,200,2,2,1,1196.6
106,1,1,78,12,64,200,2,2,1,745.77
106,1,1,79,3,64,200,1,1,1,910.83
106,1,1,80,9,64,200,2,2,1,635.58
106,1,1,81,3,64,200,1,1,1,1041.1
106,1,1,82,2,64,200,1,1,1,1006.2
106,1,1,83,10,64,200,2,2,1,484.98
106,1,1,84,2,64,200,1,1,1,960.96
106,1,1,85,13,64,200,2,2,1,699.43
