111,1,3,1,13,64,200,2,2,1,1467.9
111,1,3,2,12,64,200,2,2,1,312.53
111,1,3,3,8,64,200,2,2,1,825.72
111,1,3,4,5,64,200,2,2,1,573.14
111,1,3,5,11,64,200,2,2,1,666.38
111,1,3,6,4,64,200,1,1,1,901.86
111,1,3,7,2,64,200,1,1,1,694.47
111,1,3,8,1,64,200,1,1,1,446.18
111,1,3,9,10,64,200,2,2,1,630.57
111,1,3,10,2,64,200,1,1,1,569.04
111,1,3,11,1,64,200,1,1,1,451.93
111,1,3,12,9,64,200,2,2,1,409.67
111,1,3,13,7,64,200,2,2,1,600.79
111,1,3,14,3,64,200,1,1,1,566.95
111,1,3,15,6,64,200,2,2,1,594.41
111,1,3,16,4,64,200,1,1,1,1334.9
111,1,3,17,3,64,200,1,1,1,1099.6
111,1,3,18,3,64,200,1,1,1,618.31
111,1,3,19,4,64,200,1,1,1,486.77
111,1,3,20,13,64,200,2,2,1,532.76
111,1,3,21,4,64,200,1,1,1,881.38
111,1,3,22,8,64,200,2,2,1,1087.1
111,1,3,23,6,64,200,2,2,1,524.1
111,1,3,24,1,64,200,1,1,1,739.89
111,1,3,25,1,64,200,1,1,1,509.57
111,1,3,26,6,64,200,2,2,1,425.27
111,1,3,27,13,64,200,2,2,1,642.96
111,1,3,28,13,64,200,2,2,1,476.3
111,1,3,29,6,64,200,2,2,1,409.58
111,1,3,30,3,64,200,1,1,1,690.03
111,1,3,31,9,64,200,2,2,1,445.15
111,1,3,32,7,64,200,2,2,1,471.67
111,1,3,33,11,64,200,2,2,1,421.95
111,1,3,34,2,64,200,1,1,1,1104.1
111,1,3,35,10,64,200,2,2,1,409.07
111,1,3,36,4,64,200,1,1,1,807.26
111,1,3,37,2,64,200,1,1,1,1001.5
111,1,3,38,3,64,200,1,1,1,568.01
111,1,3,39,1,64,200,1,1,1,564.44
111,1,3,40,3,64,200,1,1,1,623.19
111,1,3,41,4,64,200,1,1,1,458.6
111,1,3,42,12,64,200,2,2,1,437.87
111,1,3,43,5,64,200,2,2,1,475.87
111,1,3,44,5,64,200,2,2,1,424.53
111,1,3,45,3,64,200,1,1,1,1012.6
111,1,3,46,10,64,200,2,2,1,412.83
111,1,3,47,11,64,200,2,2,1,377.61
111,1,3,48,4,64,200,1,1,1,774.68
111,1,3,49,1,64,200,1,1,1,471.33
111,1,3,50,10,64,200,2,2,1,383.37
111,1,3,51,5,64,200,2,2,1,468.14
111,1,3,52,10,64,200,2,2,1,541.09
111,1,3,53,9,64,200,2,2,1,402.31
111,1,3,54,3,64,200,1,1,1,637.89
111,1,3,55,2,64,200,1,1,1,361.4
111,1,3,56,4,64,200,1,1,1,367.15
111,1,3,57,6,64,200,2,2,1,432.04
111,1,3,58,9,64,200,2,2,1,370.8
111,1,3,59,6,64,200,2,2,1,370.66
111,1,3,60,11,64,200,2,2,1,625.25
111,1,3,61,10,64,200,2,2,1,610.08
111,1,3,62,8,64,200,2,2,1,545.84
111,1,3,63,7,64,200,2,2,1,456.32
111,1,3,64,5,64,200,2,2,1,482.54
111,1,3,65,12,64,200,2,2,1,449.21
111,1,3,66,9,64,200,2,2,1,440.39
111,1,3,67,7,64,200,2,2,1,682.26
111,1,3,68,13,64,200,2,2,1,558.85
111,1,3,69,8,64,200,2,2,1,439.46
111,1,3,70,2,64,200,1,1,1,983.66
111,1,3,71,7,64,200,2,2,1,583.94
111,1,3,72,7,64,200,2,2,1,672.23
111,1,3,73,1,64,200,1,1,1,688.02
111,1,3,74,2,64,200,1,1,1,567.93
111,1,3,75,2,64,200,1,1,1,572.88
111,1,3,76,4,64,200,1,1,1,486.2
111,1,3,77,2,64,200,1,1,1,475.07
111,1,3,78,3,64,200,1,1,1,589.76
111,1,3,79,1,64,200,1,1,1,447.02
111,1,3,80,1,64,200,1,1,1,501.51
111,1,3,81,4,64,200,1,1,1,856.4
111,1,3,82,5,64,200,2,2,1,562.37
111,1,3,83,1,64,200,1,1,1,692.48
111,1,3,84,8,64,200,2,2,1,451.83
111,1,3,85,2,64,200,1,1,1,948.82
111,1,3,86,11,64,200,2,2,1,634.98
111,1,3,87,3,64,200,1,1,1,589.32
111,1,3,88,2,64,200,1,1,1,379.14
111,1,3,89,13,64,200,2,2,1,355.01
111,1,3,90,3,64,200,1,1,1,850.32
111,1,3,91,8,64,200,2,2,1,431.29
111,1,3,92,2,64,200,1,1,1,643.86
111,1,3,93,1,64,200,1,1,1,638.62
111,1,3,94,11,64,200,2,2,1,421.46
111,1,3,95,12,64,200,2,2,1,528.17
111,1,3,96,4,64,200,1,1,1,670.74
111,1,3,97,1,64,200,1,1,1,574.29
111,1,3,98,3,64,200,1,1,1,787.75
111,1,3,99,4,64,200,1,1,1,647.85
111,1,3,100,12,64,200,2,2,1,566.98
111,1,3,101,12,64,200,2,2,1,518.51
111,1,3,102,9,64,200,2,2,1,638.06
111,1,3,1,6,64,200,2,2,1,463.22
111,1,3,2,2,64,200,1,1,1,808.31
111,1,3,3,7,64,200,2,2,1,581.78
111,1,3,4,6,64,200,2,2,1,437.56
111,1,3,5,8,64,200,2,2,1,586.36
111,1,3,6,3,64,200,1,1,1,700.95
111,1,3,7,4,64,200,1,1,1,805.2
111,1,3,8,8,64,200,2,2,1,521.93
111,1,3,9,4,64,200,1,1,1,667.61
111,1,3,10,13,64,200,2,2,1,449.44
111,1,3,11,3,64,200,1,1,1,579.37
111,1,3,12,1,64,200,1,1,1,647.12
111,1,3,13,4,64,200,1,1,1,592.69
111,1,3,14,10,64,200,2,2,1,397.89
111,1,3,15,1,64,200,1,1,1,566.71
111,1,3,16,4,64,200,1,1,1,787.81
111,1,3,17,10,64,200,2,2,1,401.89
111,1,3,18,9,64,200,2,2,1,497.03
111,1,3,19,2,64,200,1,1,1,525.52
111,1,3,20,7,64,200,2,2,1,618.15
111,1,3,21,1,64,200,1,1,1,625.45
111,1,3,22,5,64,200,2,2,1,416.17
111,1,3,23,3,64,200,1,1,1,985.23
111,1,3,24,3,64,200,1,1,1,380.36
111,1,3,25,5,64,200,2,2,1,412.05
111,1,3,26,3,64,200,1,1,1,506.68
111,1,3,27,9,64,200,2,2,1,393.21
111,1,3,28,1,64,200,1,1,1,490.12
111,1,3,29,4,64,200,1,1,1,640.65
111,1,3,30,5,64,200,2,2,1,475.94
111,1,3,31,2,64,200,1,1,1,805.35
111,1,3,32,4,64,200,1,1,1,852.01
111,1,3,33,10,64,200,2,2,1,572.97
111,1,3,34,6,64,200,2,2,1,502.35
111,1,3,35,3,64,200,1,1,1,1185.8
111,1,3,36,10,64,200,2,2,1,454.02
111,1,3,37,12,64,200,2,2,1,438.32
111,1,3,38,12,64,200,2,2,1,417.82
111,1,3,39,9,64,200,2,2,1,513.79
111,1,3,40,8,64,200,2,2,1,510.74
111,1,3,41,11,64,200,2,2,1,558.59
111,1,3,42,11,64,200,2,2,1,508.15
111,1,3,43,1,64,200,1,1,1,997.59
111,1,3,44,3,64,200,1,1,1,487.11
111,1,3,45,2,64,200,1,1,1,455.82
111,1,3,46,13,64,200,2,2,1,409.08
111,1,3,47,12,64,200,2,2,1,441.2
111,1,3,48,13,64,200,2,2,1,361.96
111,1,3,49,7,64,200,2,2,1,940.85
111,1,3,50,1,64,200,1,1,1,625.86
111,1,3,51,6,64,200,2,2,1,489.85
111,1,3,52,5,64,200,2,2,1,713.61
111,1,3,53,2,64,200,1,1,1,730.23
111,1,3,54,4,64,200,1,1,1,484.52
111,1,3,55,3,64,200,1,1,1,555.52
111,1,3,56,1,64,200,1,1,1,710.34
111,1,3,57,4,64,200,1,1,1,987.48
111,1,3,58,8,64,200,2,2,1,762
111,1,3,59,7,64,200,2,2,1,725.87
111,1,3,60,1,64,200,1,1,1,943.39
111,1,3,61,11,64,200,2,2,1,413.22
111,1,3,62,2,64,200,1,1,1,619.03
111,1,3,63,6,64,200,2,2,1,568.95
111,1,3,64,7,64,200,2,2,1,609.1
111,1,3,65,10,64,200,2,2,1,485.6
111,1,3,66,4,64,200,1,1,1,769.29
111,1,3,67,2,64,200,1,1,1,682.06
111,1,3,68,12,64,200,2,2,1,436.53
111,1,3,69,12,64,200,2,2,1,398.33
111,1,3,70,11,64,200,2,2,1,570.2
111,1,3,71,3,64,200,1,1,1,642.07
111,1,3,72,8,64,200,2,2,1,477.08
111,1,3,73,2,64,200,1,1,1,590.66
111,1,3,74,9,64,200,2,2,1,420.75
111,1,3,75,3,64,200,1,1,1,564.01
111,1,3,76,11,64,200,2,2,1,429.8
111,1,3,77,4,64,200,1,1,1,1080.2
111,1,3,78,9,64,200,2,2,1,447.53
111,1,3,79,13,64,200,2,2,1,499.95
111,1,3,80,2,64,200,1,1,1,882.01
111,1,3,81,5,64,200,2,2,1,551.59
111,1,3,82,1,64,200,1,1,1,699.76
111,1,3,83,2,64,200,1,1,1,485.15
111,1,3,84,13,64,200,2,2,1,449.88
111,1,3,85,1,64,200,1,1,1,833.66
111,1,3,1,13,64,200,2,2,1,445.19
111,1,3,2,2,64,200,1,1,1,845.3
111,1,3,3,4,64,200,1,1,1,793.44
111,1,3,4,5,64,200,2,2,1,623.88
111,1,3,5,1,64,200,1,1,1,730.24
111,1,3,6,10,64,200,2,2,1,542.89
111,1,3,7,13,64,200,2,2,1,633.94
111,1,3,8,10,64,200,2,2,1,455.95
111,1,3,9,6,64,200,2,2,1,879.11
111,1,3,10,7,64,200,2,2,1,525.9
111,1,3,11,2,64,200,1,1,1,1112
111,1,3,12,1,64,200,1,1,1,669.44
111,1,3,13,3,64,200,1,1,1,1103.8
111,1,3,14,2,64,200,1,1,1,803.98
111,1,3,15,12,64,200,2,2,1,448.02
111,1,3,16,3,64,200,1,1,1,914.96
111,1,3,17,10,64,200,2,2,1,445.34
111,1,3,18,4,64,200,1,1,1,1453.9
111,1,3,19,5,64,200,2,2,1,467.64
111,1,3,20,9,64,200,2,2,1,758.91
111,1,3,21,6,64,200,2,2,1,547.74
111,1,3,22,11,64,200,2,2,1,1011.1
111,1,3,23,3,64,200,1,1,1,587.87
111,1,3,24,10,64,200,2,2,1,370.72
111,1,3,25,2,64,200,1,1,1,848.09
111,1,3,26,13,64,200,2,2,1,390.41
111,1,3,27,13,64,200,2,2,1,472.26
111,1,3,28,9,64,200,2,2,1,538.34
111,1,3,29,12,64,200,2,2,1,531.25
111,1,3,30,2,64,200,1,1,1,904.97
111,1,3,31,3,64,200,1,1,1,674.95
111,1,3,32,3,64,200,1,1,1,665.48
111,1,3,33,8,64,200,2,2,1,708.84
111,1,3,34,11,64,200,2,2,1,604.02
111,1,3,35,10,64,200,2,2,1,465.16
111,1,3,36,5,64,200,2,2,1,408.92
111,1,3,37,13,64,200,2,2,1,807.98
111,1,3,38,11,64,200,2,2,1,414.04
111,1,3,39,4,64,200,1,1,1,796.22
111,1,3,40,1,64,200,2,1,0,467
111,1,3,41,6,64,200,2,2,1,418.5
111,1,3,42,4,64,200,1,1,1,1025.9
111,1,3,43,3,64,200,1,1,1,1738.5
111,1,3,44,5,64,200,2,2,1,674.38
111,1,3,45,1,64,200,1,1,1,472.31
111,1,3,46,1,64,200,1,1,1,673.97
111,1,3,47,1,64,200,1,1,1,481.84
111,1,3,48,7,64,200,2,2,1,435.42
111,1,3,49,6,64,200,2,2,1,410.05
111,1,3,50,9,64,200,2,2,1,338.47
111,1,3,51,11,64,200,2,2,1,910.56
111,1,3,52,1,64,200,1,1,1,547.54
111,1,3,53,1,64,200,1,1,1,525.5
111,1,3,54,4,64,200,1,1,1,913.64
111,1,3,55,2,64,200,1,1,1,547.02
111,1,3,56,1,64,200,1,1,1,889.61
111,1,3,57,1,64,200,1,1,1,457.26
111,1,3,58,9,64,200,2,2,1,466.51
111,1,3,59,6,64,200,2,2,1,410.46
111,1,3,60,8,64,200,2,2,1,669.6
111,1,3,61,2,64,200,1,1,1,1491.1
111,1,3,62,3,64,200,1,1,1,1301.8
111,1,3,63,2,64,200,1,1,1,815.88
111,1,3,64,2,64,200,1,1,1,703.97
111,1,3,65,8,64,200,2,2,1,527.78
111,1,3,66,7,64,200,2,2,1,639.68
111,1,3,67,4,64,200,1,1,1,893.89
111,1,3,68,11,64,200,2,2,1,411.89
111,1,3,69,8,64,200,2,2,1,548.14
111,1,3,70,12,64,200,2,2,1,761.1
111,1,3,71,3,64,200,1,1,1,816
111,1,3,72,7,64,200,2,2,1,499.68
111,1,3,73,2,64,200,1,1,1,800.65
111,1,3,74,3,64,200,1,1,1,580.55
111,1,3,75,3,64,200,1,1,1,679.05
111,1,3,76,12,64,200,2,2,1,363.04
111,1,3,77,9,64,200,2,2,1,604.19
111,1,3,78,5,64,200,2,2,1,547.15
111,1,3,79,4,64,200,1,1,1,1159.3
111,1,3,80,8,64,200,2,2,1,618.63
111,1,3,81,7,64,200,2,2,1,428.61
111,1,3,82,4,64,200,1,1,1,1378
111,1,3,83,4,64,200,1,1,1,1317.3
111,1,3,84,12,64,200,2,2,1,1149
111,1,3,85,4,64,200,1,1,1,1129.6
111,1,3,1,5,64,200,2,2,1,572.56
111,1,3,2,10,64,200,2,2,1,464.46
111,1,3,3,11,64,200,2,2,1,575.44
111,1,3,4,9,64,200,2,2,1,494.46
111,1,3,5,6,64,200,2,2,1,443.19
111,1,3,6,12,64,200,2,2,1,860.15
111,1,3,7,8,64,200,2,2,1,848.68
111,1,3,8,1,64,200,1,1,1,977.62
111,1,3,9,2,64,200,1,1,1,863.29
111,1,3,10,10,64,200,2,2,1,680.46
111,1,3,11,9,64,200,2,2,1,571.21
111,1,3,12,7,64,200,2,2,1,864.29
111,1,3,13,3,64,200,1,1,1,1228.1
111,1,3,14,4,64,200,2,1,0,985.11
111,1,3,15,9,64,200,2,2,1,525.38
111,1,3,16,8,64,200,2,2,1,862.4
111,1,3,17,5,64,200,2,2,1,573.47
111,1,3,18,2,64,200,1,1,1,1018
111,1,3,19,12,64,200,2,2,1,529.42
111,1,3,20,12,64,200,2,2,1,1140.2
111,1,3,21,3,64,200,1,1,1,869.61
111,1,3,22,2,64,200,1,1,1,1434.1
111,1,3,23,4,64,200,1,1,1,558.56
111,1,3,24,2,64,200,1,1,1,657.23
111,1,3,25,7,64,200,2,2,1,520.05
111,1,3,26,13,64,200,2,2,1,381.83
111,1,3,27,13,64,200,2,2,1,1346.4
111,1,3,28,2,64,200,1,1,1,1083.5
111,1,3,29,5,64,200,2,2,1,450.28
111,1,3,30,5,64,200,2,2,1,532.54
111,1,3,31,2,64,200,1,1,1,1231.6
111,1,3,32,11,64,200,2,2,1,386.79
111,1,3,33,10,64,200,2,2,1,482.19
111,1,3,34,3,64,200,2,1,0,1689
111,1,3,35,4,64,200,1,1,1,1295.5
111,1,3,36,5,64,200,2,2,1,438.98
111,1,3,37,8,64,200,2,2,1,1154.8
111,1,3,38,11,64,200,2,2,1,483.76
111,1,3,39,10,64,200,2,2,1,412.02
111,1,3,40,1,64,200,1,1,1,681.61
111,1,3,41,6,64,200,2,2,1,409.58
111,1,3,42,6,64,200,2,2,1,551.47
111,1,3,43,1,64,200,1,1,1,1762.6
111,1,3,44,3,64,200,1,1,1,1258.9
111,1,3,45,2,64,200,1,1,1,847.45
111,1,3,46,6,64,200,2,2,1,473.11
111,1,3,47,6,64,200,2,2,1,403.62
111,1,3,48,13,64,200,2,2,1,712.6
111,1,3,49,9,64,200,2,2,1,418.07
111,1,3,50,3,64,200,1,1,1,994.64
111,1,3,51,7,64,200,1,2,0,1667.8
111,1,3,52,11,64,200,2,2,1,504.9
111,1,3,53,11,64,200,2,2,1,565.04
111,1,3,54,1,64,200,1,1,1,739.66
111,1,3,55,12,64,200,2,2,1,398.95
111,1,3,56,2,64,200,1,1,1,1455.6
111,1,3,57,3,64,200,1,1,1,443.4
111,1,3,58,13,64,200,2,2,1,327.56
111,1,3,59,4,64,200,1,1,1,1168.8
111,1,3,60,1,64,200,1,1,1,436.53
111,1,3,61,10,64,200,2,2,1,404.89
111,1,3,62,1,64,200,1,1,1,518.92
111,1,3,63,8,64,200,2,2,1,481.96
111,1,3,64,1,64,200,1,1,1,634.01
111,1,3,65,7,64,200,2,2,1,597.03
111,1,3,66,3,64,200,1,1,1,546.42
111,1,3,67,3,64,200,1,1,1,513.18
111,1,3,68,4,64,200,1,1,1,385.34
111,1,3,69,1,64,200,1,1,1,761.47
111,1,3,70,3,64,200,1,1,1,505.71
111,1,3,71,1,64,200,1,1,1,478.32
111,1,3,72,4,64,200,1,1,1,296.28
111,1,3,73,12,64,200,2,2,1,370.75
111,1,3,74,7,64,200,2,2,1,600.57
111,1,3,75,4,64,200,1,1,1,781.91
111,1,3,76,13,64,200,2,2,1,368.67
111,1,3,77,4,64,200,1,1,1,856.45
111,1,3,78,8,64,200,2,2,1,462.94
111,1,3,79,4,64,200,1,1,1,946.98
111,1,3,80,2,64,200,1,1,1,766.16
111,1,3,81,3,64,200,1,1,1,696.19
111,1,3,82,4,64,200,1,1,1,952.42
111,1,3,83,9,64,200,2,2,1,434.86
111,1,3,84,1,64,200,1,1,1,620.71
111,1,3,85,2,64,200,1,1,1,542.22
111,1,3,1,1,64,200,1,1,1,545.45
111,1,3,2,5,64,200,2,2,1,450.29
111,1,3,3,12,64,200,2,2,1,638.93
111,1,3,4,4,64,200,1,1,1,863.75
111,1,3,5,3,64,200,1,1,1,675.06
111,1,3,6,4,64,200,1,1,1,750.39
111,1,3,7,8,64,200,2,2,1,2575.2
111,1,3,8,8,64,200,2,2,1,2446.1
111,1,3,9,6,64,200,2,2,1,601.99
111,1,3,10,10,64,200,2,2,1,730.19
111,1,3,11,9,64,200,2,2,1,609.73
111,1,3,12,9,64,200,2,2,1,997.56
111,1,3,13,12,64,200,2,2,1,756.47
111,1,3,14,11,64,200,2,2,1,518.09
111,1,3,15,6,64,200,2,2,1,724.67
111,1,3,16,7,64,200,2,2,1,587.83
111,1,3,17,1,64,200,1,1,1,1156.8
111,1,3,18,3,64,200,1,1,1,642.62
111,1,3,19,2,64,200,1,1,1,411.92
111,1,3,20,3,64,200,1,1,1,384.71
111,1,3,21,9,64,200,2,2,1,465.57
111,1,3,22,1,64,200,1,1,1,875.35
111,1,3,23,3,64,200,1,1,1,460.53
111,1,3,24,4,64,200,1,1,1,678.28
111,1,3,25,6,64,200,2,2,1,402.82
111,1,3,26,2,64,200,1,1,1,1101.6
111,1,3,27,10,64,200,2,2,1,510.89
111,1,3,28,8,64,200,2,2,1,469.42
111,1,3,29,1,64,200,1,1,1,1152.9
111,1,3,30,13,64,200,2,2,1,639.93
111,1,3,31,11,64,200,2,2,1,456.53
111,1,3,32,11,64,200,2,2,1,1686
111,1,3,33,5,64,200,2,2,1,408.96
111,1,3,34,4,64,200,1,1,1,865.76
111,1,3,35,9,64,200,2,2,1,887.67
111,1,3,36,9,64,200,2,2,1,370.89
111,1,3,37,5,64,200,2,2,1,256.17
111,1,3,38,2,64,200,1,1,1,955.23
111,1,3,39,3,64,200,1,1,1,876.83
111,1,3,40,11,64,200,2,2,1,413.54
111,1,3,41,4,64,200,1,1,1,1129.8
111,1,3,42,4,64,200,1,1,1,542.86
111,1,3,43,1,64,200,1,1,1,611.15
111,1,3,44,3,64,200,1,1,1,329.31
111,1,3,45,12,64,200,2,2,1,354.61
111,1,3,46,1,64,200,1,1,1,642.9
111,1,3,47,13,64,200,2,2,1,358.6
111,1,3,48,12,64,200,2,2,1,376.31
111,1,3,49,2,64,200,1,1,1,1324.3
111,1,3,50,7,64,200,2,2,1,586.76
111,1,3,51,4,64,200,1,1,1,1294.8
111,1,3,52,8,64,200,2,2,1,503.19
111,1,3,53,1,64,200,1,1,1,781.1
111,1,3,54,6,64,200,2,2,1,404.03
111,1,3,55,10,64,200,2,2,1,1280.9
111,1,3,56,2,64,200,1,1,1,1026.1
111,1,3,57,13,64,200,2,2,1,454.04
111,1,3,58,13,64,200,2,2,1,404.34
111,1,3,59,1,64,200,1,1,1,1121.2
111,1,3,60,11,64,200,2,2,1,375.15
111,1,3,61,10,64,200,2,2,1,891.78
111,1,3,62,10,64,200,2,2,1,373.42
111,1,3,63,2,64,200,1,1,1,1399.5
111,1,3,64,5,64,200,2,2,1,383.54
111,1,3,65,2,64,200,1,1,1,2107.5
111,1,3,66,2,64,200,1,1,1,994.53
111,1,3,67,3,64,200,1,1,1,552.24
111,1,3,68,12,64,200,2,2,1,381.8
111,1,3,69,4,64,200,1,1,1,1315.2
111,1,3,70,6,64,200,2,2,1,415.68
111,1,3,71,13,64,200,2,2,1,719.34
111,1,3,72,1,64,200,1,1,1,963.04
111,1,3,73,7,64,200,2,2,1,867.53
111,1,3,74,1,64,200,1,1,1,1069.2
111,1,3,75,2,64,200,1,1,1,623.96
111,1,3,76,8,64,200,2,2,1,686.24
111,1,3,77,4,64,200,1,1,1,945.13
111,1,3,78,7,64,200,2,2,1,637.62
111,1,3,79,3,64,200,1,1,1,726.45
111,1,3,80,3,64,200,1,1,1,998.49
111,1,3,81,4,64,200,1,1,1,766.51
111,1,3,82,2,64,200,1,1,1,598.47
111,1,3,83,3,64,200,1,1,1,422.35
111,1,3,84,5,64,200,2,2,1,414.36
111,1,3,85,7,64,200,2,2,1,455.3
111,1,3,1,13,64,200,2,2,1,2158.9
111,1,3,2,10,64,200,2,2,1,1027.4
111,1,3,3,3,64,200,2,1,0,787.31
111,1,3,4,2,64,200,2,1,0,2112.7
111,1,3,5,2,64,200,2,1,0,705.15
111,1,3,6,9,64,200,2,2,1,855.04
111,1,3,7,2,64,200,1,1,1,1812.1
111,1,3,8,3,64,200,1,1,1,603.65
111,1,3,9,12,64,200,2,2,1,931.53
111,1,3,10,7,64,200,2,2,1,1894.7
111,1,3,11,8,64,200,2,2,1,871.67
111,1,3,12,7,64,200,2,2,1,823.06
111,1,3,13,1,64,200,1,1,1,1953.8
111,1,3,14,13,64,200,2,2,1,797.16
111,1,3,15,3,64,200,1,1,1,2211.5
111,1,3,16,2,64,200,1,1,1,1012.2
111,1,3,17,1,64,200,1,1,1,771.81
111,1,3,18,2,64,200,1,1,1,1083
111,1,3,19,1,64,200,1,1,1,1332.3
111,1,3,20,1,64,200,1,1,1,672.26
111,1,3,21,3,64,200,1,1,1,1021.7
111,1,3,22,10,64,200,2,2,1,437.39
111,1,3,23,1,64,200,1,1,1,1155.6
111,1,3,24,5,64,200,2,2,1,569.82
111,1,3,25,4,64,200,1,1,1,814.58
111,1,3,26,10,64,200,2,2,1,461.47
111,1,3,27,6,64,200,2,2,1,423.31
111,1,3,28,12,64,200,2,2,1,586.29
111,1,3,29,7,64,200,2,2,1,578.35
111,1,3,30,10,64,200,2,2,1,406.6
111,1,3,31,6,64,200,2,2,1,431.29
111,1,3,32,8,64,200,2,2,1,568.55
111,1,3,33,9,64,200,2,2,1,500.09
111,1,3,34,4,64,200,2,1,0,574.77
111,1,3,35,8,64,200,2,2,1,649.53
111,1,3,36,2,64,200,1,1,1,538.78
111,1,3,37,11,64,200,2,2,1,619.44
111,1,3,38,2,64,200,1,1,1,717.23
111,1,3,39,6,64,200,2,2,1,448.75
111,1,3,40,2,64,200,1,1,1,836.01
111,1,3,41,6,64,200,2,2,1,458.61
111,1,3,42,4,64,200,1,1,1,883.29
111,1,3,43,2,64,200,1,1,1,806.47
111,1,3,44,10,64,200,2,2,1,669.98
111,1,3,45,9,64,200,2,2,1,523.08
111,1,3,46,9,64,200,2,2,1,476.52
111,1,3,47,1,64,200,1,1,1,719.74
111,1,3,48,1,64,200,1,1,1,607.8
111,1,3,49,8,64,200,2,2,1,659.78
111,1,3,50,11,64,200,2,2,1,821.74
111,1,3,51,5,64,200,2,2,1,1164.8
111,1,3,52,4,64,200,1,1,1,2302.1
111,1,3,53,7,64,200,2,2,1,699.98
111,1,3,54,5,64,200,2,2,1,600.62
111,1,3,55,7,64,200,2,2,1,800.06
111,1,3,56,4,64,200,1,1,1,1327.9
111,1,3,57,1,64,200,1,1,1,728.58
111,1,3,58,5,64,200,2,2,1,736.92
111,1,3,59,3,64,200,1,1,1,1644.4
111,1,3,60,6,64,200,2,2,1,546.5
111,1,3,61,11,64,200,2,2,1,744.81
111,1,3,62,13,64,200,2,2,1,679.78
111,1,3,63,13,64,200,2,2,1,382.24
111,1,3,64,12,64,200,2,2,1,733.22
111,1,3,65,12,64,200,2,2,1,407.66
111,1,3,66,3,64,200,1,1,1,1358.9
111,1,3,67,2,64,200,1,1,1,1141.2
111,1,3,68,4,64,200,1,1,1,654.6
111,1,3,69,9,64,200,2,2,1,588.01
111,1,3,70,3,64,200,1,1,1,810.31
111,1,3,71,13,64,200,2,2,1,767.53
111,1,3,72,4,64,200,1,1,1,1398
111,1,3,73,4,64,200,1,1,1,1220
111,1,3,74,1,64,200,1,1,1,854.35
111,1,3,75,4,64,200,1,1,1,1728.8
111,1,3,76,8,64,200,2,2,1,1065.8
111,1,3,77,5,64,200,2,2,1,1023.5
111,1,3,78,11,64,200,2,2,1,952.47
111,1,3,79,3,64,200,1,1,1,1137.9
111,1,3,80,12,64,200,2,2,1,462.63
111,1,3,81,4,64,200,1,1,1,1108.8
111,1,3,82,3,64,200,1,1,1,835.29
111,1,3,83,1,64,200,1,1,1,623.97
111,1,3,84,11,64,200,2,2,1,473.19
111,1,3,85,3,64,200,1,1,1,1371.6
111,1,3,1,7,64,200,2,2,1,603.75
111,1,3,2,10,64,200,2,2,1,1738.5
111,1,3,3,3,64,200,1,1,1,2281.2
111,1,3,4,9,64,200,2,2,1,904.87
111,1,3,5,1,64,200,1,1,1,1100.6
111,1,3,6,6,64,200,2,2,1,659.79
111,1,3,7,3,64,200,1,1,1,1187
111,1,3,8,13,64,200,2,2,1,1310.4
111,1,3,9,2,64,200,1,1,1,789.26
111,1,3,10,11,64,200,2,2,1,407.02
111,1,3,11,13,64,200,2,2,1,524.81
111,1,3,12,12,64,200,2,2,1,344.75
111,1,3,13,1,64,200,1,1,1,863.91
111,1,3,14,2,64,200,1,1,1,775.03
111,1,3,15,4,64,200,1,1,1,810.39
111,1,3,16,8,64,200,2,2,1,554.98
111,1,3,17,9,64,200,2,2,1,451.98
111,1,3,18,10,64,200,2,2,1,617.18
111,1,3,19,9,64,200,2,2,1,549.48
111,1,3,20,4,64,200,1,1,1,700.36
111,1,3,21,3,64,200,1,1,1,1809.3
111,1,3,22,11,64,200,2,2,1,487.16
111,1,3,23,6,64,200,2,2,1,632.27
111,1,3,24,5,64,200,2,2,1,589.28
111,1,3,25,2,64,200,1,1,1,1098.9
111,1,3,26,11,64,200,2,2,1,490.79
111,1,3,27,5,64,200,2,2,1,523.73
111,1,3,28,1,64,200,1,1,1,1503.3
111,1,3,29,8,64,200,2,2,1,545.63
111,1,3,30,4,64,200,1,1,1,1321.9
111,1,3,31,2,64,200,1,1,1,869.88
111,1,3,32,1,64,200,1,1,1,817.73
111,1,3,33,7,64,200,2,2,1,581.51
111,1,3,34,5,64,200,2,2,1,553.08
111,1,3,35,12,64,200,2,2,1,489.26
111,1,3,36,11,64,200,2,2,1,800.5
111,1,3,37,3,64,200,1,1,1,854.56
111,1,3,38,6,64,200,2,2,1,450.12
111,1,3,39,8,64,200,2,2,1,783.79
111,1,3,40,4,64,200,1,1,1,1397.1
111,1,3,41,1,64,200,1,1,1,543.87
111,1,3,42,2,64,200,1,1,1,785.16
111,1,3,43,1,64,200,1,1,1,442.13
111,1,3,44,13,64,200,2,2,1,436.09
111,1,3,45,4,64,200,1,1,1,670.6
111,1,3,46,3,64,200,1,1,1,624.1
111,1,3,47,12,64,200,2,2,1,907.45
111,1,3,48,6,64,200,2,2,1,621.57
111,1,3,49,4,64,200,1,1,1,936.05
111,1,3,50,3,64,200,1,1,1,592.76
111,1,3,51,8,64,200,1,2,0,628.87
111,1,3,52,4,64,200,1,1,1,765.69
111,1,3,53,12,64,200,2,2,1,496.03
111,1,3,54,10,64,200,2,2,1,696.46
111,1,3,55,10,64,200,2,2,1,515.82
111,1,3,56,11,64,200,2,2,1,317.48
111,1,3,57,4,64,200,1,1,1,1023.6
111,1,3,58,3,64,200,1,1,1,543.17
111,1,3,59,1,64,200,1,1,1,493.01
111,1,3,60,2,64,200,1,1,1,619.12
111,1,3,61,1,64,200,1,1,1,389.6
111,1,3,62,7,64,200,1,2,0,705.32
111,1,3,63,12,64,200,2,2,1,492.18
111,1,3,64,3,64,200,1,1,1,841.32
111,1,3,65,3,64,200,1,1,1,2015.2
111,1,3,66,9,64,200,2,2,1,597.03
111,1,3,67,13,64,200,2,2,1,889.37
111,1,3,68,2,64,200,1,1,1,623.09
111,1,3,69,4,64,200,1,1,1,504.62
111,1,3,70,2,64,200,1,1,1,465.34
111,1,3,71,3,64,200,1,1,1,559.97
111,1,3,72,7,64,200,2,2,1,955.16
111,1,3,73,8,64,200,1,2,0,453.9
111,1,3,74,10,64,200,2,2,1,534.75
111,1,3,75,7,64,200,2,2,1,696.88
111,1,3,76,2,64,200,1,1,1,587.75
111,1,3,77,1,64,200,1,1,1,490.8
111,1,3,78,1,64,200,1,1,1,557.33
111,1,3,79,2,64,200,1,1,1,358.9
111,1,3,80,4,64,200,1,1,1,655.83
111,1,3,81,5,64,200,2,2,1,482.22
111,1,3,82,9,64,200,2,2,1,390.25
111,1,3,83,13,64,200,2,2,1,1715.7
111,1,3,84,5,64,200,2,2,1,497.11
111,1,3,85,6,64,200,2,2,1,548.33
111,1,3,1,13,64,200,2,2,1,760.92
111,1,3,2,3,64,200,1,1,1,996.46
111,1,3,3,1,64,200,1,1,1,643.08
111,1,3,4,2,64,200,1,1,1,2032.7
111,1,3,5,12,64,200,2,2,1,1749.2
111,1,3,6,11,64,200,2,2,1,461.6
111,1,3,7,8,64,200,2,2,1,653.31
111,1,3,8,11,64,200,2,2,1,786.06
111,1,3,9,13,64,200,2,2,1,583.48
111,1,3,10,13,64,200,2,2,1,440.94
111,1,3,11,10,64,200,2,2,1,575.29
111,1,3,12,11,64,200,2,2,1,317.88
111,1,3,13,1,64,200,1,1,1,941.07
111,1,3,14,3,64,200,1,1,1,555.48
111,1,3,15,2,64,200,1,1,1,686.5
111,1,3,16,12,64,200,2,2,1,394.05
111,1,3,17,4,64,200,1,1,1,1149.9
111,1,3,18,11,64,200,2,2,1,794.67
111,1,3,19,3,64,200,1,1,1,630.5
111,1,3,20,2,64,200,2,1,0,523.99
111,1,3,21,2,64,200,1,1,1,791.88
111,1,3,22,4,64,200,1,1,1,488.02
111,1,3,23,10,64,200,2,2,1,424.59
111,1,3,24,10,64,200,2,2,1,616.04
111,1,3,25,1,64,200,1,1,1,1030.5
111,1,3,26,2,64,200,1,1,1,461.83
111,1,3,27,4,64,200,1,1,1,574.36
111,1,3,28,2,64,200,1,1,1,474.61
111,1,3,29,2,64,200,1,1,1,495.77
111,1,3,30,4,64,200,1,1,1,354.8
111,1,3,31,1,64,200,1,1,1,598.06
111,1,3,32,2,64,200,1,1,1,403.09
111,1,3,33,4,64,200,1,1,1,555.25
111,1,3,34,4,64,200,1,1,1,679.41
111,1,3,35,7,64,200,2,2,1,521.15
111,1,3,36,4,64,200,1,1,1,508.95
111,1,3,37,3,64,200,1,1,1,352.9
111,1,3,38,9,64,200,2,2,1,490.08
111,1,3,39,9,64,200,2,2,1,369.91
111,1,3,40,7,64,200,2,2,1,831.97
111,1,3,41,1,64,200,1,1,1,626.16
111,1,3,42,1,64,200,1,1,1,441.41
111,1,3,43,6,64,200,2,2,1,499.53
111,1,3,44,6,64,200,2,2,1,401.45
111,1,3,45,7,64,200,2,2,1,597.1
111,1,3,46,5,64,200,2,2,1,449.47
111,1,3,47,1,64,200,1,1,1,574.01
111,1,3,48,3,64,200,1,1,1,432.85
111,1,3,49,9,64,200,2,2,1,823.87
111,1,3,50,13,64,200,2,2,1,961.27
111,1,3,51,11,64,200,2,2,1,660.65
111,1,3,52,8,64,200,2,2,1,665.36
111,1,3,53,12,64,200,2,2,1,792.25
111,1,3,54,6,64,200,2,2,1,401.46
111,1,3,55,3,64,200,1,1,1,659.39
111,1,3,56,4,64,200,1,1,1,659.44
111,1,3,57,2,64,200,1,1,1,443.12
111,1,3,58,10,64,200,2,2,1,536.39
111,1,3,59,4,64,200,1,1,1,570.38
111,1,3,60,12,64,200,2,2,1,621.96
111,1,3,61,8,64,200,2,2,1,1055.4
111,1,3,62,6,64,200,2,2,1,423.4
111,1,3,63,9,64,200,2,2,1,441.51
111,1,3,64,13,64,200,2,2,1,499.78
111,1,3,65,1,64,200,1,1,1,631.2
111,1,3,66,9,64,200,2,2,1,459.55
111,1,3,67,4,64,200,1,1,1,659.21
111,1,3,68,2,64,200,1,1,1,543.22
111,1,3,69,7,64,200,2,2,1,751.02
111,1,3,70,3,64,200,1,1,1,517.9
111,1,3,71,3,64,200,1,1,1,932.65
111,1,3,72,3,64,200,1,1,1,416.34
111,1,3,73,8,64,200,2,2,1,591.92
111,1,3,74,12,64,200,2,2,1,640.23
111,1,3,75,10,64,200,2,2,1,661.97
111,1,3,76,5,64,200,2,2,1,648.65
111,1,3,77,5,64,200,2,2,1,478.89
111,1,3,78,5,64,200,2,2,1,590.67
111,1,3,79,1,64,200,1,1,1,1573.1
111,1,3,80,1,64,200,1,1,1,1780.8
111,1,3,81,8,64,200,2,2,1,726.19
111,1,3,82,7,64,200,2,2,1,622.11
111,1,3,83,6,64,200,2,2,1,1723.5
111,1,3,84,3,64,200,1,1,1,1139.2
111,1,3,85,5,64,200,2,2,1,433.12
111,1,3,1,11,64,200,2,2,1,952.79
111,1,3,2,13,64,200,2,2,1,367.03
111,1,3,3,8,64,200,2,2,1,803.11
111,1,3,4,7,64,200,2,2,1,1224.6
111,1,3,5,4,64,200,1,1,1,1024.2
111,1,3,6,8,64,200,2,2,1,776.38
111,1,3,7,11,64,200,2,2,1,1019.1
111,1,3,8,9,64,200,2,2,1,434.3
111,1,3,9,12,64,200,2,2,1,890.16
111,1,3,10,11,64,200,2,2,1,461.88
111,1,3,11,6,64,200,2,2,1,486.97
111,1,3,12,1,64,200,1,1,1,1265.3
111,1,3,13,3,64,200,1,1,1,928.46
111,1,3,14,11,64,200,2,2,1,508.82
111,1,3,15,7,64,200,2,2,1,1672.1
111,1,3,16,4,64,200,1,1,1,1726
111,1,3,17,2,64,200,1,1,1,716.07
111,1,3,18,6,64,200,2,2,1,829.29
111,1,3,19,1,64,200,1,1,1,916.24
111,1,3,20,4,64,200,1,1,1,1064
111,1,3,21,5,64,200,2,2,1,545.84
111,1,3,22,3,64,200,1,1,1,536.7
111,1,3,23,4,64,200,1,1,1,506.47
111,1,3,24,4,64,200,1,1,1,489.43
111,1,3,25,10,64,200,2,2,1,449.14
111,1,3,26,8,64,200,2,2,1,512.33
111,1,3,27,12,64,200,2,2,1,437.62
111,1,3,28,9,64,200,2,2,1,467.81
111,1,3,29,9,64,200,2,2,1,543.67
111,1,3,30,2,64,200,1,1,1,778.64
111,1,3,31,13,64,200,2,2,1,496.7
111,1,3,32,1,64,200,1,1,1,590.32
111,1,3,33,7,64,200,1,2,0,2216
111,1,3,34,5,64,200,2,2,1,416.43
111,1,3,35,1,64,200,1,1,1,486.75
111,1,3,36,2,64,200,1,1,1,764.56
111,1,3,37,11,64,200,2,2,1,383.22
111,1,3,38,3,64,200,1,1,1,753.58
111,1,3,39,12,64,200,2,2,1,449.59
111,1,3,40,1,64,200,1,1,1,639.18
111,1,3,41,12,64,200,2,2,1,470.34
111,1,3,42,13,64,200,2,2,1,420.05
111,1,3,43,4,64,200,1,1,1,767.44
111,1,3,44,4,64,200,1,1,1,600.4
111,1,3,45,2,64,200,2,1,0,498.4
111,1,3,46,3,64,200,1,1,1,449.91
111,1,3,47,9,64,200,2,2,1,602.04
111,1,3,48,2,64,200,1,1,1,642.93
111,1,3,49,10,64,200,2,2,1,421.52
111,1,3,50,6,64,200,2,2,1,374.22
111,1,3,51,1,64,200,1,1,1,462.8
111,1,3,52,10,64,200,2,2,1,400.56
111,1,3,53,3,64,200,1,1,1,679.23
111,1,3,54,5,64,200,2,2,1,359.66
111,1,3,55,8,64,200,2,2,1,571.44
111,1,3,56,4,64,200,1,1,1,1111.2
111,1,3,57,1,64,200,1,1,1,465.44
111,1,3,58,6,64,200,2,2,1,691.8
111,1,3,59,13,64,200,2,2,1,597.35
111,1,3,60,3,64,200,1,1,1,715.54
111,1,3,61,10,64,200,2,2,1,452.85
111,1,3,62,7,64,200,2,2,1,807.77
111,1,3,63,5,64,200,2,2,1,404.18
111,1,3,64,8,64,200,2,2,1,729.88
111,1,3,65,3,64,200,1,1,1,595.89
111,1,3,66,6,64,200,2,2,1,550.69
111,1,3,67,2,64,200,1,1,1,529.67
111,1,3,68,1,64,200,1,1,1,608.92
111,1,3,69,3,64,200,1,1,1,318.64
111,1,3,70,10,64,200,2,2,1,406.29
111,1,3,71,7,64,200,1,2,0,976.84
111,1,3,72,9,64,200,2,2,1,424.59
111,1,3,73,4,64,200,1,1,1,676.04
111,1,3,74,12,64,200,2,2,1,375.59
111,1,3,75,2,64,200,1,1,1,959.26
111,1,3,76,2,64,200,1,1,1,499.74
111,1,3,77,2,64,200,1,1,1,747.22
111,1,3,78,2,64,200,1,1,1,516.46
111,1,3,79,4,64,200,1,1,1,438.38
111,1,3,80,13,64,200,2,2,1,411.72
111,1,3,81,5,64,200,2,2,1,428.35
111,1,3,82,1,64,200,1,1,1,628.36
111,1,3,83,3,64,200,1,1,1,418.32
111,1,3,84,3,64,200,1,1,1,1154.4
111,1,3,85,1,64,200,1,1,1,314.32
111,1,3,1,4,64,200,1,1,1,885.21
111,1,3,2,5,64,200,2,2,1,504.37
111,1,3,3,1,64,200,1,1,1,456.06
111,1,3,4,8,64,200,2,2,1,726.42
111,1,3,5,13,64,200,2,2,1,1030.7
111,1,3,6,5,64,200,2,2,1,529.25
111,1,3,7,3,64,200,1,1,1,632
111,1,3,8,8,64,200,2,2,1,732.77
111,1,3,9,2,64,200,1,1,1,514.9
111,1,3,10,2,64,200,1,1,1,440.43
111,1,3,11,6,64,200,2,2,1,466.32
111,1,3,12,9,64,200,2,2,1,388.51
111,1,3,13,11,64,200,2,2,1,734.53
111,1,3,14,1,64,200,1,1,1,598.8
111,1,3,15,6,64,200,2,2,1,576.43
111,1,3,16,1,64,200,1,1,1,460.93
111,1,3,17,3,64,200,1,1,1,456.59
111,1,3,18,8,64,200,1,2,0,278.54
111,1,3,19,2,64,200,1,1,1,475.31
111,1,3,20,4,64,200,1,1,1,390.49
111,1,3,21,11,64,200,2,2,1,439.62
111,1,3,22,11,64,200,2,2,1,923.06
111,1,3,23,9,64,200,2,2,1,865.07
111,1,3,24,4,64,200,1,1,1,893.63
111,1,3,25,3,64,200,1,1,1,642.13
111,1,3,26,3,64,200,1,1,1,432.53
111,1,3,27,6,64,200,2,2,1,430.09
111,1,3,28,7,64,200,2,2,1,948.59
111,1,3,29,3,64,200,1,1,1,795.48
111,1,3,30,5,64,200,2,2,1,525.28
111,1,3,31,1,64,200,1,1,1,464.56
111,1,3,32,3,64,200,2,1,0,466.61
111,1,3,33,5,64,200,2,2,1,496.57
111,1,3,34,6,64,200,2,2,1,539.88
111,1,3,35,12,64,200,2,2,1,761.76
111,1,3,36,1,64,200,1,1,1,612.35
111,1,3,37,5,64,200,2,2,1,684.81
111,1,3,38,13,64,200,2,2,1,680.02
111,1,3,39,4,64,200,1,1,1,898.24
111,1,3,40,12,64,200,2,2,1,500.67
111,1,3,41,3,64,200,1,1,1,582
111,1,3,42,9,64,200,2,2,1,393.29
111,1,3,43,9,64,200,2,2,1,446.94
111,1,3,44,12,64,200,2,2,1,1087.4
111,1,3,45,2,64,200,1,1,1,717.23
111,1,3,46,11,64,200,2,2,1,431
111,1,3,47,4,64,200,1,1,1,1146.3
111,1,3,48,10,64,200,2,2,1,400.18
111,1,3,49,2,64,200,1,1,1,620.51
111,1,3,50,2,64,200,1,1,1,756.49
111,1,3,51,13,64,200,2,2,1,643.07
111,1,3,52,7,64,200,2,2,1,737.07
111,1,3,53,10,64,200,2,2,1,433.17
111,1,3,54,13,64,200,2,2,1,396.31
111,1,3,55,1,64,200,1,1,1,849.81
111,1,3,56,3,64,200,1,1,1,542.79
111,1,3,57,4,64,200,1,1,1,706.75
111,1,3,58,7,64,200,2,2,1,729.55
111,1,3,59,4,64,200,1,1,1,719.42
111,1,3,60,3,64,200,1,1,1,617.53
111,1,3,61,12,64,200,2,2,1,417.9
111,1,3,62,2,64,200,1,1,1,394.04
111,1,3,63,12,64,200,2,2,1,854.14
111,1,3,64,2,64,200,1,1,1,609.92
111,1,3,65,2,64,200,1,1,1,456.51
111,1,3,66,10,64,200,2,2,1,344.06
111,1,3,67,1,64,200,1,1,1,456.07
111,1,3,68,8,64,200,2,2,1,452.73
111,1,3,69,4,64,200,1,1,1,478.73
111,1,3,70,4,64,200,1,1,1,372.22
111,1,3,71,4,64,200,1,1,1,359.2
111,1,3,72,7,64,200,2,2,1,530.43
111,1,3,73,9,64,200,2,2,1,521.57
111,1,3,74,1,64,200,1,1,1,524.56
111,1,3,75,7,64,200,2,2,1,538.9
111,1,3,76,1,64,200,1,1,1,606.81
111,1,3,77,13,64,200,2,2,1,428.21
111,1,3,78,11,64,200,2,2,1,1170.4
111,1,3,79,8,64,200,2,2,1,512.36
111,1,3,80,10,64,200,2,2,1,1002
111,1,3,81,10,64,200,2,2,1,404.59
111,1,3,82,1,64,200,1,1,1,458.64
111,1,3,83,6,64,200,2,2,1,502.01
111,1,3,84,3,64,200,1,1,1,743.3
111,1,3,85,2,64,200,1,1,1,598.06
