102,1,1,1,6,64,200,1,2,0,3220.9
102,1,1,2,3,64,200,1,1,1,1798.4
102,1,1,3,3,64,200,1,1,1,2256.6
102,1,1,4,4,64,200,2,1,0,2577.5
102,1,1,5,9,64,200,1,2,0,1684
102,1,1,6,1,64,200,1,1,1,1774.9
102,1,1,7,1,64,200,1,1,1,1898.7
102,1,1,8,13,64,200,2,2,1,1265.1
102,1,1,9,11,64,200,2,2,1,935.57
102,1,1,10,8,64,200,1,2,0,1356.4
102,1,1,11,10,64,200,2,2,1,832.46
102,1,1,12,4,64,200,2,1,0,2150.3
102,1,1,13,2,64,200,1,1,1,1726.2
102,1,1,14,2,64,200,1,1,1,1046.5
102,1,1,15,5,64,200,2,2,1,1416.7
102,1,1,16,7,64,200,2,2,1,3326.2
102,1,1,17,12,64,200,2,2,1,844.17
102,1,1,18,6,64,200,2,2,1,1481.2
102,1,1,19,4,64,200,1,1,1,2051.9
102,1,1,20,11,64,200,2,2,1,819.51
102,1,1,21,6,64,200,2,2,1,2088.7
102,1,1,22,13,64,200,2,2,1,742.05
102,1,1,23,4,64,200,1,1,1,1558.7
102,1,1,24,9,64,200,1,2,0,1244.5
102,1,1,25,2,64,200,1,1,1,2145.7
102,1,1,26,4,64,200,1,1,1,1644.3
102,1,1,27,2,64,200,1,1,1,1704.8
102,1,1,28,12,64,200,2,2,1,759.25
102,1,1,29,1,64,200,1,1,1,1513.3
102,1,1,30,3,64,200,1,1,1,1247.3
102,1,1,31,12,64,200,2,2,1,864.93
102,1,1,32,9,64,200,1,2,0,1213.3
102,1,1,33,3,64,200,1,1,1,1243
102,1,1,34,10,64,200,2,2,1,710.51
102,1,1,35,13,64,200,2,2,1,832.26
102,1,1,36,11,64,200,2,2,1,648.36
102,1,1,37,11,64,200,2,2,1,675.21
102,1,1,38,2,64,200,1,1,1,1792
102,1,1,39,5,64,200,2,2,1,1888.4
102,1,1,40,10,64,200,2,2,1,683.78
102,1,1,41,11,64,200,2,2,1,694.79
102,1,1,42,3,64,200,1,1,1,1244
102,1,1,43,1,64,200,1,1,1,1121.2
102,1,1,44,1,64,200,1,1,1,1260
102,1,1,45,1,64,200,1,1,1,1127.1
102,1,1,46,12,64,200,2,2,1,787.98
102,1,1,47,12,64,200,2,2,1,1112.1
102,1,1,48,6,64,200,2,2,1,1747
102,1,1,49,8,64,200,1,2,0,1112
102,1,1,50,9,64,200,1,2,0,1108.5
102,1,1,51,13,64,200,2,2,1,990.98
102,1,1,52,4,64,200,2,1,0,1514.3
102,1,1,53,3,64,200,1,1,1,1747
102,1,1,54,7,64,200,2,2,1,1658.5
102,1,1,55,13,64,200,2,2,1,696.17
102,1,1,56,1,64,200,1,1,1,1034.1
102,1,1,57,1,64,200,1,1,1,1009.9
102,1,1,58,13,64,200,2,2,1,1494.1
102,1,1,59,3,64,200,1,1,1,1893.3
102,1,1,60,3,64,200,1,1,1,1223.8
102,1,1,61,3,64,200,1,1,1,935.6
102,1,1,62,1,64,200,1,1,1,906.75
102,1,1,63,2,64,200,1,1,1,1761.6
102,1,1,64,10,64,200,2,2,1,810.78
102,1,1,65,10,64,200,2,2,1,647.19
102,1,1,66,1,64,200,1,1,1,1083.5
102,1,1,67,7,64,200,2,2,1,1532
102,1,1,68,1,64,200,1,1,1,1131.2
102,1,1,69,8,64,200,1,2,0,1517
102,1,1,70,5,64,200,1,2,0,1928.4
102,1,1,71,1,64,200,1,1,1,1235.9
102,1,1,72,5,64,200,2,2,1,2065.6
102,1,1,73,10,64,200,2,2,1,637.24
102,1,1,74,4,64,200,2,1,0,1577.1
102,1,1,75,7,64,200,2,2,1,1130.3
102,1,1,76,2,64,200,1,1,1,2167.8
102,1,1,77,3,64,200,1,1,1,1212.5
102,1,1,78,5,64,200,1,2,0,2073.5
102,1,1,79,9,64,200,1,2,0,1171.7
102,1,1,80,2,64,200,1,1,1,1038.7
102,1,1,81,7,64,200,2,2,1,2805.5
102,1,1,82,2,64,200,1,1,1,1806.5
102,1,1,83,9,64,200,1,2,0,1463.4
102,1,1,84,2,64,200,1,1,1,1720.2
102,1,1,85,11,64,200,2,2,1,1183.4
102,1,1,86,8,64,200,1,2,0,1412.4
102,1,1,87,8,64,200,2,2,1,1582.1
102,1,1,88,2,64,200,1,1,1,851.46
102,1,1,89,12,64,200,2,2,1,617.69
102,1,1,90,3,64,200,1,1,1,1140.8
102,1,1,91,7,64,200,2,2,1,2000.2
102,1,1,92,6,64,200,2,2,1,1838.8
102,1,1,93,2,64,200,1,1,1,971.71
102,1,1,94,5,64,200,2,2,1,1232.9
102,1,1,95,6,64,200,2,2,1,3058.3
102,1,1,96,4,64,200,1,1,1,911.79
102,1,1,97,4,64,200,1,1,1,1740.2
102,1,1,98,4,64,200,1,1,1,928.71
102,1,1,99,3,64,200,1,1,1,942.26
102,1,1,100,4,64,200,1,1,1,965.16
102,1,1,101,8,64,200,2,2,1,1353.7
102,1,1,102,4,64,200,1,1,1,1133.5
102,1,1,1,1,64,200,1,1,1,892.7
102,1,1,2,4,64,200,1,1,1,1016.1
102,1,1,3,4,64,200,1,1,1,1095.3
102,1,1,4,2,64,200,1,1,1,1015.2
102,1,1,5,5,64,200,2,2,1,1198
102,1,1,6,5,64,200,2,2,1,1081.8
102,1,1,7,2,64,200,2,1,0,1258.1
102,1,1,8,4,64,200,1,1,1,922.9
102,1,1,9,3,64,200,1,1,1,684.3
102,1,1,10,5,64,200,2,2,1,1807.8
102,1,1,11,3,64,200,1,1,1,821.84
102,1,1,12,6,64,200,2,2,1,887.24
102,1,1,13,3,64,200,1,1,1,724.65
102,1,1,14,3,64,200,1,1,1,612.93
102,1,1,15,6,64,200,2,2,1,884.23
102,1,1,16,1,64,200,1,1,1,805.13
102,1,1,17,2,64,200,1,1,1,914.31
102,1,1,18,1,64,200,1,1,1,622.04
102,1,1,19,10,64,200,2,2,1,970.22
102,1,1,20,11,64,200,2,2,1,507.92
102,1,1,21,10,64,200,2,2,1,498.45
102,1,1,22,4,64,200,1,1,1,2358.9
102,1,1,23,4,64,200,1,1,1,1736.8
102,1,1,24,3,64,200,1,1,1,999.42
102,1,1,25,11,64,200,2,2,1,639.06
102,1,1,26,8,64,200,2,2,1,1416.9
102,1,1,27,12,64,200,2,2,1,958.95
102,1,1,28,12,64,200,2,2,1,745.41
102,1,1,29,9,64,200,2,2,1,1798.4
102,1,1,30,7,64,200,2,2,1,2210.9
102,1,1,31,4,64,200,1,1,1,2453.2
102,1,1,32,2,64,200,1,1,1,1594.7
102,1,1,33,5,64,200,2,2,1,1120.4
102,1,1,34,9,64,200,1,2,0,2028.2
102,1,1,35,13,64,200,2,2,1,660.79
102,1,1,36,8,64,200,2,2,1,2305.6
102,1,1,37,1,64,200,1,1,1,947.06
102,1,1,38,13,64,200,2,2,1,806.02
102,1,1,39,9,64,200,2,2,1,1538
102,1,1,40,11,64,200,2,2,1,717.3
102,1,1,41,1,64,200,1,1,1,725.27
102,1,1,42,3,64,200,1,1,1,590.79
102,1,1,43,2,64,200,1,1,1,676.91
102,1,1,44,1,64,200,1,1,1,801.26
102,1,1,45,8,64,200,2,2,1,969.11
102,1,1,46,3,64,200,1,1,1,802.48
102,1,1,47,12,64,200,2,2,1,880.89
102,1,1,48,3,64,200,1,1,1,1118.3
102,1,1,49,1,64,200,1,1,1,677.03
102,1,1,50,7,64,200,2,2,1,1226.8
102,1,1,51,8,64,200,2,2,1,1143.4
102,1,1,52,1,64,200,1,1,1,640
102,1,1,53,8,64,200,2,2,1,850.45
102,1,1,54,2,64,200,1,1,1,1335.1
102,1,1,55,7,64,200,2,2,1,903.48
102,1,1,56,6,64,200,2,2,1,1496.8
102,1,1,57,9,64,200,2,2,1,1334.4
102,1,1,58,7,64,200,1,2,0,970.27
102,1,1,59,12,64,200,2,2,1,1087.8
102,1,1,60,3,64,200,1,1,1,1043.2
102,1,1,61,2,64,200,1,1,1,984.87
102,1,1,62,2,64,200,1,1,1,1021.2
102,1,1,63,7,64,200,2,2,1,884.38
102,1,1,64,4,64,200,1,1,1,994.8
102,1,1,65,5,64,200,2,2,1,959.18
102,1,1,66,11,64,200,2,2,1,670.15
102,1,1,67,6,64,200,2,2,1,805.56
102,1,1,68,3,64,200,1,1,1,1206.2
102,1,1,69,1,64,200,1,1,1,755.22
102,1,1,70,4,64,200,1,1,1,1648.5
102,1,1,71,10,64,200,2,2,1,661.9
102,1,1,72,10,64,200,2,2,1,647.19
102,1,1,73,1,64,200,1,1,1,1079.1
102,1,1,74,13,64,200,2,2,1,987.91
102,1,1,75,6,64,200,2,2,1,946.94
102,1,1,76,13,64,200,2,2,1,1033.2
102,1,1,77,4,64,200,1,1,1,906.93
102,1,1,78,11,64,200,2,2,1,1258
102,1,1,79,4,64,200,1,1,1,1124.1
102,1,1,80,12,64,200,2,2,1,862.81
102,1,1,81,13,64,200,2,2,1,679.94
102,1,1,82,10,64,200,2,2,1,560.12
102,1,1,83,2,64,200,1,1,1,991.92
102,1,1,84,9,64,200,2,2,1,798.55
102,1,1,85,2,64,200,1,1,1,792.3
102,1,1,1,1,64,200,1,1,1,597.44
102,1,1,2,12,64,200,2,2,1,850.37
102,1,1,3,7,64,200,2,2,1,1331.7
102,1,1,4,8,64,200,2,2,1,796.12
102,1,1,5,11,64,200,2,2,1,559.73
102,1,1,6,1,64,200,1,1,1,743.06
102,1,1,7,2,64,200,1,1,1,1234.8
102,1,1,8,4,64,200,1,1,1,962.19
102,1,1,9,10,64,200,2,2,1,546.44
102,1,1,10,10,64,200,2,2,1,506.55
102,1,1,11,9,64,200,2,2,1,783.25
102,1,1,12,9,64,200,2,2,1,732.2
102,1,1,13,2,64,200,1,1,1,975.78
102,1,1,14,8,64,200,2,2,1,1091.4
102,1,1,15,3,64,200,1,1,1,585.14
102,1,1,16,9,64,200,2,2,1,784.91
102,1,1,17,5,64,200,2,2,1,885.02
102,1,1,18,6,64,200,2,2,1,888.52
102,1,1,19,6,64,200,2,2,1,950.44
102,1,1,20,9,64,200,2,2,1,1104.2
102,1,1,21,3,64,200,1,1,1,557.94
102,1,1,22,5,64,200,2,2,1,966.92
102,1,1,23,1,64,200,1,1,1,601.11
102,1,1,24,11,64,200,2,2,1,724.04
102,1,1,25,12,64,200,2,2,1,681.42
102,1,1,26,10,64,200,2,2,1,464.77
102,1,1,27,11,64,200,2,2,1,466.76
102,1,1,28,10,64,200,2,2,1,324.56
102,1,1,29,1,64,200,1,1,1,702.26
102,1,1,30,5,64,200,2,2,1,1259.4
102,1,1,31,1,64,200,1,1,1,684.87
102,1,1,32,13,64,200,2,2,1,1344.2
102,1,1,33,3,64,200,1,1,1,1207.2
102,1,1,34,13,64,200,2,2,1,766.17
102,1,1,35,2,64,200,1,1,1,1121.2
102,1,1,36,8,64,200,2,2,1,801.11
102,1,1,37,11,64,200,2,2,1,770.17
102,1,1,38,4,64,200,1,1,1,1011.6
102,1,1,39,1,64,200,1,1,1,1019.5
102,1,1,40,9,64,200,2,2,1,821.16
102,1,1,41,11,64,200,2,2,1,686.64
102,1,1,42,1,64,200,1,1,1,549.63
102,1,1,43,7,64,200,2,2,1,1205.3
102,1,1,44,2,64,200,1,1,1,863.06
102,1,1,45,12,64,200,2,2,1,682.15
102,1,1,46,6,64,200,2,2,1,947.87
102,1,1,47,3,64,200,1,1,1,825.42
102,1,1,48,2,64,200,1,1,1,899.04
102,1,1,49,3,64,200,1,1,1,450.67
102,1,1,50,4,64,200,1,1,1,885.55
102,1,1,51,12,64,200,2,2,1,858.12
102,1,1,52,3,64,200,1,1,1,640.87
102,1,1,53,1,64,200,1,1,1,1006.5
102,1,1,54,4,64,200,1,1,1,868.71
102,1,1,55,10,64,200,2,2,1,583.66
102,1,1,56,5,64,200,2,2,1,876.08
102,1,1,57,4,64,200,1,1,1,906.23
102,1,1,58,7,64,200,2,2,1,792.06
102,1,1,59,13,64,200,2,2,1,643.89
102,1,1,60,7,64,200,2,2,1,692.14
102,1,1,61,8,64,200,2,2,1,655.27
102,1,1,62,12,64,200,2,2,1,663.95
102,1,1,63,2,64,200,1,1,1,759.31
102,1,1,64,4,64,200,1,1,1,788.14
102,1,1,65,8,64,200,2,2,1,779.42
102,1,1,66,13,64,200,2,2,1,845.33
102,1,1,67,1,64,200,1,1,1,685.04
102,1,1,68,2,64,200,1,1,1,884.14
102,1,1,69,3,64,200,1,1,1,764.26
102,1,1,70,4,64,200,1,1,1,785.74
102,1,1,71,4,64,200,1,1,1,789.41
102,1,1,72,13,64,200,2,2,1,557.75
102,1,1,73,4,64,200,1,1,1,1218.9
102,1,1,74,6,64,200,2,2,1,940.42
102,1,1,75,3,64,200,1,1,1,684.34
102,1,1,76,5,64,200,2,2,1,932.97
102,1,1,77,1,64,200,1,1,1,845.42
102,1,1,78,2,64,200,1,1,1,818.37
102,1,1,79,3,64,200,1,1,1,542.61
102,1,1,80,3,64,200,1,1,1,497.37
102,1,1,81,2,64,200,1,1,1,798.07
102,1,1,82,6,64,200,2,2,1,823.13
102,1,1,83,7,64,200,1,2,0,794.48
102,1,1,84,4,64,200,1,1,1,1426.7
102,1,1,85,2,64,200,1,1,1,1109.7
102,1,1,1,12,64,200,2,2,1,846.29
102,1,1,2,10,64,200,2,2,1,395.13
102,1,1,3,6,64,200,2,2,1,846.74
102,1,1,4,3,64,200,1,1,1,525.12
102,1,1,5,9,64,200,2,2,1,687.5
102,1,1,6,13,64,200,2,2,1,966.73
102,1,1,7,13,64,200,2,2,1,686.85
102,1,1,8,1,64,200,1,1,1,638.89
102,1,1,9,2,64,200,1,1,1,1421.7
102,1,1,10,3,64,200,1,1,1,788.68
102,1,1,11,3,64,200,1,1,1,786.01
102,1,1,12,5,64,200,2,2,1,762.15
102,1,1,13,3,64,200,1,1,1,900.95
102,1,1,14,7,64,200,2,2,1,1289.7
102,1,1,15,8,64,200,2,2,1,682
102,1,1,16,10,64,200,2,2,1,704.03
102,1,1,17,2,64,200,1,1,1,1142.4
102,1,1,18,1,64,200,1,1,1,668.21
102,1,1,19,2,64,200,1,1,1,1045.4
102,1,1,20,12,64,200,2,2,1,629.43
102,1,1,21,4,64,200,1,1,1,910.54
102,1,1,22,5,64,200,2,2,1,788.32
102,1,1,23,1,64,200,1,1,1,789.17
102,1,1,24,1,64,200,1,1,1,634.13
102,1,1,25,13,64,200,2,2,1,680.37
102,1,1,26,2,64,200,1,1,1,683.08
102,1,1,27,7,64,200,2,2,1,998.55
102,1,1,28,4,64,200,1,1,1,800.63
102,1,1,29,7,64,200,2,2,1,874.14
102,1,1,30,9,64,200,2,2,1,950.71
102,1,1,31,3,64,200,1,1,1,668.9
102,1,1,32,4,64,200,1,1,1,892.77
102,1,1,33,12,64,200,2,2,1,682.86
102,1,1,34,1,64,200,1,1,1,678.54
102,1,1,35,9,64,200,2,2,1,684.01
102,1,1,36,4,64,200,1,1,1,1027.3
102,1,1,37,1,64,200,1,1,1,535.38
102,1,1,38,10,64,200,2,2,1,549.77
102,1,1,39,4,64,200,1,1,1,579.25
102,1,1,40,8,64,200,2,2,1,872.51
102,1,1,41,1,64,200,1,1,1,809.51
102,1,1,42,4,64,200,1,1,1,886.1
102,1,1,43,3,64,200,1,1,1,658.95
102,1,1,44,8,64,200,2,2,1,797.83
102,1,1,45,3,64,200,1,1,1,1785.2
102,1,1,46,11,64,200,2,2,1,746.8
102,1,1,47,13,64,200,2,2,1,869.35
102,1,1,48,2,64,200,1,1,1,738.95
102,1,1,49,2,64,200,1,1,1,633.13
102,1,1,50,2,64,200,1,1,1,710.78
102,1,1,51,6,64,200,2,2,1,874.67
102,1,1,52,3,64,200,1,1,1,1295.1
102,1,1,53,5,64,200,2,2,1,778.15
102,1,1,54,4,64,200,1,1,1,823.82
102,1,1,55,6,64,200,2,2,1,689.88
102,1,1,56,9,64,200,2,2,1,979.85
102,1,1,57,4,64,200,1,1,1,840.07
102,1,1,58,5,64,200,2,2,1,1077
102,1,1,59,1,64,200,1,1,1,670.73
102,1,1,60,4,64,200,1,1,1,1158.6
102,1,1,61,4,64,200,1,1,1,632.26
102,1,1,62,8,64,200,2,2,1,858.34
102,1,1,63,2,64,200,1,1,1,978.16
102,1,1,64,10,64,200,2,2,1,650.91
102,1,1,65,8,64,200,2,2,1,695.32
102,1,1,66,1,64,200,1,1,1,698.23
102,1,1,67,12,64,200,2,2,1,883.25
102,1,1,68,3,64,200,1,1,1,841.73
102,1,1,69,3,64,200,1,1,1,779.63
102,1,1,70,6,64,200,2,2,1,689.6
102,1,1,71,2,64,200,1,1,1,782.36
102,1,1,72,7,64,200,2,2,1,672.52
102,1,1,73,11,64,200,2,2,1,769.97
102,1,1,74,11,64,200,2,2,1,558.9
102,1,1,75,13,64,200,2,2,1,590.99
102,1,1,76,11,64,200,2,2,1,428.26
102,1,1,77,7,64,200,2,2,1,965.56
102,1,1,78,12,64,200,2,2,1,619.78
102,1,1,79,9,64,200,2,2,1,678.24
102,1,1,80,10,64,200,2,2,1,601.28
102,1,1,81,11,64,200,2,2,1,607.92
102,1,1,82,6,64,200,2,2,1,1097.5
102,1,1,83,5,64,200,2,2,1,1069.3
102,1,1,84,1,64,200,1,1,1,726.35
102,1,1,85,2,64,200,1,1,1,788.11
102,1,1,1,7,64,200,2,2,1,723.41
102,1,1,2,12,64,200,2,2,1,602.96
102,1,1,3,3,64,200,1,1,1,719.88
102,1,1,4,5,64,200,2,2,1,806.56
102,1,1,5,3,64,200,1,1,1,875.04
102,1,1,6,13,64,200,2,2,1,615.55
102,1,1,7,7,64,200,2,2,1,1039.6
102,1,1,8,2,64,200,1,1,1,1055.1
102,1,1,9,3,64,200,1,1,1,954.41
102,1,1,10,11,64,200,2,2,1,622.76
102,1,1,11,8,64,200,2,2,1,762.21
102,1,1,12,9,64,200,2,2,1,641.93
102,1,1,13,11,64,200,2,2,1,591.14
102,1,1,14,3,64,200,1,1,1,820.64
102,1,1,15,5,64,200,2,2,1,678.4
102,1,1,16,2,64,200,1,1,1,1028.3
102,1,1,17,1,64,200,1,1,1,609.46
102,1,1,18,9,64,200,2,2,1,765.84
102,1,1,19,1,64,200,1,1,1,673.59
102,1,1,20,4,64,200,2,1,0,1046
102,1,1,21,5,64,200,2,2,1,1209.5
102,1,1,22,11,64,200,2,2,1,683.03
102,1,1,23,8,64,200,2,2,1,1048.6
102,1,1,24,2,64,200,1,1,1,891.38
102,1,1,25,4,64,200,1,1,1,1190.2
102,1,1,26,9,64,200,2,2,1,752.93
102,1,1,27,1,64,200,1,1,1,703.23
102,1,1,28,11,64,200,2,2,1,712.11
102,1,1,29,12,64,200,2,2,1,819.23
102,1,1,30,2,64,200,1,1,1,942.38
102,1,1,31,4,64,200,1,1,1,980.4
102,1,1,32,2,64,200,1,1,1,911.63
102,1,1,33,3,64,200,1,1,1,600.41
102,1,1,34,3,64,200,1,1,1,508.55
102,1,1,35,1,64,200,1,1,1,486.85
102,1,1,36,4,64,200,1,1,1,786.22
102,1,1,37,13,64,200,2,2,1,703.6
102,1,1,38,3,64,200,1,1,1,703.39
102,1,1,39,1,64,200,1,1,1,782.09
102,1,1,40,2,64,200,1,1,1,798.19
102,1,1,41,9,64,200,2,2,1,716.23
102,1,1,42,5,64,200,2,2,1,1534.8
102,1,1,43,4,64,200,1,1,1,908.49
102,1,1,44,3,64,200,1,1,1,1098.9
102,1,1,45,11,64,200,2,2,1,630.29
102,1,1,46,6,64,200,2,2,1,704.45
102,1,1,47,13,64,200,2,2,1,766.4
102,1,1,48,4,64,200,1,1,1,812.6
102,1,1,49,13,64,200,2,2,1,678.11
102,1,1,50,6,64,200,2,2,1,731.91
102,1,1,51,10,64,200,2,2,1,611.29
102,1,1,52,2,64,200,1,1,1,1044.1
102,1,1,53,9,64,200,2,2,1,862.64
102,1,1,54,8,64,200,2,2,1,600.89
102,1,1,55,1,64,200,1,1,1,733.44
102,1,1,56,7,64,200,2,2,1,662.45
102,1,1,57,13,64,200,2,2,1,773.07
102,1,1,58,5,64,200,2,2,1,1126.9
102,1,1,59,6,64,200,2,2,1,780.38
102,1,1,60,10,64,200,2,2,1,576.98
102,1,1,61,2,64,200,1,1,1,795.52
102,1,1,62,10,64,200,2,2,1,709.99
102,1,1,63,1,64,200,1,1,1,824.77
102,1,1,64,12,64,200,2,2,1,577.82
102,1,1,65,1,64,200,1,1,1,824.58
102,1,1,66,2,64,200,1,1,1,1005.4
102,1,1,67,10,64,200,2,2,1,576.35
102,1,1,68,6,64,200,2,2,1,814.04
102,1,1,69,4,64,200,1,1,1,854.04
102,1,1,70,3,64,200,1,1,1,680.38
102,1,1,71,3,64,200,1,1,1,544.08
102,1,1,72,4,64,200,1,1,1,1159.8
102,1,1,73,1,64,200,1,1,1,557.52
102,1,1,74,4,64,200,1,1,1,891.29
102,1,1,75,8,64,200,2,2,1,727.42
102,1,1,76,12,64,200,2,2,1,728.48
102,1,1,77,7,64,200,2,2,1,917.5
102,1,1,78,10,64,200,2,2,1,732.61
102,1,1,79,8,64,200,2,2,1,794.03
102,1,1,80,12,64,200,2,2,1,817.01
102,1,1,81,2,64,200,1,1,1,970.61
102,1,1,82,7,64,200,2,2,1,795.29
102,1,1,83,1,64,200,1,1,1,851.53
102,1,1,84,6,64,200,2,2,1,985.52
102,1,1,85,4,64,200,1,1,1,1000.3
102,1,1,1,12,64,200,2,2,1,864.14
102,1,1,2,3,64,200,1,1,1,844.07
102,1,1,3,1,64,200,1,1,1,625.97
102,1,1,4,10,64,200,2,2,1,572.54
102,1,1,5,5,64,200,2,2,1,911.39
102,1,1,6,10,64,200,2,2,1,730.14
102,1,1,7,3,64,200,1,1,1,717.29
102,1,1,8,9,64,200,2,2,1,848.4
102,1,1,9,8,64,200,2,2,1,887.54
102,1,1,10,6,64,200,2,2,1,1430.2
102,1,1,11,7,64,200,2,2,1,1296.9
102,1,1,12,8,64,200,2,2,1,933.7
102,1,1,13,3,64,200,1,1,1,882.52
102,1,1,14,2,64,200,1,1,1,797.7
102,1,1,15,3,64,200,1,1,1,824.78
102,1,1,16,13,64,200,2,2,1,723.96
102,1,1,17,2,64,200,1,1,1,977.22
102,1,1,18,2,64,200,1,1,1,948.87
102,1,1,19,3,64,200,1,1,1,682.4
102,1,1,20,4,64,200,1,1,1,890.12
102,1,1,21,13,64,200,2,2,1,962.12
102,1,1,22,7,64,200,2,2,1,944.43
102,1,1,23,9,64,200,2,2,1,916.39
102,1,1,24,3,64,200,1,1,1,825.76
102,1,1,25,9,64,200,2,2,1,876.29
102,1,1,26,9,64,200,2,2,1,814.9
102,1,1,27,6,64,200,2,2,1,886.34
102,1,1,28,13,64,200,2,2,1,776.1
102,1,1,29,1,64,200,1,1,1,757.25
102,1,1,30,12,64,200,2,2,1,806.05
102,1,1,31,2,64,200,1,1,1,644.6
102,1,1,32,5,64,200,2,2,1,942.83
102,1,1,33,1,64,200,1,1,1,692.32
102,1,1,34,12,64,200,2,2,1,600.32
102,1,1,35,6,64,200,2,2,1,946.8
102,1,1,36,2,64,200,2,1,0,928.18
102,1,1,37,8,64,200,2,2,1,1088
102,1,1,38,3,64,200,1,1,1,900.76
102,1,1,39,4,64,200,1,1,1,1061.5
102,1,1,40,1,64,200,1,1,1,951.2
102,1,1,41,4,64,200,1,1,1,1113.6
102,1,1,42,1,64,200,1,1,1,670.34
102,1,1,43,7,64,200,2,2,1,963.23
102,1,1,44,5,64,200,2,2,1,1062.6
102,1,1,45,2,64,200,1,1,1,759.3
102,1,1,46,5,64,200,2,2,1,854.2
102,1,1,47,11,64,200,2,2,1,758.66
102,1,1,48,10,64,200,2,2,1,659.06
102,1,1,49,2,64,200,1,1,1,1059
102,1,1,50,4,64,200,1,1,1,631.8
102,1,1,51,11,64,200,2,2,1,899.01
102,1,1,52,1,64,200,1,1,1,832.37
102,1,1,53,4,64,200,1,1,1,777.57
102,1,1,54,6,64,200,2,2,1,1191.1
102,1,1,55,2,64,200,1,1,1,560.21
102,1,1,56,7,64,200,1,2,0,852.33
102,1,1,57,3,64,200,1,1,1,880.85
102,1,1,58,11,64,200,2,2,1,854.94
102,1,1,59,8,64,200,2,2,1,772.96
102,1,1,60,1,64,200,1,1,1,958.79
102,1,1,61,4,64,200,1,1,1,1044.4
102,1,1,62,6,64,200,2,2,1,988.96
102,1,1,63,1,64,200,1,1,1,987.29
102,1,1,64,3,64,200,1,1,1,894.95
102,1,1,65,12,64,200,2,2,1,855.12
102,1,1,66,10,64,200,2,2,1,836.37
102,1,1,67,2,64,200,1,1,1,1089.3
102,1,1,68,7,64,200,2,2,1,884.25
102,1,1,69,11,64,200,2,2,1,640.49
102,1,1,70,4,64,200,1,1,1,868.15
102,1,1,71,1,64,200,1,1,1,937.95
102,1,1,72,2,64,200,1,1,1,746.49
102,1,1,73,13,64,200,2,2,1,1011.6
102,1,1,74,9,64,200,2,2,1,831.84
102,1,1,75,1,64,200,1,1,1,725.62
102,1,1,76,3,64,200,1,1,1,1137.7
102,1,1,77,10,64,200,2,2,1,656.81
102,1,1,78,12,64,200,2,2,1,721.62
102,1,1,79,13,64,200,2,2,1,614.55
102,1,1,80,11,64,200,2,2,1,716.13
102,1,1,81,4,64,200,1,1,1,1394.3
102,1,1,82,8,64,200,2,2,1,671.88
102,1,1,83,5,64,200,2,2,1,869.99
102,1,1,84,4,64,200,1,1,1,1044.5
102,1,1,85,4,64,200,1,1,1,747.49
102,1,1,1,1,64,200,1,1,1,947.11
102,1,1,2,13,64,200,2,2,1,638.54
102,1,1,3,2,64,200,1,1,1,586.57
102,1,1,4,12,64,200,2,2,1,675.66
102,1,1,5,5,64,200,2,2,1,1398.1
102,1,1,6,4,64,200,1,1,1,793.85
102,1,1,7,3,64,200,1,1,1,1608.9
102,1,1,8,7,64,200,2,2,1,1466.1
102,1,1,9,6,64,200,2,2,1,837.94
102,1,1,10,8,64,200,2,2,1,975.56
102,1,1,11,3,64,200,1,1,1,886.22
102,1,1,12,4,64,200,1,1,1,959.44
102,1,1,13,10,64,200,2,2,1,761.08
102,1,1,14,10,64,200,2,2,1,1237.8
102,1,1,15,4,64,200,1,1,1,1276.3
102,1,1,16,8,64,200,2,2,1,1064.5
102,1,1,17,1,64,200,1,1,1,743.3
102,1,1,18,11,64,200,2,2,1,633.09
102,1,1,19,3,64,200,1,1,1,1167.4
102,1,1,20,2,64,200,1,1,1,591.39
102,1,1,21,10,64,200,2,2,1,631.89
102,1,1,22,3,64,200,1,1,1,850.39
102,1,1,23,4,64,200,1,1,1,982.4
102,1,1,24,7,64,200,2,2,1,1166.2
102,1,1,25,6,64,200,2,2,1,883.01
102,1,1,26,8,64,200,2,2,1,970.26
102,1,1,27,5,64,200,2,2,1,930.84
102,1,1,28,6,64,200,2,2,1,1065.2
102,1,1,29,12,64,200,2,2,1,1070.5
102,1,1,30,1,64,200,1,1,1,716.84
102,1,1,31,5,64,200,2,2,1,823.09
102,1,1,32,1,64,200,1,1,1,1206.1
102,1,1,33,13,64,200,2,2,1,679.1
102,1,1,34,13,64,200,2,2,1,610.81
102,1,1,35,3,64,200,1,1,1,1126.3
102,1,1,36,2,64,200,1,1,1,883.79
102,1,1,37,2,64,200,1,1,1,913.65
102,1,1,38,1,64,200,1,1,1,500.48
102,1,1,39,4,64,200,1,1,1,668.64
102,1,1,40,12,64,200,2,2,1,1621.6
102,1,1,41,2,64,200,1,1,1,950.57
102,1,1,42,5,64,200,2,2,1,799.98
102,1,1,43,1,64,200,1,1,1,919.73
102,1,1,44,3,64,200,1,1,1,701.07
102,1,1,45,4,64,200,1,1,1,793.36
102,1,1,46,7,64,200,2,2,1,1036.5
102,1,1,47,9,64,200,2,2,1,707.08
102,1,1,48,1,64,200,1,1,1,778.51
102,1,1,49,1,64,200,1,1,1,773.7
102,1,1,50,9,64,200,2,2,1,737.15
102,1,1,51,4,64,200,1,1,1,908.64
102,1,1,52,12,64,200,2,2,1,564.13
102,1,1,53,2,64,200,1,1,1,801.9
102,1,1,54,9,64,200,2,2,1,673.73
102,1,1,55,8,64,200,2,2,1,690.7
102,1,1,56,6,64,200,2,2,1,670.89
102,1,1,57,3,64,200,1,1,1,1044
102,1,1,58,2,64,200,1,1,1,1374.4
102,1,1,59,8,64,200,2,2,1,888.23
102,1,1,60,13,64,200,2,2,1,676.59
102,1,1,61,1,64,200,1,1,1,693.68
102,1,1,62,11,64,200,2,2,1,542.31
102,1,1,63,11,64,200,2,2,1,776.36
102,1,1,64,7,64,200,2,2,1,851.21
102,1,1,65,2,64,200,1,1,1,887.78
102,1,1,66,11,64,200,2,2,1,631.7
102,1,1,67,3,64,200,1,1,1,1358.6
102,1,1,68,5,64,200,2,2,1,878.85
102,1,1,69,2,64,200,1,1,1,1644.6
102,1,1,70,4,64,200,1,1,1,779.63
102,1,1,71,7,64,200,2,2,1,799.55
102,1,1,72,10,64,200,2,2,1,849.55
102,1,1,73,13,64,200,2,2,1,823.21
102,1,1,74,11,64,200,2,2,1,688.78
102,1,1,75,3,64,200,1,1,1,1861.6
102,1,1,76,4,64,200,1,1,1,1527.6
102,1,1,77,9,64,200,2,2,1,1326.2
102,1,1,78,10,64,200,2,2,1,707.08
102,1,1,79,1,64,200,1,1,1,1112.1
102,1,1,80,9,64,200,2,2,1,865.22
102,1,1,81,3,64,200,1,1,1,1052.8
102,1,1,82,12,64,200,2,2,1,1148.9
102,1,1,83,4,64,200,1,1,1,1675.5
102,1,1,84,6,64,200,2,2,1,1109.8
102,1,1,85,2,64,200,1,1,1,1402.1
102,1,1,1,1,64,200,1,1,1,868.23
102,1,1,2,7,64,200,2,2,1,840.25
102,1,1,3,4,64,200,1,1,1,1100.8
102,1,1,4,2,64,200,1,1,1,829.76
102,1,1,5,1,64,200,1,1,1,651.48
102,1,1,6,11,64,200,2,2,1,590.9
102,1,1,7,7,64,200,2,2,1,831.74
102,1,1,8,9,64,200,2,2,1,626.66
102,1,1,9,3,64,200,1,1,1,898.06
102,1,1,10,12,64,200,2,2,1,615.3
102,1,1,11,2,64,200,1,1,1,671
102,1,1,12,12,64,200,2,2,1,686.2
102,1,1,13,3,64,200,1,1,1,921.93
102,1,1,14,7,64,200,2,2,1,944.36
102,1,1,15,4,64,200,1,1,1,978
102,1,1,16,12,64,200,2,2,1,582.77
102,1,1,17,2,64,200,1,1,1,1147.3
102,1,1,18,5,64,200,2,2,1,975.1
102,1,1,19,1,64,200,1,1,1,884.21
102,1,1,20,10,64,200,2,2,1,636.1
102,1,1,21,3,64,200,1,1,1,1160.6
102,1,1,22,4,64,200,1,1,1,1566.1
102,1,1,23,13,64,200,2,2,1,771.01
102,1,1,24,2,64,200,1,1,1,903.19
102,1,1,25,10,64,200,2,2,1,578.87
102,1,1,26,4,64,200,1,1,1,996.78
102,1,1,27,3,64,200,1,1,1,984.88
102,1,1,28,4,64,200,1,1,1,952.88
102,1,1,29,2,64,200,1,1,1,1002.2
102,1,1,30,11,64,200,2,2,1,726.06
102,1,1,31,9,64,200,2,2,1,965.64
102,1,1,32,1,64,200,1,1,1,976.63
102,1,1,33,6,64,200,2,2,1,834.05
102,1,1,34,8,64,200,2,2,1,772.23
102,1,1,35,4,64,200,1,1,1,854.17
102,1,1,36,8,64,200,2,2,1,975.89
102,1,1,37,5,64,200,2,2,1,855.13
102,1,1,38,1,64,200,1,1,1,1375.4
102,1,1,39,13,64,200,2,2,1,780.59
102,1,1,40,6,64,200,2,2,1,1524.8
102,1,1,41,3,64,200,1,1,1,1122.7
102,1,1,42,10,64,200,2,2,1,640.26
102,1,1,43,2,64,200,1,1,1,1291.9
102,1,1,44,11,64,200,2,2,1,932.93
102,1,1,45,5,64,200,2,2,1,985.33
102,1,1,46,13,64,200,2,2,1,1008
102,1,1,47,1,64,200,1,1,1,1388
102,1,1,48,8,64,200,1,2,0,1657.4
102,1,1,49,6,64,200,2,2,1,708.1
102,1,1,50,12,64,200,2,2,1,809.66
102,1,1,51,2,64,200,1,1,1,1595.3
102,1,1,52,10,64,200,2,2,1,612.22
102,1,1,53,2,64,200,1,1,1,1162
102,1,1,54,6,64,200,2,2,1,1157.7
102,1,1,55,5,64,200,2,2,1,731.36
102,1,1,56,7,64,200,2,2,1,1551.6
102,1,1,57,3,64,200,1,1,1,1150.4
102,1,1,58,4,64,200,1,1,1,931.71
102,1,1,59,9,64,200,2,2,1,940.46
102,1,1,60,2,64,200,1,1,1,1287.7
102,1,1,61,4,64,200,1,1,1,1147.7
102,1,1,62,11,64,200,2,2,1,845.47
102,1,1,63,1,64,200,1,1,1,891.52
102,1,1,64,2,64,200,1,1,1,1694.5
102,1,1,65,9,64,200,2,2,1,795.59
102,1,1,66,9,64,200,2,2,1,813.76
102,1,1,67,13,64,200,2,2,1,677.59
102,1,1,68,1,64,200,1,1,1,1088
102,1,1,69,4,64,200,1,1,1,2067.5
102,1,1,70,5,64,200,2,2,1,1246.2
102,1,1,71,3,64,200,1,1,1,1162.5
102,1,1,72,1,64,200,1,1,1,1474
102,1,1,73,3,64,200,1,1,1,609.09
102,1,1,74,3,64,200,1,1,1,844.01
102,1,1,75,7,64,200,2,2,1,773.6
102,1,1,76,10,64,200,2,2,1,716.66
102,1,1,77,12,64,200,2,2,1,744.98
102,1,1,78,13,64,200,2,2,1,538.09
102,1,1,79,8,64,200,2,2,1,971.43
102,1,1,80,8,64,200,2,2,1,801.7
102,1,1,81,11,64,200,2,2,1,627.07
102,1,1,82,3,64,200,1,1,1,865.97
102,1,1,83,1,64,200,1,1,1,744.54
102,1,1,84,4,64,200,1,1,1,1031.1
102,1,1,85,6,64,200,2,2,1,1120.1
102,1,1,1,11,64,200,2,2,1,755.21
102,1,1,2,2,64,200,1,1,1,1713.9
102,1,1,3,1,64,200,1,1,1,786.25
102,1,1,4,2,64,200,1,1,1,991.74
102,1,1,5,6,64,200,2,2,1,877.3
102,1,1,6,13,64,200,2,2,1,654.2
102,1,1,7,2,64,200,1,1,1,733.33
102,1,1,8,3,64,200,1,1,1,594.88
102,1,1,9,4,64,200,1,1,1,1197.5
102,1,1,10,3,64,200,1,1,1,542.97
102,1,1,11,9,64,200,2,2,1,889.7
102,1,1,12,12,64,200,2,2,1,1220.5
102,1,1,13,1,64,200,1,1,1,1119.8
102,1,1,14,1,64,200,1,1,1,907.95
102,1,1,15,10,64,200,2,2,1,622.74
102,1,1,16,4,64,200,1,1,1,1206.4
102,1,1,17,6,64,200,2,2,1,896.79
102,1,1,18,4,64,200,1,1,1,947.94
102,1,1,19,11,64,200,2,2,1,846.81
102,1,1,20,1,64,200,1,1,1,928.6
102,1,1,21,3,64,200,1,1,1,1234.8
102,1,1,22,9,64,200,2,2,1,717.06
102,1,1,23,1,64,200,1,1,1,924.07
102,1,1,24,3,64,200,1,1,1,1138.2
102,1,1,25,4,64,200,1,1,1,957.75
102,1,1,26,12,64,200,2,2,1,695.52
102,1,1,27,7,64,200,2,2,1,908.74
102,1,1,28,2,64,200,1,1,1,1107.7
102,1,1,29,2,64,200,1,1,1,734.81
102,1,1,30,2,64,200,1,1,1,680.49
102,1,1,31,8,64,200,2,2,1,821.91
102,1,1,32,11,64,200,2,2,1,587.83
102,1,1,33,7,64,200,2,2,1,846.79
102,1,1,34,4,64,200,1,1,1,636.63
102,1,1,35,1,64,200,1,1,1,1524.2
102,1,1,36,13,64,200,2,2,1,643.7
102,1,1,37,1,64,200,1,1,1,690.6
102,1,1,38,8,64,200,2,2,1,919.15
102,1,1,39,4,64,200,1,1,1,922.42
102,1,1,40,3,64,200,1,1,1,820.69
102,1,1,41,10,64,200,2,2,1,627.12
102,1,1,42,11,64,200,2,2,1,628.2
102,1,1,43,9,64,200,2,2,1,735.39
102,1,1,44,2,64,200,1,1,1,887.5
102,1,1,45,7,64,200,2,2,1,1404.5
102,1,1,46,6,64,200,2,2,1,911.33
102,1,1,47,13,64,200,2,2,1,1022.3
102,1,1,48,7,64,200,2,2,1,943.61
102,1,1,49,8,64,200,2,2,1,1312.9
102,1,1,50,4,64,200,1,1,1,1530.2
102,1,1,51,5,64,200,2,2,1,876.71
102,1,1,52,6,64,200,2,2,1,917.92
102,1,1,53,12,64,200,2,2,1,918.04
102,1,1,54,2,64,200,1,1,1,1047.9
102,1,1,55,4,64,200,1,1,1,1709.1
102,1,1,56,12,64,200,2,2,1,1032.2
102,1,1,57,10,64,200,2,2,1,833.55
102,1,1,58,4,64,200,1,1,1,941.09
102,1,1,59,12,64,200,2,2,1,844.34
102,1,1,60,5,64,200,2,2,1,1203.7
102,1,1,61,8,64,200,2,2,1,778.86
102,1,1,62,13,64,200,2,2,1,949.81
102,1,1,63,13,64,200,2,2,1,536.15
102,1,1,64,3,64,200,1,1,1,725.34
102,1,1,65,1,64,200,1,1,1,710.87
102,1,1,66,1,64,200,1,1,1,595.72
102,1,1,67,5,64,200,2,2,1,951.09
102,1,1,68,6,64,200,2,2,1,809.79
102,1,1,69,3,64,200,1,1,1,871.88
102,1,1,70,8,64,200,2,2,1,839.74
102,1,1,71,9,64,200,2,2,1,780.08
102,1,1,72,3,64,200,1,1,1,1725.3
102,1,1,73,1,64,200,1,1,1,530.7
102,1,1,74,10,64,200,2,2,1,1117.9
102,1,1,75,9,64,200,2,2,1,966.8
102,1,1,76,10,64,200,2,2,1,1138.5
102,1,1,77,4,64,200,1,1,1,693.54
102,1,1,78,2,64,200,1,1,1,937.02
102,1,1,79,2,64,200,1,1,1,946.25
102,1,1,80,3,64,200,1,1,1,1301.3
102,1,1,81,3,64,200,1,1,1,695.99
102,1,1,82,5,64,200,2,2,1,2224
102,1,1,83,5,64,200,2,2,1,1850.9
102,1,1,84,7,64,200,2,2,1,1166.2
102,1,1,85,11,64,200,2,2,1,804.44
102,1,1,1,1,64,200,1,1,1,1113.9
102,1,1,2,10,64,200,2,2,1,565.71
102,1,1,3,2,64,200,1,1,1,1143.7
102,1,1,4,10,64,200,2,2,1,508.59
102,1,1,5,2,64,200,1,1,1,1080.2
102,1,1,6,6,64,200,2,2,1,785.05
102,1,1,7,3,64,200,1,1,1,934.69
102,1,1,8,8,64,200,2,2,1,1314.9
102,1,1,9,2,64,200,1,1,1,878.39
102,1,1,10,4,64,200,1,1,1,939
102,1,1,11,6,64,200,2,2,1,1207.3
102,1,1,12,6,64,200,2,2,1,882.26
102,1,1,13,4,64,200,1,1,1,862.69
102,1,1,14,4,64,200,1,1,1,1185.8
102,1,1,15,12,64,200,2,2,1,550.09
102,1,1,16,4,64,200,1,1,1,1467.9
102,1,1,17,1,64,200,1,1,1,649.56
102,1,1,18,12,64,200,2,2,1,1251.9
102,1,1,19,1,64,200,1,1,1,1766.7
102,1,1,20,8,64,200,2,2,1,1074.7
102,1,1,21,7,64,200,2,2,1,1538.7
102,1,1,22,8,64,200,2,2,1,955.62
102,1,1,23,5,64,200,2,2,1,1462.1
102,1,1,24,7,64,200,2,2,1,1105.2
102,1,1,25,3,64,200,1,1,1,870.75
102,1,1,26,9,64,200,2,2,1,1643.6
102,1,1,27,8,64,200,2,2,1,1970.8
102,1,1,28,1,64,200,1,1,1,759.06
102,1,1,29,13,64,200,2,2,1,1396.2
102,1,1,30,8,64,200,2,2,1,1785.8
102,1,1,31,3,64,200,1,1,1,1138.2
102,1,1,32,4,64,200,1,1,1,1890.9
102,1,1,33,6,64,200,2,2,1,1222.8
102,1,1,34,13,64,200,2,2,1,1851.3
102,1,1,35,13,64,200,2,2,1,1619.9
102,1,1,36,5,64,200,1,2,0,1516.2
102,1,1,37,4,64,200,1,1,1,1434.4
102,1,1,38,11,64,200,2,2,1,824.48
102,1,1,39,2,64,200,1,1,1,1538.7
102,1,1,40,5,64,200,2,2,1,1632.4
102,1,1,41,7,64,200,2,2,1,914.3
102,1,1,42,4,64,200,1,1,1,1147.8
102,1,1,43,1,64,200,1,1,1,1395.1
102,1,1,44,11,64,200,2,2,1,2175.8
102,1,1,45,10,64,200,2,2,1,1560.4
102,1,1,46,12,64,200,2,2,1,1981
102,1,1,47,4,64,200,1,1,1,2199.7
102,1,1,48,6,64,200,1,2,0,2041.3
102,1,1,49,2,64,200,1,1,1,905.31
102,1,1,50,1,64,200,1,1,1,651.79
102,1,1,51,7,64,200,2,2,1,686.74
102,1,1,52,9,64,200,2,2,1,908.2
102,1,1,53,3,64,200,1,1,1,975.55
102,1,1,54,12,64,200,2,2,1,904.65
102,1,1,55,9,64,200,2,2,1,883.28
102,1,1,56,3,64,200,1,1,1,509.43
102,1,1,57,2,64,200,1,1,1,982.88
102,1,1,58,12,64,200,2,2,1,658.78
102,1,1,59,13,64,200,2,2,1,413.82
102,1,1,60,11,64,200,2,2,1,372.1
102,1,1,61,1,64,200,1,1,1,1101.2
102,1,1,62,11,64,200,2,2,1,604.09
102,1,1,63,7,64,200,2,2,1,1437.5
102,1,1,64,5,64,200,2,2,1,851.28
102,1,1,65,2,64,200,2,1,0,1401.4
102,1,1,66,4,64,200,1,1,1,1239.4
102,1,1,67,3,64,200,1,1,1,806.37
102,1,1,68,9,64,200,2,2,1,817.39
102,1,1,69,13,64,200,2,2,1,704.09
102,1,1,70,2,64,200,1,1,1,1134.5
102,1,1,71,2,64,200,1,1,1,1169.4
102,1,1,72,10,64,200,2,2,1,560.16
102,1,1,73,1,64,200,1,1,1,726.29
102,1,1,74,4,64,200,1,1,1,885.75
102,1,1,75,1,64,200,1,1,1,664.79
102,1,1,76,3,64,200,1,1,1,469.07
102,1,1,77,2,64,200,1,1,1,378.24
102,1,1,78,10,64,200,2,2,1,828.47
102,1,1,79,11,64,200,2,2,1,430.38
102,1,1,80,1,64,200,1,1,1,890.92
102,1,1,81,9,64,200,2,2,1,762.32
102,1,1,82,3,64,200,1,1,1,816.44
102,1,1,83,3,64,200,1,1,1,805.65
102,1,1,84,5,64,200,2,2,1,854.42
102,1,1,85,3,64,200,1,1,1,1507.8
