111,1,5,1,10,64,200,2,2,1,654.56
111,1,5,2,5,64,200,2,2,1,1017.2
111,1,5,3,7,64,200,2,2,1,954.53
111,1,5,4,1,64,200,1,1,1,724.86
111,1,5,5,9,64,200,2,2,1,504.16
111,1,5,6,11,64,200,2,2,1,1506
111,1,5,7,3,64,200,1,1,1,1663.6
111,1,5,8,2,64,200,1,1,1,588.13
111,1,5,9,2,64,200,1,1,1,556.21
111,1,5,10,12,64,200,2,2,1,785.83
111,1,5,11,8,64,200,2,2,1,865.11
111,1,5,12,1,64,200,1,1,1,942.84
111,1,5,13,6,64,200,2,2,1,1552.7
111,1,5,14,13,64,200,2,2,1,1246.4
111,1,5,15,4,64,200,1,1,1,1161.4
111,1,5,16,4,64,200,1,1,1,706.71
111,1,5,17,3,64,200,1,1,1,865.47
111,1,5,18,2,64,200,1,1,1,780.66
111,1,5,19,3,64,200,1,1,1,876.51
111,1,5,20,10,64,200,2,2,1,496.09
111,1,5,21,9,64,200,2,2,1,745.78
111,1,5,22,6,64,200,2,2,1,934.73
111,1,5,23,5,64,200,2,2,1,496.33
111,1,5,24,4,64,200,1,1,1,1186.9
111,1,5,25,13,64,200,2,2,1,380.6
111,1,5,26,2,64,200,1,1,1,695.64
111,1,5,27,1,64,200,1,1,1,978.55
111,1,5,28,4,64,200,1,1,1,700.96
111,1,5,29,6,64,200,2,2,1,671.36
111,1,5,30,12,64,200,2,2,1,594.67
111,1,5,31,11,64,200,2,2,1,612.58
111,1,5,32,6,64,200,2,2,1,603.1
111,1,5,33,8,64,200,2,2,1,893.14
111,1,5,34,9,64,200,2,2,1,917.15
111,1,5,35,6,64,200,2,2,1,498.88
111,1,5,36,12,64,200,2,2,1,969.23
111,1,5,37,10,64,200,2,2,1,400.13
111,1,5,38,2,64,200,1,1,1,750.31
111,1,5,39,8,64,200,2,2,1,614.08
111,1,5,40,7,64,200,2,2,1,592.65
111,1,5,41,13,64,200,2,2,1,585.43
111,1,5,42,1,64,200,1,1,1,877.76
111,1,5,43,10,64,200,2,2,1,369.92
111,1,5,44,12,64,200,2,2,1,495.48
111,1,5,45,1,64,200,1,1,1,1467.5
111,1,5,46,4,64,200,1,1,1,591.06
111,1,5,47,3,64,200,1,1,1,552.29
111,1,5,48,1,64,200,1,1,1,605.66
111,1,5,49,5,64,200,2,2,1,506.7
111,1,5,50,3,64,200,1,1,1,861.34
111,1,5,51,2,64,200,1,1,1,1013.4
111,1,5,52,2,64,200,1,1,1,602.47
111,1,5,53,2,64,200,1,1,1,400.8
111,1,5,54,1,64,200,1,1,1,275.32
111,1,5,55,1,64,200,1,1,1,300.53
111,1,5,56,13,64,200,2,2,1,346.02
111,1,5,57,5,64,200,2,2,1,412.59
111,1,5,58,1,64,200,1,1,1,429.9
111,1,5,59,2,64,200,1,1,1,392.69
111,1,5,60,2,64,200,1,1,1,453.39
111,1,5,61,7,64,200,2,2,1,575.22
111,1,5,62,7,64,200,2,2,1,618.69
111,1,5,63,7,64,200,2,2,1,438.6
111,1,5,64,3,64,200,1,1,1,736.4
111,1,5,65,1,64,200,1,1,1,437.65
111,1,5,66,8,64,200,2,2,1,573.44
111,1,5,67,9,64,200,2,2,1,470.73
111,1,5,68,3,64,200,1,1,1,624.12
111,1,5,69,2,64,200,1,1,1,460.03
111,1,5,70,2,64,200,1,1,1,758.86
111,1,5,71,4,64,200,1,1,1,386.78
111,1,5,72,4,64,200,1,1,1,639.97
111,1,5,73,4,64,200,1,1,1,490.5
111,1,5,74,11,64,200,2,2,1,499.75
111,1,5,75,10,64,200,2,2,1,523.47
111,1,5,76,5,64,200,2,2,1,509.76
111,1,5,77,11,64,200,2,2,1,641.88
111,1,5,78,3,64,200,1,1,1,729.64
111,1,5,79,7,64,200,2,2,1,626.29
111,1,5,80,5,64,200,2,2,1,509.3
111,1,5,81,4,64,200,1,1,1,801.01
111,1,5,82,9,64,200,2,2,1,668.08
111,1,5,83,1,64,200,1,1,1,719.42
111,1,5,84,4,64,200,1,1,1,519.67
111,1,5,85,8,64,200,1,2,0,2016.6
111,1,5,86,9,64,200,2,2,1,605.08
111,1,5,87,6,64,200,2,2,1,370.85
111,1,5,88,13,64,200,2,2,1,829.3
111,1,5,89,12,64,200,2,2,1,907.55
111,1,5,90,3,64,200,1,1,1,1263.2
111,1,5,91,3,64,200,1,1,1,338.59
111,1,5,92,4,64,200,1,1,1,304.37
111,1,5,93,1,64,200,1,1,1,388.44
111,1,5,94,13,64,200,2,2,1,568.15
111,1,5,95,3,64,200,1,1,1,661.33
111,1,5,96,10,64,200,2,2,1,362.99
111,1,5,97,3,64,200,1,1,1,769.74
111,1,5,98,8,64,200,2,2,1,592.41
111,1,5,99,11,64,200,2,2,1,438.64
111,1,5,100,12,64,200,2,2,1,303.65
111,1,5,101,4,64,200,1,1,1,1002.5
111,1,5,102,11,64,200,2,2,1,336.64
111,1,5,1,4,64,200,1,1,1,562.35
111,1,5,2,4,64,200,1,1,1,798.95
111,1,5,3,5,64,200,2,2,1,425.94
111,1,5,4,10,64,200,2,2,1,398.55
111,1,5,5,1,64,200,1,1,1,722.24
111,1,5,6,6,64,200,2,2,1,499.01
111,1,5,7,5,64,200,2,2,1,449.16
111,1,5,8,10,64,200,2,2,1,694.58
111,1,5,9,3,64,200,1,1,1,798.13
111,1,5,10,13,64,200,2,2,1,406.19
111,1,5,11,4,64,200,2,1,0,533.45
111,1,5,12,3,64,200,1,1,1,405.05
111,1,5,13,9,64,200,2,2,1,446.91
111,1,5,14,5,64,200,2,2,1,428.87
111,1,5,15,3,64,200,1,1,1,536.94
111,1,5,16,9,64,200,2,2,1,379.69
111,1,5,17,11,64,200,2,2,1,391.52
111,1,5,18,9,64,200,2,2,1,475.85
111,1,5,19,13,64,200,2,2,1,417.01
111,1,5,20,4,64,200,1,1,1,419.48
111,1,5,21,8,64,200,1,2,0,472.86
111,1,5,22,7,64,200,2,2,1,500.52
111,1,5,23,1,64,200,1,1,1,507.57
111,1,5,24,3,64,200,1,1,1,742.43
111,1,5,25,8,64,200,1,2,0,982.81
111,1,5,26,9,64,200,2,2,1,503.48
111,1,5,27,1,64,200,1,1,1,579.03
111,1,5,28,3,64,200,1,1,1,538.17
111,1,5,29,11,64,200,2,2,1,399.39
111,1,5,30,1,64,200,1,1,1,608.77
111,1,5,31,12,64,200,2,2,1,571.93
111,1,5,32,10,64,200,2,2,1,529.81
111,1,5,33,7,64,200,2,2,1,1036.6
111,1,5,34,4,64,200,2,1,0,464.97
111,1,5,35,13,64,200,2,2,1,902.53
111,1,5,36,2,64,200,1,1,1,741.59
111,1,5,37,1,64,200,1,1,1,422.94
111,1,5,38,2,64,200,1,1,1,410.58
111,1,5,39,5,64,200,2,2,1,433.42
111,1,5,40,1,64,200,1,1,1,440.27
111,1,5,41,3,64,200,1,1,1,383.43
111,1,5,42,8,64,200,2,2,1,526.63
111,1,5,43,2,64,200,1,1,1,468.09
111,1,5,44,4,64,200,1,1,1,577.57
111,1,5,45,6,64,200,2,2,1,416.78
111,1,5,46,3,64,200,1,1,1,444.99
111,1,5,47,7,64,200,2,2,1,506.47
111,1,5,48,3,64,200,1,1,1,730.15
111,1,5,49,2,64,200,1,1,1,499.15
111,1,5,50,10,64,200,2,2,1,369.45
111,1,5,51,4,64,200,1,1,1,656.89
111,1,5,52,12,64,200,2,2,1,349.67
111,1,5,53,2,64,200,1,1,1,575.65
111,1,5,54,8,64,200,2,2,1,550.94
111,1,5,55,7,64,200,1,2,0,792
111,1,5,56,2,64,200,1,1,1,418.33
111,1,5,57,5,64,200,2,2,1,743.7
111,1,5,58,4,64,200,1,1,1,1255.6
111,1,5,59,11,64,200,2,2,1,742.95
111,1,5,60,12,64,200,2,2,1,541.3
111,1,5,61,11,64,200,2,2,1,1079.9
111,1,5,62,11,64,200,2,2,1,526.02
111,1,5,63,6,64,200,2,2,1,624.77
111,1,5,64,13,64,200,2,2,1,651.19
111,1,5,65,8,64,200,2,2,1,851.79
111,1,5,66,1,64,200,1,1,1,595.31
111,1,5,67,3,64,200,1,1,1,709.98
111,1,5,68,12,64,200,2,2,1,710.03
111,1,5,69,2,64,200,1,1,1,666.93
111,1,5,70,2,64,200,1,1,1,631.81
111,1,5,71,4,64,200,1,1,1,436.74
111,1,5,72,6,64,200,2,2,1,425.08
111,1,5,73,6,64,200,2,2,1,516.18
111,1,5,74,3,64,200,1,1,1,1073.9
111,1,5,75,9,64,200,2,2,1,458.68
111,1,5,76,12,64,200,2,2,1,726.5
111,1,5,77,2,64,200,1,1,1,1352.4
111,1,5,78,1,64,200,1,1,1,597.73
111,1,5,79,1,64,200,1,1,1,966.29
111,1,5,80,1,64,200,1,1,1,543.82
111,1,5,81,13,64,200,2,2,1,450.46
111,1,5,82,2,64,200,1,1,1,507.96
111,1,5,83,7,64,200,2,2,1,444.25
111,1,5,84,10,64,200,2,2,1,434.13
111,1,5,85,4,64,200,1,1,1,598.46
111,1,5,1,13,64,200,2,2,1,517.57
111,1,5,2,13,64,200,2,2,1,373.45
111,1,5,3,8,64,200,2,2,1,597.31
111,1,5,4,9,64,200,2,2,1,522.25
111,1,5,5,6,64,200,2,2,1,757.36
111,1,5,6,6,64,200,2,2,1,364.32
111,1,5,7,1,64,200,1,1,1,569.71
111,1,5,8,8,64,200,2,2,1,571.07
111,1,5,9,6,64,200,2,2,1,1195.3
111,1,5,10,12,64,200,2,2,1,633.86
111,1,5,11,13,64,200,2,2,1,421.38
111,1,5,12,11,64,200,2,2,1,1009.3
111,1,5,13,4,64,200,1,1,1,1826.3
111,1,5,14,8,64,200,2,2,1,934.85
111,1,5,15,10,64,200,2,2,1,2614.3
111,1,5,16,4,64,200,1,1,1,1457.8
111,1,5,17,11,64,200,2,2,1,499.43
111,1,5,18,11,64,200,2,2,1,581.78
111,1,5,19,9,64,200,2,2,1,389.46
111,1,5,20,6,64,200,2,2,1,664.72
111,1,5,21,2,64,200,1,1,1,1343.7
111,1,5,22,1,64,200,1,1,1,583.83
111,1,5,23,1,64,200,1,1,1,582.92
111,1,5,24,2,64,200,1,1,1,580.73
111,1,5,25,3,64,200,1,1,1,540.26
111,1,5,26,12,64,200,2,2,1,422.2
111,1,5,27,4,64,200,1,1,1,705.26
111,1,5,28,12,64,200,2,2,1,386.45
111,1,5,29,3,64,200,1,1,1,683.75
111,1,5,30,13,64,200,2,2,1,534.82
111,1,5,31,3,64,200,1,1,1,981.65
111,1,5,32,2,64,200,1,1,1,699.93
111,1,5,33,2,64,200,1,1,1,417.56
111,1,5,34,3,64,200,1,1,1,527.9
111,1,5,35,6,64,200,2,2,1,416.49
111,1,5,36,3,64,200,1,1,1,699.85
111,1,5,37,7,64,200,2,2,1,1342.2
111,1,5,38,2,64,200,1,1,1,1422.5
111,1,5,39,9,64,200,2,2,1,491.27
111,1,5,40,4,64,200,1,1,1,2309.4
111,1,5,41,13,64,200,2,2,1,439.74
111,1,5,42,12,64,200,2,2,1,517.65
111,1,5,43,7,64,200,2,2,1,2186.3
111,1,5,44,4,64,200,1,1,1,1197.5
111,1,5,45,2,64,200,1,1,1,637.96
111,1,5,46,4,64,200,1,1,1,590.62
111,1,5,47,2,64,200,1,1,1,501.32
111,1,5,48,9,64,200,2,2,1,516.87
111,1,5,49,2,64,200,1,1,1,661.09
111,1,5,50,2,64,200,1,1,1,472.17
111,1,5,51,10,64,200,2,2,1,381.44
111,1,5,52,7,64,200,2,2,1,514.81
111,1,5,53,5,64,200,2,2,1,743.53
111,1,5,54,8,64,200,2,2,1,570.01
111,1,5,55,3,64,200,1,1,1,700.63
111,1,5,56,8,64,200,2,2,1,549.66
111,1,5,57,3,64,200,1,1,1,809.98
111,1,5,58,9,64,200,2,2,1,431.27
111,1,5,59,12,64,200,2,2,1,607.55
111,1,5,60,3,64,200,1,1,1,1075.2
111,1,5,61,4,64,200,1,1,1,870.09
111,1,5,62,11,64,200,2,2,1,481.48
111,1,5,63,4,64,200,1,1,1,637.28
111,1,5,64,5,64,200,2,2,1,429.33
111,1,5,65,10,64,200,2,2,1,430.92
111,1,5,66,3,64,200,1,1,1,1110.6
111,1,5,67,2,64,200,1,1,1,746.83
111,1,5,68,1,64,200,1,1,1,430.62
111,1,5,69,1,64,200,1,1,1,668.81
111,1,5,70,7,64,200,2,2,1,583.35
111,1,5,71,1,64,200,1,1,1,3263.7
111,1,5,72,7,64,200,2,2,1,494.21
111,1,5,73,5,64,200,2,2,1,419.29
111,1,5,74,5,64,200,2,2,1,391.57
111,1,5,75,4,64,200,1,1,1,750.63
111,1,5,76,1,64,200,1,1,1,423.75
111,1,5,77,1,64,200,1,1,1,402.54
111,1,5,78,4,64,200,1,1,1,1060.6
111,1,5,79,3,64,200,1,1,1,488.66
111,1,5,80,11,64,200,2,2,1,431.91
111,1,5,81,10,64,200,2,2,1,413.24
111,1,5,82,10,64,200,2,2,1,675.75
111,1,5,83,1,64,200,1,1,1,649.08
111,1,5,84,1,64,200,1,1,1,558.39
111,1,5,85,5,64,200,2,2,1,483.66
111,1,5,1,11,64,200,2,2,1,504.64
111,1,5,2,3,64,200,1,1,1,762.9
111,1,5,3,4,64,200,1,1,1,533.44
111,1,5,4,10,64,200,2,2,1,361.18
111,1,5,5,2,64,200,1,1,1,543.63
111,1,5,6,3,64,200,1,1,1,750.62
111,1,5,7,2,64,200,1,1,1,443.94
111,1,5,8,2,64,200,1,1,1,371.34
111,1,5,9,6,64,200,2,2,1,523.4
111,1,5,10,11,64,200,2,2,1,380.53
111,1,5,11,3,64,200,1,1,1,495.56
111,1,5,12,2,64,200,1,1,1,314.4
111,1,5,13,12,64,200,2,2,1,350.6
111,1,5,14,13,64,200,2,2,1,452.1
111,1,5,15,5,64,200,2,2,1,520.47
111,1,5,16,1,64,200,1,1,1,583.74
111,1,5,17,13,64,200,2,2,1,599.73
111,1,5,18,4,64,200,1,1,1,484.88
111,1,5,19,1,64,200,1,1,1,524.21
111,1,5,20,2,64,200,1,1,1,346.3
111,1,5,21,5,64,200,2,2,1,399.51
111,1,5,22,8,64,200,1,2,0,1206.8
111,1,5,23,2,64,200,1,1,1,1432.5
111,1,5,24,9,64,200,2,2,1,1096.2
111,1,5,25,12,64,200,2,2,1,1131.3
111,1,5,26,3,64,200,1,1,1,1186.8
111,1,5,27,5,64,200,2,2,1,401.66
111,1,5,28,7,64,200,2,2,1,1213.8
111,1,5,29,7,64,200,2,2,1,554.35
111,1,5,30,5,64,200,2,2,1,445.58
111,1,5,31,3,64,200,1,1,1,464.92
111,1,5,32,8,64,200,1,2,0,2186.6
111,1,5,33,10,64,200,2,2,1,503.93
111,1,5,34,9,64,200,2,2,1,859.86
111,1,5,35,10,64,200,2,2,1,375.56
111,1,5,36,12,64,200,2,2,1,957.53
111,1,5,37,5,64,200,2,2,1,550.42
111,1,5,38,6,64,200,2,2,1,483.46
111,1,5,39,3,64,200,1,1,1,530.59
111,1,5,40,1,64,200,1,1,1,377.24
111,1,5,41,7,64,200,2,2,1,537.68
111,1,5,42,4,64,200,1,1,1,506.52
111,1,5,43,4,64,200,1,1,1,397.01
111,1,5,44,3,64,200,1,1,1,465.89
111,1,5,45,2,64,200,1,1,1,560.22
111,1,5,46,4,64,200,1,1,1,291.76
111,1,5,47,1,64,200,1,1,1,290.4
111,1,5,48,11,64,200,2,2,1,340.68
111,1,5,49,9,64,200,2,2,1,458.69
111,1,5,50,4,64,200,1,1,1,566.72
111,1,5,51,1,64,200,1,1,1,777.92
111,1,5,52,8,64,200,2,2,1,627.84
111,1,5,53,4,64,200,1,1,1,752.31
111,1,5,54,6,64,200,2,2,1,447.93
111,1,5,55,2,64,200,1,1,1,488.38
111,1,5,56,2,64,200,1,1,1,516.52
111,1,5,57,1,64,200,1,1,1,429.12
111,1,5,58,1,64,200,1,1,1,544.54
111,1,5,59,3,64,200,1,1,1,390.64
111,1,5,60,7,64,200,1,2,0,389.01
111,1,5,61,13,64,200,2,2,1,370.3
111,1,5,62,3,64,200,1,1,1,465.87
111,1,5,63,13,64,200,2,2,1,413.19
111,1,5,64,9,64,200,2,2,1,401.2
111,1,5,65,4,64,200,1,1,1,539.75
111,1,5,66,11,64,200,2,2,1,652.04
111,1,5,67,3,64,200,1,1,1,535.87
111,1,5,68,13,64,200,2,2,1,522.19
111,1,5,69,12,64,200,2,2,1,382.13
111,1,5,70,9,64,200,2,2,1,467.51
111,1,5,71,11,64,200,2,2,1,355.43
111,1,5,72,1,64,200,1,1,1,581.58
111,1,5,73,10,64,200,2,2,1,324.72
111,1,5,74,12,64,200,2,2,1,428.35
111,1,5,75,8,64,200,2,2,1,586.51
111,1,5,76,6,64,200,2,2,1,443.4
111,1,5,77,4,64,200,2,1,0,336.13
111,1,5,78,7,64,200,2,2,1,634.02
111,1,5,79,1,64,200,1,1,1,1046.4
111,1,5,80,1,64,200,1,1,1,1413.1
111,1,5,81,6,64,200,2,2,1,596.88
111,1,5,82,8,64,200,2,2,1,1178
111,1,5,83,4,64,200,1,1,1,627.13
111,1,5,84,2,64,200,1,1,1,642.78
111,1,5,85,10,64,200,2,2,1,1134.1
111,1,5,1,4,64,200,2,1,0,1109.2
111,1,5,2,8,64,200,2,2,1,591.48
111,1,5,3,9,64,200,2,2,1,376.6
111,1,5,4,2,64,200,1,1,1,763.29
111,1,5,5,11,64,200,2,2,1,510.57
111,1,5,6,7,64,200,2,2,1,1087.4
111,1,5,7,9,64,200,2,2,1,422.64
111,1,5,8,1,64,200,1,1,1,668.69
111,1,5,9,4,64,200,1,1,1,692.1
111,1,5,10,4,64,200,1,1,1,428.89
111,1,5,11,2,64,200,1,1,1,458.4
111,1,5,12,10,64,200,2,2,1,461.23
111,1,5,13,7,64,200,2,2,1,653.73
111,1,5,14,3,64,200,1,1,1,1619.4
111,1,5,15,3,64,200,1,1,1,504.37
111,1,5,16,2,64,200,1,1,1,454.42
111,1,5,17,5,64,200,2,2,1,503.15
111,1,5,18,3,64,200,1,1,1,773.65
111,1,5,19,6,64,200,2,2,1,469.73
111,1,5,20,3,64,200,1,1,1,592.79
111,1,5,21,2,64,200,1,1,1,551.29
111,1,5,22,1,64,200,1,1,1,476.19
111,1,5,23,8,64,200,2,2,1,442.47
111,1,5,24,5,64,200,2,2,1,531.23
111,1,5,25,1,64,200,1,1,1,820.75
111,1,5,26,3,64,200,1,1,1,397.36
111,1,5,27,7,64,200,2,2,1,573.42
111,1,5,28,3,64,200,1,1,1,379.35
111,1,5,29,6,64,200,2,2,1,449.36
111,1,5,30,13,64,200,2,2,1,557.25
111,1,5,31,7,64,200,2,2,1,715.41
111,1,5,32,10,64,200,2,2,1,403.65
111,1,5,33,9,64,200,2,2,1,555.37
111,1,5,34,12,64,200,2,2,1,538.25
111,1,5,35,8,64,200,2,2,1,1729.1
111,1,5,36,4,64,200,1,1,1,602.23
111,1,5,37,5,64,200,2,2,1,416.76
111,1,5,38,3,64,200,1,1,1,672.89
111,1,5,39,4,64,200,1,1,1,825.11
111,1,5,40,3,64,200,1,1,1,495.75
111,1,5,41,11,64,200,2,2,1,335.12
111,1,5,42,2,64,200,1,1,1,561.65
111,1,5,43,6,64,200,2,2,1,385.14
111,1,5,44,3,64,200,1,1,1,937.21
111,1,5,45,4,64,200,1,1,1,693.87
111,1,5,46,11,64,200,2,2,1,378.5
111,1,5,47,5,64,200,2,2,1,397.29
111,1,5,48,8,64,200,2,2,1,666.66
111,1,5,49,10,64,200,2,2,1,355.78
111,1,5,50,12,64,200,2,2,1,293.83
111,1,5,51,10,64,200,2,2,1,351.03
111,1,5,52,4,64,200,1,1,1,561.49
111,1,5,53,1,64,200,1,1,1,510.76
111,1,5,54,12,64,200,2,2,1,309.99
111,1,5,55,1,64,200,1,1,1,509.66
111,1,5,56,13,64,200,2,2,1,440.27
111,1,5,57,12,64,200,2,2,1,321.38
111,1,5,58,2,64,200,1,1,1,505.49
111,1,5,59,9,64,200,2,2,1,456.43
111,1,5,60,7,64,200,2,2,1,647.82
111,1,5,61,6,64,200,2,2,1,435.22
111,1,5,62,1,64,200,1,1,1,556.49
111,1,5,63,6,64,200,2,2,1,502.9
111,1,5,64,2,64,200,1,1,1,1374.9
111,1,5,65,1,64,200,1,1,1,890.29
111,1,5,66,4,64,200,1,1,1,582.99
111,1,5,67,1,64,200,1,1,1,977.85
111,1,5,68,2,64,200,1,1,1,884.21
111,1,5,69,4,64,200,1,1,1,599.64
111,1,5,70,2,64,200,1,1,1,1228.8
111,1,5,71,3,64,200,1,1,1,1594.2
111,1,5,72,11,64,200,2,2,1,666.74
111,1,5,73,5,64,200,2,2,1,755.85
111,1,5,74,10,64,200,2,2,1,589.8
111,1,5,75,9,64,200,2,2,1,942.59
111,1,5,76,1,64,200,1,1,1,1095.1
111,1,5,77,2,64,200,2,1,0,3037.4
111,1,5,78,13,64,200,2,2,1,554.88
111,1,5,79,13,64,200,2,2,1,383.13
111,1,5,80,12,64,200,2,2,1,487.59
111,1,5,81,4,64,200,1,1,1,917.01
111,1,5,82,11,64,200,2,2,1,614.06
111,1,5,83,1,64,200,1,1,1,636.15
111,1,5,84,8,64,200,2,2,1,596.67
111,1,5,85,13,64,200,2,2,1,426.59
111,1,5,1,9,64,200,2,2,1,579.17
111,1,5,2,4,64,200,1,1,1,819.54
111,1,5,3,1,64,200,1,1,1,684.92
111,1,5,4,9,64,200,2,2,1,447.47
111,1,5,5,2,64,200,1,1,1,561.3
111,1,5,6,9,64,200,2,2,1,658.97
111,1,5,7,5,64,200,2,2,1,455.8
111,1,5,8,10,64,200,2,2,1,526.7
111,1,5,9,13,64,200,2,2,1,701.63
111,1,5,10,10,64,200,2,2,1,391.47
111,1,5,11,11,64,200,2,2,1,316.62
111,1,5,12,3,64,200,1,1,1,623.66
111,1,5,13,12,64,200,2,2,1,288.23
111,1,5,14,5,64,200,2,2,1,445.1
111,1,5,15,1,64,200,1,1,1,429.73
111,1,5,16,13,64,200,2,2,1,307.68
111,1,5,17,3,64,200,1,1,1,588.09
111,1,5,18,9,64,200,2,2,1,426.99
111,1,5,19,4,64,200,2,1,0,122.48
111,1,5,20,10,64,200,2,2,1,512.77
111,1,5,21,3,64,200,1,1,1,1403.8
111,1,5,22,3,64,200,1,1,1,901.57
111,1,5,23,13,64,200,2,2,1,411.27
111,1,5,24,3,64,200,1,1,1,558.44
111,1,5,25,3,64,200,1,1,1,495.85
111,1,5,26,6,64,200,2,2,1,449.13
111,1,5,27,8,64,200,2,2,1,796.82
111,1,5,28,6,64,200,2,2,1,517.56
111,1,5,29,11,64,200,2,2,1,634.6
111,1,5,30,4,64,200,1,1,1,606.88
111,1,5,31,10,64,200,2,2,1,394.69
111,1,5,32,5,64,200,2,2,1,440.69
111,1,5,33,8,64,200,2,2,1,658
111,1,5,34,1,64,200,1,1,1,2398.1
111,1,5,35,7,64,200,2,2,1,572.48
111,1,5,36,7,64,200,2,2,1,534.74
111,1,5,37,2,64,200,1,1,1,583.6
111,1,5,38,1,64,200,1,1,1,528.89
111,1,5,39,2,64,200,1,1,1,623.93
111,1,5,40,4,64,200,1,1,1,442.58
111,1,5,41,1,64,200,1,1,1,340.52
111,1,5,42,11,64,200,2,2,1,410.26
111,1,5,43,1,64,200,1,1,1,646.68
111,1,5,44,4,64,200,1,1,1,948.67
111,1,5,45,4,64,200,1,1,1,508.4
111,1,5,46,8,64,200,2,2,1,508.99
111,1,5,47,3,64,200,1,1,1,663.06
111,1,5,48,2,64,200,1,1,1,605.94
111,1,5,49,2,64,200,1,1,1,495.32
111,1,5,50,3,64,200,1,1,1,1160
111,1,5,51,6,64,200,2,2,1,536.18
111,1,5,52,11,64,200,2,2,1,716.97
111,1,5,53,4,64,200,1,1,1,688.15
111,1,5,54,5,64,200,2,2,1,641.83
111,1,5,55,4,64,200,1,1,1,1055
111,1,5,56,9,64,200,2,2,1,432.22
111,1,5,57,2,64,200,1,1,1,665.37
111,1,5,58,6,64,200,2,2,1,471.1
111,1,5,59,3,64,200,1,1,1,492.88
111,1,5,60,2,64,200,1,1,1,640.2
111,1,5,61,2,64,200,1,1,1,587.66
111,1,5,62,13,64,200,2,2,1,769.81
111,1,5,63,12,64,200,2,2,1,563.51
111,1,5,64,1,64,200,1,1,1,599.92
111,1,5,65,1,64,200,1,1,1,462.19
111,1,5,66,11,64,200,2,2,1,564.09
111,1,5,67,12,64,200,2,2,1,2141.5
111,1,5,68,7,64,200,2,2,1,655.03
111,1,5,69,7,64,200,2,2,1,789.23
111,1,5,70,8,64,200,2,2,1,670.85
111,1,5,71,1,64,200,1,1,1,550.82
111,1,5,72,8,64,200,2,2,1,441.57
111,1,5,73,4,64,200,1,1,1,1816.3
111,1,5,74,2,64,200,1,1,1,1292
111,1,5,75,6,64,200,2,2,1,415.26
111,1,5,76,2,64,200,1,1,1,588.01
111,1,5,77,7,64,200,2,2,1,507.98
111,1,5,78,12,64,200,2,2,1,397.27
111,1,5,79,13,64,200,2,2,1,413.92
111,1,5,80,1,64,200,1,1,1,725.61
111,1,5,81,10,64,200,2,2,1,1221.1
111,1,5,82,4,64,200,1,1,1,853.2
111,1,5,83,12,64,200,2,2,1,467.57
111,1,5,84,3,64,200,1,1,1,484.85
111,1,5,85,5,64,200,2,2,1,486.48
111,1,5,1,8,64,200,2,2,1,530.94
111,1,5,2,7,64,200,2,2,1,489.58
111,1,5,3,7,64,200,2,2,1,600.67
111,1,5,4,2,64,200,1,1,1,1655.6
111,1,5,5,1,64,200,1,1,1,355.72
111,1,5,6,3,64,200,1,1,1,382.81
111,1,5,7,3,64,200,1,1,1,446.39
111,1,5,8,11,64,200,2,2,1,326.23
111,1,5,9,4,64,200,1,1,1,691.89
111,1,5,10,3,64,200,1,1,1,417.5
111,1,5,11,1,64,200,1,1,1,544.98
111,1,5,12,4,64,200,1,1,1,725.84
111,1,5,13,5,64,200,2,2,1,486.77
111,1,5,14,6,64,200,2,2,1,382.66
111,1,5,15,10,64,200,2,2,1,993.12
111,1,5,16,4,64,200,1,1,1,463.98
111,1,5,17,6,64,200,2,2,1,423.53
111,1,5,18,1,64,200,1,1,1,409.2
111,1,5,19,2,64,200,1,1,1,397.72
111,1,5,20,4,64,200,1,1,1,535.21
111,1,5,21,10,64,200,2,2,1,511.05
111,1,5,22,1,64,200,1,1,1,528.48
111,1,5,23,5,64,200,2,2,1,564.28
111,1,5,24,4,64,200,1,1,1,583.01
111,1,5,25,3,64,200,1,1,1,584.66
111,1,5,26,3,64,200,1,1,1,412.96
111,1,5,27,5,64,200,2,2,1,519.63
111,1,5,28,9,64,200,2,2,1,424.83
111,1,5,29,8,64,200,2,2,1,567.32
111,1,5,30,9,64,200,2,2,1,532.58
111,1,5,31,13,64,200,2,2,1,443.23
111,1,5,32,2,64,200,1,1,1,919.44
111,1,5,33,2,64,200,1,1,1,626.4
111,1,5,34,8,64,200,2,2,1,994.01
111,1,5,35,13,64,200,2,2,1,522.13
111,1,5,36,5,64,200,2,2,1,534.94
111,1,5,37,11,64,200,2,2,1,441.63
111,1,5,38,5,64,200,2,2,1,471.48
111,1,5,39,13,64,200,2,2,1,428.21
111,1,5,40,1,64,200,1,1,1,625.02
111,1,5,41,12,64,200,2,2,1,336.77
111,1,5,42,2,64,200,1,1,1,727.56
111,1,5,43,13,64,200,2,2,1,399.83
111,1,5,44,12,64,200,2,2,1,373.89
111,1,5,45,10,64,200,2,2,1,343.1
111,1,5,46,1,64,200,1,1,1,538.11
111,1,5,47,11,64,200,2,2,1,416.69
111,1,5,48,3,64,200,1,1,1,538.46
111,1,5,49,9,64,200,2,2,1,380.79
111,1,5,50,1,64,200,1,1,1,546.9
111,1,5,51,7,64,200,2,2,1,478.16
111,1,5,52,4,64,200,1,1,1,751.61
111,1,5,53,1,64,200,1,1,1,476.78
111,1,5,54,4,64,200,1,1,1,414.94
111,1,5,55,6,64,200,2,2,1,447.97
111,1,5,56,7,64,200,1,2,0,1524.6
111,1,5,57,9,64,200,2,2,1,423.9
111,1,5,58,2,64,200,1,1,1,818.9
111,1,5,59,10,64,200,2,2,1,606.43
111,1,5,60,2,64,200,1,1,1,1063
111,1,5,61,3,64,200,1,1,1,541.51
111,1,5,62,10,64,200,2,2,1,353.3
111,1,5,63,4,64,200,1,1,1,551.39
111,1,5,64,8,64,200,2,2,1,448.88
111,1,5,65,3,64,200,1,1,1,660.59
111,1,5,66,3,64,200,1,1,1,642.53
111,1,5,67,6,64,200,2,2,1,476.29
111,1,5,68,11,64,200,2,2,1,318.3
111,1,5,69,11,64,200,2,2,1,257.7
111,1,5,70,4,64,200,1,1,1,910.93
111,1,5,71,13,64,200,2,2,1,294.05
111,1,5,72,4,64,200,1,1,1,464.51
111,1,5,73,2,64,200,1,1,1,533.22
111,1,5,74,2,64,200,1,1,1,643.89
111,1,5,75,12,64,200,2,2,1,801.3
111,1,5,76,9,64,200,2,2,1,424.24
111,1,5,77,1,64,200,1,1,1,474.84
111,1,5,78,6,64,200,2,2,1,381.68
111,1,5,79,3,64,200,1,1,1,437.28
111,1,5,80,2,64,200,2,1,0,413.32
111,1,5,81,1,64,200,1,1,1,427.04
111,1,5,82,8,64,200,2,2,1,544.94
111,1,5,83,12,64,200,2,2,1,530.86
111,1,5,84,12,64,200,2,2,1,575.44
111,1,5,85,7,64,200,2,2,1,1005.3
111,1,5,1,11,64,200,2,2,1,703.44
111,1,5,2,4,64,200,1,1,1,698.78
111,1,5,3,2,64,200,1,1,1,733.96
111,1,5,4,9,64,200,2,2,1,1276.2
111,1,5,5,13,64,200,2,2,1,1153.6
111,1,5,6,3,64,200,2,1,0,1000.9
111,1,5,7,8,64,200,2,2,1,697.5
111,1,5,8,12,64,200,2,2,1,402.05
111,1,5,9,4,64,200,1,1,1,1064.7
111,1,5,10,7,64,200,2,2,1,504.23
111,1,5,11,8,64,200,2,2,1,406.58
111,1,5,12,4,64,200,1,1,1,915.63
111,1,5,13,9,64,200,2,2,1,446.85
111,1,5,14,5,64,200,2,2,1,531.98
111,1,5,15,5,64,200,2,2,1,558.68
111,1,5,16,8,64,200,2,2,1,733.28
111,1,5,17,3,64,200,1,1,1,798.73
111,1,5,18,6,64,200,2,2,1,419.9
111,1,5,19,13,64,200,2,2,1,406.16
111,1,5,20,1,64,200,1,1,1,591.29
111,1,5,21,3,64,200,1,1,1,740.82
111,1,5,22,1,64,200,1,1,1,595.01
111,1,5,23,3,64,200,1,1,1,635.49
111,1,5,24,10,64,200,2,2,1,896.83
111,1,5,25,13,64,200,2,2,1,676.03
111,1,5,26,10,64,200,2,2,1,500.25
111,1,5,27,5,64,200,2,2,1,464.14
111,1,5,28,2,64,200,1,1,1,1425.6
111,1,5,29,2,64,200,1,1,1,892.99
111,1,5,30,11,64,200,2,2,1,388.74
111,1,5,31,4,64,200,1,1,1,851.87
111,1,5,32,8,64,200,2,2,1,584.04
111,1,5,33,3,64,200,1,1,1,659.19
111,1,5,34,11,64,200,2,2,1,447.05
111,1,5,35,7,64,200,2,2,1,1061.6
111,1,5,36,2,64,200,1,1,1,887.25
111,1,5,37,4,64,200,1,1,1,1021.3
111,1,5,38,1,64,200,1,1,1,544.47
111,1,5,39,6,64,200,2,2,1,437.04
111,1,5,40,10,64,200,2,2,1,2162.4
111,1,5,41,1,64,200,1,1,1,2209
111,1,5,42,12,64,200,2,2,1,2934
111,1,5,43,12,64,200,2,2,1,924.83
111,1,5,44,11,64,200,2,2,1,1888.8
111,1,5,45,10,64,200,2,2,1,581.05
111,1,5,46,1,64,200,1,1,1,1832.4
111,1,5,47,9,64,200,2,2,1,690.33
111,1,5,48,2,64,200,1,1,1,665.4
111,1,5,49,4,64,200,1,1,1,968.83
111,1,5,50,1,64,200,1,1,1,424.62
111,1,5,51,12,64,200,2,2,1,409.67
111,1,5,52,1,64,200,1,1,1,576.8
111,1,5,53,2,64,200,1,1,1,482.71
111,1,5,54,3,64,200,1,1,1,611.53
111,1,5,55,7,64,200,2,2,1,644.25
111,1,5,56,13,64,200,2,2,1,357.91
111,1,5,57,3,64,200,1,1,1,546.85
111,1,5,58,7,64,200,2,2,1,442.53
111,1,5,59,6,64,200,2,2,1,464.28
111,1,5,60,8,64,200,2,2,1,1165.5
111,1,5,61,2,64,200,1,1,1,704.72
111,1,5,62,4,64,200,1,1,1,859.09
111,1,5,63,1,64,200,1,1,1,732.46
111,1,5,64,3,64,200,1,1,1,417.6
111,1,5,65,2,64,200,1,1,1,533.6
111,1,5,66,1,64,200,1,1,1,409.06
111,1,5,67,4,64,200,1,1,1,655.7
111,1,5,68,2,64,200,1,1,1,401.68
111,1,5,69,13,64,200,2,2,1,353.51
111,1,5,70,2,64,200,1,1,1,558.48
111,1,5,71,7,64,200,2,2,1,517.62
111,1,5,72,9,64,200,2,2,1,419.44
111,1,5,73,3,64,200,1,1,1,761.85
111,1,5,74,4,64,200,1,1,1,518.96
111,1,5,75,10,64,200,2,2,1,352.3
111,1,5,76,6,64,200,2,2,1,430.2
111,1,5,77,12,64,200,2,2,1,351.36
111,1,5,78,4,64,200,2,1,0,363.83
111,1,5,79,5,64,200,2,2,1,440.27
111,1,5,80,3,64,200,1,1,1,858.94
111,1,5,81,9,64,200,2,2,1,436.3
111,1,5,82,1,64,200,1,1,1,1536.2
111,1,5,83,11,64,200,2,2,1,929.88
111,1,5,84,6,64,200,2,2,1,603.03
111,1,5,85,5,64,200,2,2,1,536.7
111,1,5,1,2,64,200,1,1,1,1170
111,1,5,2,4,64,200,1,1,1,1630.4
111,1,5,3,1,64,200,1,1,1,644.78
111,1,5,4,12,64,200,2,2,1,581.08
111,1,5,5,1,64,200,1,1,1,511.76
111,1,5,6,3,64,200,1,1,1,464.22
111,1,5,7,13,64,200,2,2,1,347.17
111,1,5,8,5,64,200,2,2,1,473.94
111,1,5,9,2,64,200,1,1,1,463.57
111,1,5,10,11,64,200,2,2,1,322.97
111,1,5,11,12,64,200,2,2,1,387.45
111,1,5,12,4,64,200,1,1,1,578.98
111,1,5,13,1,64,200,1,1,1,400.46
111,1,5,14,10,64,200,2,2,1,345.53
111,1,5,15,3,64,200,1,1,1,1616.4
111,1,5,16,11,64,200,2,2,1,672.19
111,1,5,17,4,64,200,1,1,1,1451.5
111,1,5,18,7,64,200,2,2,1,594.27
111,1,5,19,2,64,200,1,1,1,880.9
111,1,5,20,2,64,200,1,1,1,603.78
111,1,5,21,3,64,200,1,1,1,715.89
111,1,5,22,10,64,200,2,2,1,549.2
111,1,5,23,4,64,200,1,1,1,571.81
111,1,5,24,9,64,200,2,2,1,494.85
111,1,5,25,1,64,200,1,1,1,592.12
111,1,5,26,4,64,200,1,1,1,701.55
111,1,5,27,7,64,200,2,2,1,774.39
111,1,5,28,1,64,200,1,1,1,674.61
111,1,5,29,9,64,200,2,2,1,692.89
111,1,5,30,3,64,200,1,1,1,912.36
111,1,5,31,2,64,200,1,1,1,1307
111,1,5,32,2,64,200,1,1,1,1002.4
111,1,5,33,7,64,200,2,2,1,534.72
111,1,5,34,1,64,200,1,1,1,547.78
111,1,5,35,6,64,200,2,2,1,565.62
111,1,5,36,10,64,200,2,2,1,467.16
111,1,5,37,13,64,200,2,2,1,511.52
111,1,5,38,9,64,200,2,2,1,514.93
111,1,5,39,5,64,200,2,2,1,540.77
111,1,5,40,9,64,200,2,2,1,375.61
111,1,5,41,9,64,200,2,2,1,418.73
111,1,5,42,4,64,200,1,1,1,510.47
111,1,5,43,7,64,200,2,2,1,580.03
111,1,5,44,4,64,200,1,1,1,753.07
111,1,5,45,12,64,200,2,2,1,390.69
111,1,5,46,2,64,200,1,1,1,516.32
111,1,5,47,12,64,200,2,2,1,409.64
111,1,5,48,10,64,200,2,2,1,367.52
111,1,5,49,11,64,200,2,2,1,333.95
111,1,5,50,3,64,200,1,1,1,833.07
111,1,5,51,3,64,200,1,1,1,470.59
111,1,5,52,2,64,200,1,1,1,429.09
111,1,5,53,10,64,200,2,2,1,821.34
111,1,5,54,3,64,200,1,1,1,681.2
111,1,5,55,2,64,200,1,1,1,397.03
111,1,5,56,3,64,200,1,1,1,446.59
111,1,5,57,11,64,200,2,2,1,321.79
111,1,5,58,4,64,200,1,1,1,632.7
111,1,5,59,4,64,200,1,1,1,553.81
111,1,5,60,7,64,200,2,2,1,482.5
111,1,5,61,5,64,200,2,2,1,578.85
111,1,5,62,13,64,200,2,2,1,443.69
111,1,5,63,6,64,200,2,2,1,540.02
111,1,5,64,8,64,200,2,2,1,542.14
111,1,5,65,13,64,200,2,2,1,378.86
111,1,5,66,8,64,200,2,2,1,1215.8
111,1,5,67,11,64,200,2,2,1,485.59
111,1,5,68,4,64,200,1,1,1,668.23
111,1,5,69,2,64,200,1,1,1,497.17
111,1,5,70,6,64,200,2,2,1,403.35
111,1,5,71,1,64,200,1,1,1,473.21
111,1,5,72,6,64,200,2,2,1,421.79
111,1,5,73,6,64,200,2,2,1,365.55
111,1,5,74,1,64,200,1,1,1,567.41
111,1,5,75,8,64,200,2,2,1,540.2
111,1,5,76,8,64,200,2,2,1,519.96
111,1,5,77,8,64,200,2,2,1,813.85
111,1,5,78,12,64,200,2,2,1,370.66
111,1,5,79,3,64,200,1,1,1,575.73
111,1,5,80,1,64,200,1,1,1,439.47
111,1,5,81,5,64,200,2,2,1,606.88
111,1,5,82,1,64,200,1,1,1,535.94
111,1,5,83,5,64,200,2,2,1,524.51
111,1,5,84,13,64,200,2,2,1,655.69
111,1,5,85,3,64,200,1,1,1,511.81
111,1,5,1,5,64,200,2,2,1,461.4
111,1,5,2,13,64,200,2,2,1,1046.6
111,1,5,3,12,64,200,2,2,1,422.54
111,1,5,4,5,64,200,2,2,1,375.99
111,1,5,5,8,64,200,2,2,1,523.86
111,1,5,6,13,64,200,2,2,1,564.5
111,1,5,7,7,64,200,2,2,1,271.5
111,1,5,8,3,64,200,2,1,0,608.88
111,1,5,9,1,64,200,1,1,1,891.92
111,1,5,10,2,64,200,1,1,1,714.43
111,1,5,11,2,64,200,1,1,1,739.03
111,1,5,12,6,64,200,2,2,1,380
111,1,5,13,10,64,200,2,2,1,291.05
111,1,5,14,10,64,200,2,2,1,416.77
111,1,5,15,8,64,200,2,2,1,1442.1
111,1,5,16,7,64,200,2,2,1,629.47
111,1,5,17,13,64,200,2,2,1,763.08
111,1,5,18,12,64,200,2,2,1,393.49
111,1,5,19,11,64,200,2,2,1,422.14
111,1,5,20,4,64,200,1,1,1,1709.3
111,1,5,21,2,64,200,1,1,1,1469.6
111,1,5,22,11,64,200,2,2,1,494.59
111,1,5,23,1,64,200,1,1,1,1236.4
111,1,5,24,9,64,200,2,2,1,701.44
111,1,5,25,4,64,200,1,1,1,1118
111,1,5,26,13,64,200,2,2,1,823.24
111,1,5,27,13,64,200,2,2,1,492.42
111,1,5,28,3,64,200,1,1,1,724.14
111,1,5,29,9,64,200,2,2,1,339.49
111,1,5,30,1,64,200,1,1,1,708.84
111,1,5,31,9,64,200,2,2,1,400.47
111,1,5,32,3,64,200,1,1,1,620.18
111,1,5,33,7,64,200,2,2,1,571.52
111,1,5,34,5,64,200,2,2,1,338.16
111,1,5,35,6,64,200,2,2,1,468.15
111,1,5,36,4,64,200,1,1,1,1175.2
111,1,5,37,11,64,200,2,2,1,305.19
111,1,5,38,9,64,200,2,2,1,342.41
111,1,5,39,1,64,200,1,1,1,638.92
111,1,5,40,7,64,200,2,2,1,833.82
111,1,5,41,12,64,200,2,2,1,362.54
111,1,5,42,10,64,200,2,2,1,324.16
111,1,5,43,5,64,200,2,2,1,508.12
111,1,5,44,2,64,200,1,1,1,950.3
111,1,5,45,3,64,200,1,1,1,611.05
111,1,5,46,4,64,200,1,1,1,661.09
111,1,5,47,9,64,200,2,2,1,687.11
111,1,5,48,8,64,200,2,2,1,765.32
111,1,5,49,3,64,200,1,1,1,599.57
111,1,5,50,4,64,200,1,1,1,485.95
111,1,5,51,11,64,200,2,2,1,417.26
111,1,5,52,3,64,200,1,1,1,487.9
111,1,5,53,4,64,200,2,1,0,403.52
111,1,5,54,4,64,200,1,1,1,1143.7
111,1,5,55,2,64,200,1,1,1,682.42
111,1,5,56,2,64,200,1,1,1,844.6
111,1,5,57,1,64,200,1,1,1,485.39
111,1,5,58,8,64,200,2,2,1,1308.7
111,1,5,59,2,64,200,1,1,1,1101.2
111,1,5,60,3,64,200,1,1,1,2718.2
111,1,5,61,12,64,200,2,2,1,1892.7
111,1,5,62,3,64,200,1,1,1,1160.6
111,1,5,63,8,64,200,2,2,1,918.28
111,1,5,64,4,64,200,1,1,1,2570.9
111,1,5,65,1,64,200,1,1,1,1383.4
111,1,5,66,10,64,200,2,2,1,908.75
111,1,5,67,1,64,200,1,1,1,818.64
111,1,5,68,1,64,200,1,1,1,1478.8
111,1,5,69,6,64,200,2,2,1,1004.9
111,1,5,70,7,64,200,2,2,1,2513.5
111,1,5,71,2,64,200,1,1,1,675.88
111,1,5,72,1,64,200,1,1,1,407.38
111,1,5,73,4,64,200,1,1,1,668
111,1,5,74,3,64,200,1,1,1,386.84
111,1,5,75,6,64,200,2,2,1,479.14
111,1,5,76,5,64,200,2,2,1,429.41
111,1,5,77,3,64,200,1,1,1,698.77
111,1,5,78,11,64,200,2,2,1,364.36
111,1,5,79,2,64,200,1,1,1,545.25
111,1,5,80,6,64,200,2,2,1,401.99
111,1,5,81,12,64,200,2,2,1,397.64
111,1,5,82,2,64,200,1,1,1,465.97
111,1,5,83,1,64,200,1,1,1,762.5
111,1,5,84,4,64,200,1,1,1,533.59
111,1,5,85,10,64,200,2,2,1,368.85
