105,1,3,1,2,64,200,1,1,1,1729.4
105,1,3,2,3,64,200,1,1,1,795.36
105,1,3,3,7,64,200,2,2,1,1254.6
105,1,3,4,11,64,200,2,2,1,767.89
105,1,3,5,13,64,200,2,2,1,1117.9
105,1,3,6,10,64,200,2,2,1,597.33
105,1,3,7,2,64,200,1,1,1,1381.4
105,1,3,8,5,64,200,2,2,1,1961.7
105,1,3,9,6,64,200,2,2,1,1702.6
105,1,3,10,1,64,200,1,1,1,1314.6
105,1,3,11,4,64,200,1,1,1,1057.5
105,1,3,12,8,64,200,2,2,1,1349.1
105,1,3,13,4,64,200,1,1,1,1965.6
105,1,3,14,12,64,200,2,2,1,1367.9
105,1,3,15,1,64,200,1,1,1,1065.6
105,1,3,16,9,64,200,2,2,1,1024.2
105,1,3,17,3,64,200,1,1,1,1021.8
105,1,3,18,3,64,200,1,1,1,1233.6
105,1,3,19,7,64,200,2,2,1,745.31
105,1,3,20,8,64,200,2,2,1,701.63
105,1,3,21,7,64,200,2,2,1,610.54
105,1,3,22,5,64,200,2,2,1,985.05
105,1,3,23,13,64,200,2,2,1,648.73
105,1,3,24,3,64,200,1,1,1,1272.7
105,1,3,25,10,64,200,2,2,1,1051.5
105,1,3,26,12,64,200,2,2,1,571.48
105,1,3,27,12,64,200,2,2,1,459.04
105,1,3,28,1,64,200,1,1,1,527.07
105,1,3,29,9,64,200,2,2,1,811.99
105,1,3,30,1,64,200,1,1,1,577.79
105,1,3,31,4,64,200,1,1,1,1054.3
105,1,3,32,4,64,200,2,1,0,1461.5
105,1,3,33,1,64,200,1,1,1,512.23
105,1,3,34,4,64,200,1,1,1,849.78
105,1,3,35,2,64,200,1,1,1,547.26
105,1,3,36,5,64,200,2,2,1,882.23
105,1,3,37,3,64,200,1,1,1,843.35
105,1,3,38,4,64,200,1,1,1,1068.8
105,1,3,39,10,64,200,2,2,1,549.03
105,1,3,40,1,64,200,1,1,1,486.21
105,1,3,41,2,64,200,1,1,1,570.23
105,1,3,42,10,64,200,2,2,1,503.2
105,1,3,43,3,64,200,1,1,1,506.2
105,1,3,44,12,64,200,2,2,1,454.08
105,1,3,45,4,64,200,1,1,1,536.71
105,1,3,46,4,64,200,1,1,1,565.49
105,1,3,47,6,64,200,2,2,1,740.62
105,1,3,48,5,64,200,2,2,1,601.21
105,1,3,49,2,64,200,1,1,1,585.45
105,1,3,50,4,64,200,1,1,1,593.31
105,1,3,51,13,64,200,2,2,1,435.6
105,1,3,52,1,64,200,1,1,1,477.59
105,1,3,53,2,64,200,1,1,1,673.9
105,1,3,54,9,64,200,2,2,1,576.46
105,1,3,55,2,64,200,1,1,1,590.49
105,1,3,56,2,64,200,1,1,1,747.79
105,1,3,57,6,64,200,2,2,1,609.27
105,1,3,58,10,64,200,2,2,1,725.79
105,1,3,59,9,64,200,2,2,1,674.32
105,1,3,60,7,64,200,2,2,1,782.12
105,1,3,61,2,64,200,1,1,1,551
105,1,3,62,1,64,200,1,1,1,466.3
105,1,3,63,9,64,200,2,2,1,607.73
105,1,3,64,11,64,200,2,2,1,686.57
105,1,3,65,12,64,200,2,2,1,831.19
105,1,3,66,6,64,200,2,2,1,1652.7
105,1,3,67,6,64,200,2,2,1,781.29
105,1,3,68,3,64,200,1,1,1,698.93
105,1,3,69,9,64,200,2,2,1,496.27
105,1,3,70,1,64,200,1,1,1,638.9
105,1,3,71,4,64,200,1,1,1,626.51
105,1,3,72,13,64,200,2,2,1,549.41
105,1,3,73,8,64,200,2,2,1,611.41
105,1,3,74,3,64,200,1,1,1,649.54
105,1,3,75,2,64,200,1,1,1,658.56
105,1,3,76,12,64,200,2,2,1,564.1
105,1,3,77,1,64,200,1,1,1,822.36
105,1,3,78,7,64,200,2,2,1,725.59
105,1,3,79,3,64,200,1,1,1,562.97
105,1,3,80,13,64,200,2,2,1,791.26
105,1,3,81,11,64,200,2,2,1,846.98
105,1,3,82,5,64,200,2,2,1,765.78
105,1,3,83,11,64,200,2,2,1,768.15
105,1,3,84,7,64,200,2,2,1,934.76
105,1,3,85,1,64,200,1,1,1,621.09
105,1,3,86,11,64,200,2,2,1,636.29
105,1,3,87,1,64,200,1,1,1,438.83
105,1,3,88,8,64,200,2,2,1,604.04
105,1,3,89,3,64,200,1,1,1,528.1
105,1,3,90,2,64,200,1,1,1,592.38
105,1,3,91,11,64,200,2,2,1,428.9
105,1,3,92,8,64,200,2,2,1,581.56
105,1,3,93,8,64,200,2,2,1,733.96
105,1,3,94,10,64,200,2,2,1,641.35
105,1,3,95,3,64,200,1,1,1,641.87
105,1,3,96,5,64,200,2,2,1,481.19
105,1,3,97,3,64,200,1,1,1,1157.6
105,1,3,98,4,64,200,1,1,1,501.65
105,1,3,99,2,64,200,1,1,1,589.38
105,1,3,100,6,64,200,2,2,1,613.69
105,1,3,101,13,64,200,2,2,1,619.4
105,1,3,102,4,64,200,1,1,1,970.68
105,1,3,1,8,64,200,2,2,1,601.01
105,1,3,2,8,64,200,2,2,1,491.04
105,1,3,3,2,64,200,1,1,1,589.03
105,1,3,4,2,64,200,1,1,1,728.25
105,1,3,5,5,64,200,2,2,1,574.09
105,1,3,6,7,64,200,2,2,1,681.09
105,1,3,7,12,64,200,2,2,1,696.89
105,1,3,8,3,64,200,1,1,1,557.63
105,1,3,9,12,64,200,2,2,1,1187.8
105,1,3,10,13,64,200,2,2,1,561.11
105,1,3,11,3,64,200,1,1,1,1217.2
105,1,3,12,6,64,200,2,2,1,543.22
105,1,3,13,3,64,200,1,1,1,564.67
105,1,3,14,4,64,200,1,1,1,629.87
105,1,3,15,3,64,200,1,1,1,545.81
105,1,3,16,1,64,200,1,1,1,606.05
105,1,3,17,7,64,200,2,2,1,1178.3
105,1,3,18,1,64,200,1,1,1,511.44
105,1,3,19,6,64,200,2,2,1,583.18
105,1,3,20,2,64,200,1,1,1,470.37
105,1,3,21,9,64,200,2,2,1,509.8
105,1,3,22,4,64,200,1,1,1,1021.6
105,1,3,23,4,64,200,1,1,1,845.13
105,1,3,24,10,64,200,2,2,1,485.39
105,1,3,25,3,64,200,1,1,1,446.13
105,1,3,26,10,64,200,2,2,1,749.68
105,1,3,27,6,64,200,2,2,1,742.44
105,1,3,28,3,64,200,1,1,1,602.72
105,1,3,29,13,64,200,2,2,1,668.32
105,1,3,30,2,64,200,1,1,1,563.2
105,1,3,31,11,64,200,2,2,1,677.51
105,1,3,32,8,64,200,2,2,1,1042.1
105,1,3,33,1,64,200,1,1,1,544.43
105,1,3,34,2,64,200,1,1,1,455.43
105,1,3,35,4,64,200,1,1,1,602.78
105,1,3,36,2,64,200,1,1,1,427.26
105,1,3,37,7,64,200,2,2,1,783.3
105,1,3,38,11,64,200,2,2,1,615.59
105,1,3,39,1,64,200,1,1,1,566.61
105,1,3,40,3,64,200,1,1,1,657.74
105,1,3,41,2,64,200,1,1,1,609.5
105,1,3,42,4,64,200,1,1,1,540.78
105,1,3,43,12,64,200,2,2,1,468.12
105,1,3,44,1,64,200,1,1,1,557.66
105,1,3,45,2,64,200,1,1,1,576.93
105,1,3,46,13,64,200,2,2,1,566.15
105,1,3,47,1,64,200,1,1,1,502.33
105,1,3,48,4,64,200,1,1,1,680.3
105,1,3,49,8,64,200,2,2,1,1102.8
105,1,3,50,3,64,200,1,1,1,647.33
105,1,3,51,5,64,200,2,2,1,1273.9
105,1,3,52,6,64,200,2,2,1,774.1
105,1,3,53,4,64,200,1,1,1,919.63
105,1,3,54,12,64,200,2,2,1,625.93
105,1,3,55,2,64,200,1,1,1,1082
105,1,3,56,1,64,200,1,1,1,1526.7
105,1,3,57,12,64,200,2,2,1,1436.6
105,1,3,58,5,64,200,2,2,1,1008.2
105,1,3,59,1,64,200,1,1,1,1186
105,1,3,60,11,64,200,2,2,1,523.27
105,1,3,61,5,64,200,2,2,1,724.04
105,1,3,62,8,64,200,2,2,1,641.84
105,1,3,63,13,64,200,2,2,1,611.15
105,1,3,64,11,64,200,2,2,1,958.21
105,1,3,65,9,64,200,2,2,1,1337.8
105,1,3,66,7,64,200,2,2,1,774.76
105,1,3,67,1,64,200,1,1,1,571.45
105,1,3,68,4,64,200,1,1,1,1271.8
105,1,3,69,11,64,200,2,2,1,422.08
105,1,3,70,4,64,200,1,1,1,937.46
105,1,3,71,9,64,200,2,2,1,588.42
105,1,3,72,10,64,200,2,2,1,612.21
105,1,3,73,5,64,200,2,2,1,1375.7
105,1,3,74,1,64,200,1,1,1,801.62
105,1,3,75,9,64,200,2,2,1,739.32
105,1,3,76,3,64,200,1,1,1,1392.1
105,1,3,77,2,64,200,1,1,1,593.1
105,1,3,78,3,64,200,1,1,1,1026.9
105,1,3,79,6,64,200,2,2,1,1061.4
105,1,3,80,10,64,200,2,2,1,692.34
105,1,3,81,9,64,200,2,2,1,651.03
105,1,3,82,4,64,200,1,1,1,1638.4
105,1,3,83,10,64,200,2,2,1,930.62
105,1,3,84,7,64,200,2,2,1,719.28
105,1,3,85,13,64,200,2,2,1,610.26
105,1,3,1,1,64,200,1,1,1,710.22
105,1,3,2,4,64,200,1,1,1,1150.3
105,1,3,3,11,64,200,2,2,1,502.9
105,1,3,4,2,64,200,1,1,1,502.24
105,1,3,5,3,64,200,1,1,1,495.29
105,1,3,6,11,64,200,2,2,1,483.73
105,1,3,7,9,64,200,2,2,1,1130.7
105,1,3,8,4,64,200,1,1,1,965.9
105,1,3,9,6,64,200,2,2,1,843.04
105,1,3,10,3,64,200,1,1,1,557.06
105,1,3,11,4,64,200,1,1,1,1207.1
105,1,3,12,5,64,200,2,2,1,1143.8
105,1,3,13,10,64,200,2,2,1,833.75
105,1,3,14,2,64,200,1,1,1,849.26
105,1,3,15,1,64,200,1,1,1,616.74
105,1,3,16,11,64,200,2,2,1,642.98
105,1,3,17,9,64,200,2,2,1,999.27
105,1,3,18,4,64,200,1,1,1,639.18
105,1,3,19,5,64,200,2,2,1,1224.3
105,1,3,20,9,64,200,2,2,1,613.34
105,1,3,21,3,64,200,1,1,1,1061.1
105,1,3,22,13,64,200,2,2,1,1284.9
105,1,3,23,9,64,200,2,2,1,771.29
105,1,3,24,7,64,200,2,2,1,1074.4
105,1,3,25,13,64,200,2,2,1,1775.6
105,1,3,26,4,64,200,1,1,1,742.67
105,1,3,27,1,64,200,1,1,1,652.48
105,1,3,28,3,64,200,1,1,1,700.36
105,1,3,29,2,64,200,1,1,1,483.81
105,1,3,30,12,64,200,2,2,1,657.23
105,1,3,31,9,64,200,2,2,1,948.5
105,1,3,32,8,64,200,2,2,1,1518.4
105,1,3,33,1,64,200,1,1,1,497.57
105,1,3,34,11,64,200,2,2,1,755.79
105,1,3,35,12,64,200,2,2,1,2215.7
105,1,3,36,5,64,200,2,2,1,787.88
105,1,3,37,5,64,200,2,2,1,583.06
105,1,3,38,13,64,200,2,2,1,723.17
105,1,3,39,2,64,200,1,1,1,979.69
105,1,3,40,10,64,200,2,2,1,632.92
105,1,3,41,11,64,200,2,2,1,1105
105,1,3,42,1,64,200,1,1,1,1368.9
105,1,3,43,10,64,200,2,2,1,1440.5
105,1,3,44,3,64,200,1,1,1,601.58
105,1,3,45,2,64,200,1,1,1,862.97
105,1,3,46,1,64,200,1,1,1,614.29
105,1,3,47,12,64,200,2,2,1,761.86
105,1,3,48,6,64,200,2,2,1,1200.3
105,1,3,49,2,64,200,1,1,1,1174.4
105,1,3,50,12,64,200,2,2,1,843.06
105,1,3,51,13,64,200,2,2,1,1137.9
105,1,3,52,7,64,200,2,2,1,1269.5
105,1,3,53,8,64,200,2,2,1,1483.4
105,1,3,54,4,64,200,1,1,1,1505.4
105,1,3,55,3,64,200,1,1,1,1219.9
105,1,3,56,10,64,200,2,2,1,818.38
105,1,3,57,3,64,200,1,1,1,967.61
105,1,3,58,7,64,200,2,2,1,698.43
105,1,3,59,3,64,200,1,1,1,1289.7
105,1,3,60,7,64,200,2,2,1,719.55
105,1,3,61,13,64,200,2,2,1,1382.5
105,1,3,62,1,64,200,1,1,1,503.4
105,1,3,63,2,64,200,1,1,1,531.78
105,1,3,64,2,64,200,1,1,1,639.06
105,1,3,65,1,64,200,1,1,1,633.49
105,1,3,66,2,64,200,1,1,1,1230.6
105,1,3,67,6,64,200,2,2,1,1554.2
105,1,3,68,4,64,200,1,1,1,1220.2
105,1,3,69,8,64,200,2,2,1,747.09
105,1,3,70,8,64,200,2,2,1,631.14
105,1,3,71,1,64,200,1,1,1,514.43
105,1,3,72,6,64,200,2,2,1,1036.9
105,1,3,73,4,64,200,1,1,1,572.91
105,1,3,74,3,64,200,1,1,1,476.64
105,1,3,75,3,64,200,1,1,1,549.24
105,1,3,76,12,64,200,2,2,1,857.8
105,1,3,77,2,64,200,1,1,1,532.57
105,1,3,78,5,64,200,2,2,1,724.33
105,1,3,79,10,64,200,2,2,1,780.75
105,1,3,80,7,64,200,2,2,1,737.37
105,1,3,81,8,64,200,2,2,1,634.27
105,1,3,82,1,64,200,1,1,1,535.29
105,1,3,83,4,64,200,1,1,1,607.09
105,1,3,84,6,64,200,2,2,1,1545.5
105,1,3,85,4,64,200,1,1,1,798.22
105,1,3,1,13,64,200,2,2,1,974.22
105,1,3,2,9,64,200,2,2,1,564.2
105,1,3,3,4,64,200,1,1,1,624.34
105,1,3,4,4,64,200,1,1,1,401.33
105,1,3,5,3,64,200,1,1,1,622
105,1,3,6,7,64,200,2,2,1,463.4
105,1,3,7,12,64,200,2,2,1,466.71
105,1,3,8,4,64,200,1,1,1,439.02
105,1,3,9,3,64,200,1,1,1,494.76
105,1,3,10,6,64,200,2,2,1,744.87
105,1,3,11,1,64,200,1,1,1,417.05
105,1,3,12,13,64,200,2,2,1,557.79
105,1,3,13,2,64,200,1,1,1,421.45
105,1,3,14,4,64,200,1,1,1,627.43
105,1,3,15,8,64,200,2,2,1,619.98
105,1,3,16,12,64,200,2,2,1,589.49
105,1,3,17,7,64,200,2,2,1,559.88
105,1,3,18,2,64,200,1,1,1,454.34
105,1,3,19,5,64,200,2,2,1,531.57
105,1,3,20,10,64,200,2,2,1,469.47
105,1,3,21,3,64,200,1,1,1,495.06
105,1,3,22,12,64,200,2,2,1,462.23
105,1,3,23,1,64,200,1,1,1,505.36
105,1,3,24,11,64,200,2,2,1,1070.8
105,1,3,25,4,64,200,1,1,1,1062.2
105,1,3,26,1,64,200,1,1,1,587.78
105,1,3,27,9,64,200,2,2,1,604.7
105,1,3,28,13,64,200,2,2,1,485.54
105,1,3,29,6,64,200,2,2,1,540.49
105,1,3,30,3,64,200,1,1,1,631.33
105,1,3,31,3,64,200,1,1,1,695.85
105,1,3,32,3,64,200,1,1,1,508.09
105,1,3,33,8,64,200,2,2,1,1059
105,1,3,34,13,64,200,2,2,1,744.05
105,1,3,35,5,64,200,2,2,1,690.79
105,1,3,36,7,64,200,2,2,1,680.85
105,1,3,37,3,64,200,1,1,1,597.28
105,1,3,38,12,64,200,2,2,1,522.02
105,1,3,39,4,64,200,1,1,1,555.27
105,1,3,40,1,64,200,1,1,1,491.17
105,1,3,41,1,64,200,1,1,1,439.22
105,1,3,42,2,64,200,1,1,1,369.52
105,1,3,43,3,64,200,1,1,1,428.65
105,1,3,44,10,64,200,2,2,1,452.27
105,1,3,45,3,64,200,1,1,1,505.34
105,1,3,46,2,64,200,1,1,1,360.95
105,1,3,47,5,64,200,2,2,1,717.21
105,1,3,48,13,64,200,2,2,1,517.71
105,1,3,49,2,64,200,1,1,1,543.08
105,1,3,50,12,64,200,2,2,1,445.33
105,1,3,51,10,64,200,2,2,1,445.76
105,1,3,52,4,64,200,1,1,1,599.91
105,1,3,53,4,64,200,1,1,1,690.59
105,1,3,54,2,64,200,1,1,1,593.1
105,1,3,55,5,64,200,2,2,1,955.57
105,1,3,56,1,64,200,1,1,1,825.46
105,1,3,57,6,64,200,2,2,1,522.18
105,1,3,58,7,64,200,2,2,1,833.73
105,1,3,59,2,64,200,1,1,1,479.42
105,1,3,60,4,64,200,1,1,1,677.78
105,1,3,61,8,64,200,2,2,1,533.5
105,1,3,62,1,64,200,1,1,1,508.83
105,1,3,63,10,64,200,2,2,1,487.18
105,1,3,64,5,64,200,2,2,1,705.68
105,1,3,65,11,64,200,2,2,1,464.69
105,1,3,66,7,64,200,2,2,1,685.31
105,1,3,67,9,64,200,2,2,1,815.93
105,1,3,68,4,64,200,1,1,1,724.77
105,1,3,69,11,64,200,2,2,1,546.08
105,1,3,70,2,64,200,1,1,1,571.99
105,1,3,71,6,64,200,2,2,1,485.55
105,1,3,72,11,64,200,2,2,1,514.25
105,1,3,73,1,64,200,1,1,1,591.22
105,1,3,74,8,64,200,2,2,1,506.36
105,1,3,75,1,64,200,1,1,1,568.91
105,1,3,76,6,64,200,2,2,1,477.93
105,1,3,77,9,64,200,2,2,1,495.7
105,1,3,78,10,64,200,2,2,1,668.61
105,1,3,79,8,64,200,2,2,1,634.78
105,1,3,80,9,64,200,2,2,1,557.1
105,1,3,81,2,64,200,1,1,1,591.07
105,1,3,82,2,64,200,1,1,1,593.3
105,1,3,83,11,64,200,2,2,1,496.34
105,1,3,84,3,64,200,1,1,1,550.64
105,1,3,85,1,64,200,1,1,1,491.25
105,1,3,1,5,64,200,2,2,1,908.54
105,1,3,2,11,64,200,2,2,1,460.18
105,1,3,3,1,64,200,1,1,1,532.23
105,1,3,4,6,64,200,2,2,1,548.87
105,1,3,5,3,64,200,1,1,1,586.75
105,1,3,6,13,64,200,2,2,1,1192.1
105,1,3,7,3,64,200,1,1,1,1091.9
105,1,3,8,13,64,200,2,2,1,482.28
105,1,3,9,10,64,200,2,2,1,586.62
105,1,3,10,8,64,200,2,2,1,574.21
105,1,3,11,4,64,200,1,1,1,657.65
105,1,3,12,12,64,200,2,2,1,492.14
105,1,3,13,1,64,200,1,1,1,558.57
105,1,3,14,9,64,200,2,2,1,633.16
105,1,3,15,3,64,200,1,1,1,499.13
105,1,3,16,4,64,200,1,1,1,539.66
105,1,3,17,2,64,200,1,1,1,438.1
105,1,3,18,1,64,200,1,1,1,493.42
105,1,3,19,1,64,200,1,1,1,469.23
105,1,3,20,7,64,200,2,2,1,634.07
105,1,3,21,2,64,200,1,1,1,432.99
105,1,3,22,5,64,200,2,2,1,633.78
105,1,3,23,3,64,200,1,1,1,474.03
105,1,3,24,2,64,200,1,1,1,398.64
105,1,3,25,3,64,200,1,1,1,404.55
105,1,3,26,10,64,200,2,2,1,700.99
105,1,3,27,6,64,200,2,2,1,834.88
105,1,3,28,12,64,200,2,2,1,546.73
105,1,3,29,9,64,200,2,2,1,521.45
105,1,3,30,13,64,200,2,2,1,555.54
105,1,3,31,7,64,200,1,2,0,1683.7
105,1,3,32,11,64,200,2,2,1,486.87
105,1,3,33,11,64,200,2,2,1,488.85
105,1,3,34,7,64,200,2,2,1,721.52
105,1,3,35,13,64,200,2,2,1,526.44
105,1,3,36,7,64,200,2,2,1,652.02
105,1,3,37,1,64,200,1,1,1,447.78
105,1,3,38,2,64,200,1,1,1,505.29
105,1,3,39,4,64,200,1,1,1,479.04
105,1,3,40,2,64,200,1,1,1,408.32
105,1,3,41,6,64,200,2,2,1,630.74
105,1,3,42,10,64,200,2,2,1,558.08
105,1,3,43,4,64,200,1,1,1,474.45
105,1,3,44,1,64,200,1,1,1,536.43
105,1,3,45,5,64,200,2,2,1,579.56
105,1,3,46,8,64,200,2,2,1,860.36
105,1,3,47,8,64,200,2,2,1,794.11
105,1,3,48,12,64,200,2,2,1,655.31
105,1,3,49,4,64,200,1,1,1,508.28
105,1,3,50,8,64,200,2,2,1,912.74
105,1,3,51,4,64,200,1,1,1,456.77
105,1,3,52,3,64,200,1,1,1,527.96
105,1,3,53,2,64,200,1,1,1,555.67
105,1,3,54,3,64,200,1,1,1,496.26
105,1,3,55,10,64,200,2,2,1,676.61
105,1,3,56,10,64,200,2,2,1,474.78
105,1,3,57,6,64,200,2,2,1,597.06
105,1,3,58,1,64,200,1,1,1,578.77
105,1,3,59,5,64,200,2,2,1,496.98
105,1,3,60,12,64,200,2,2,1,611.84
105,1,3,61,9,64,200,2,2,1,961.77
105,1,3,62,12,64,200,2,2,1,489.43
105,1,3,63,4,64,200,1,1,1,555.96
105,1,3,64,11,64,200,2,2,1,699.26
105,1,3,65,1,64,200,1,1,1,594.1
105,1,3,66,2,64,200,1,1,1,449.54
105,1,3,67,5,64,200,1,2,0,1543.9
105,1,3,68,11,64,200,2,2,1,703.15
105,1,3,69,6,64,200,2,2,1,662.89
105,1,3,70,1,64,200,1,1,1,708.19
105,1,3,71,8,64,200,2,2,1,754.86
105,1,3,72,2,64,200,1,1,1,696.84
105,1,3,73,2,64,200,1,1,1,528.97
105,1,3,74,9,64,200,2,2,1,633.11
105,1,3,75,3,64,200,1,1,1,626.47
105,1,3,76,1,64,200,1,1,1,547.85
105,1,3,77,4,64,200,1,1,1,931.75
105,1,3,78,9,64,200,2,2,1,648.64
105,1,3,79,3,64,200,1,1,1,509.45
105,1,3,80,7,64,200,2,2,1,1377.4
105,1,3,81,4,64,200,1,1,1,688.87
105,1,3,82,2,64,200,1,1,1,566.1
105,1,3,83,3,64,200,1,1,1,804.26
105,1,3,84,13,64,200,2,2,1,1056.2
105,1,3,85,4,64,200,1,1,1,1480.8
105,1,3,1,2,64,200,1,1,1,678.16
105,1,3,2,3,64,200,1,1,1,1193.7
105,1,3,3,4,64,200,1,1,1,1189.4
105,1,3,4,8,64,200,2,2,1,636.72
105,1,3,5,2,64,200,1,1,1,567.91
105,1,3,6,3,64,200,1,1,1,417.55
105,1,3,7,7,64,200,2,2,1,787.82
105,1,3,8,2,64,200,1,1,1,447.17
105,1,3,9,1,64,200,1,1,1,380.62
105,1,3,10,4,64,200,1,1,1,348.96
105,1,3,11,7,64,200,2,2,1,791.6
105,1,3,12,10,64,200,2,2,1,609.35
105,1,3,13,4,64,200,1,1,1,867.04
105,1,3,14,1,64,200,1,1,1,644.92
105,1,3,15,10,64,200,2,2,1,532.24
105,1,3,16,11,64,200,2,2,1,541.07
105,1,3,17,11,64,200,2,2,1,448.42
105,1,3,18,3,64,200,1,1,1,449.37
105,1,3,19,12,64,200,2,2,1,958.69
105,1,3,20,6,64,200,2,2,1,850.76
105,1,3,21,3,64,200,1,1,1,842.02
105,1,3,22,8,64,200,2,2,1,1063.8
105,1,3,23,9,64,200,2,2,1,592.26
105,1,3,24,2,64,200,1,1,1,539.92
105,1,3,25,11,64,200,2,2,1,585.54
105,1,3,26,4,64,200,1,1,1,459.73
105,1,3,27,12,64,200,2,2,1,544.31
105,1,3,28,1,64,200,1,1,1,387.09
105,1,3,29,5,64,200,2,2,1,750.97
105,1,3,30,2,64,200,1,1,1,496.38
105,1,3,31,13,64,200,2,2,1,504.02
105,1,3,32,3,64,200,1,1,1,458.04
105,1,3,33,3,64,200,1,1,1,446.27
105,1,3,34,5,64,200,2,2,1,679.7
105,1,3,35,4,64,200,1,1,1,666.04
105,1,3,36,1,64,200,1,1,1,632.78
105,1,3,37,5,64,200,2,2,1,702.84
105,1,3,38,5,64,200,2,2,1,734.01
105,1,3,39,9,64,200,2,2,1,604.18
105,1,3,40,4,64,200,1,1,1,602.42
105,1,3,41,6,64,200,2,2,1,713.44
105,1,3,42,1,64,200,1,1,1,496.47
105,1,3,43,11,64,200,2,2,1,599.8
105,1,3,44,3,64,200,1,1,1,540.81
105,1,3,45,4,64,200,1,1,1,780.62
105,1,3,46,2,64,200,1,1,1,452.12
105,1,3,47,2,64,200,1,1,1,567.61
105,1,3,48,4,64,200,1,1,1,651.87
105,1,3,49,6,64,200,2,2,1,739.97
105,1,3,50,12,64,200,2,2,1,581.22
105,1,3,51,1,64,200,1,1,1,581.2
105,1,3,52,7,64,200,2,2,1,699.68
105,1,3,53,12,64,200,2,2,1,578.46
105,1,3,54,9,64,200,2,2,1,655.21
105,1,3,55,9,64,200,2,2,1,535.96
105,1,3,56,9,64,200,2,2,1,562.86
105,1,3,57,10,64,200,2,2,1,613.36
105,1,3,58,10,64,200,2,2,1,961.27
105,1,3,59,1,64,200,1,1,1,549.29
105,1,3,60,3,64,200,1,1,1,540.36
105,1,3,61,1,64,200,1,1,1,481.95
105,1,3,62,13,64,200,2,2,1,656.29
105,1,3,63,7,64,200,1,2,0,1132.7
105,1,3,64,10,64,200,2,2,1,530.65
105,1,3,65,6,64,200,2,2,1,700.36
105,1,3,66,4,64,200,1,1,1,810.66
105,1,3,67,1,64,200,1,1,1,515.91
105,1,3,68,3,64,200,1,1,1,556.07
105,1,3,69,3,64,200,1,1,1,492.82
105,1,3,70,2,64,200,1,1,1,604.17
105,1,3,71,8,64,200,2,2,1,812.77
105,1,3,72,8,64,200,2,2,1,527.25
105,1,3,73,1,64,200,1,1,1,489.65
105,1,3,74,6,64,200,2,2,1,815.52
105,1,3,75,2,64,200,1,1,1,505.11
105,1,3,76,12,64,200,2,2,1,508.09
105,1,3,77,13,64,200,2,2,1,497.34
105,1,3,78,4,64,200,1,1,1,536.52
105,1,3,79,5,64,200,2,2,1,732.16
105,1,3,80,11,64,200,2,2,1,605.44
105,1,3,81,7,64,200,2,2,1,1062.7
105,1,3,82,2,64,200,1,1,1,413.01
105,1,3,83,13,64,200,2,2,1,505.8
105,1,3,84,13,64,200,2,2,1,497.9
105,1,3,85,8,64,200,2,2,1,1145.4
105,1,3,1,10,64,200,2,2,1,506.4
105,1,3,2,7,64,200,2,2,1,556.18
105,1,3,3,2,64,200,1,1,1,556.87
105,1,3,4,8,64,200,2,2,1,578.44
105,1,3,5,4,64,200,1,1,1,688.41
105,1,3,6,3,64,200,1,1,1,463.2
105,1,3,7,4,64,200,1,1,1,554.17
105,1,3,8,7,64,200,2,2,1,742.1
105,1,3,9,1,64,200,1,1,1,758.18
105,1,3,10,1,64,200,1,1,1,431.91
105,1,3,11,11,64,200,2,2,1,441.71
105,1,3,12,3,64,200,1,1,1,615.85
105,1,3,13,1,64,200,1,1,1,482.92
105,1,3,14,13,64,200,2,2,1,434.1
105,1,3,15,6,64,200,2,2,1,846.57
105,1,3,16,1,64,200,1,1,1,602.35
105,1,3,17,11,64,200,2,2,1,795.25
105,1,3,18,4,64,200,1,1,1,581.85
105,1,3,19,4,64,200,1,1,1,522.99
105,1,3,20,12,64,200,2,2,1,445.21
105,1,3,21,3,64,200,1,1,1,478.9
105,1,3,22,3,64,200,1,1,1,785.14
105,1,3,23,13,64,200,2,2,1,533.66
105,1,3,24,12,64,200,2,2,1,513.48
105,1,3,25,2,64,200,1,1,1,490.59
105,1,3,26,7,64,200,1,2,0,807.59
105,1,3,27,10,64,200,2,2,1,1036.6
105,1,3,28,3,64,200,1,1,1,569.27
105,1,3,29,2,64,200,1,1,1,604.02
105,1,3,30,11,64,200,2,2,1,631.96
105,1,3,31,9,64,200,2,2,1,705.19
105,1,3,32,3,64,200,1,1,1,628.67
105,1,3,33,9,64,200,2,2,1,555.25
105,1,3,34,4,64,200,1,1,1,704.68
105,1,3,35,1,64,200,1,1,1,853.07
105,1,3,36,5,64,200,2,2,1,804.03
105,1,3,37,4,64,200,1,1,1,744.44
105,1,3,38,3,64,200,1,1,1,660.41
105,1,3,39,4,64,200,1,1,1,506.76
105,1,3,40,3,64,200,1,1,1,517.88
105,1,3,41,5,64,200,2,2,1,626.91
105,1,3,42,5,64,200,2,2,1,619.92
105,1,3,43,9,64,200,2,2,1,901.31
105,1,3,44,13,64,200,2,2,1,733.49
105,1,3,45,8,64,200,2,2,1,1622.5
105,1,3,46,10,64,200,2,2,1,688.44
105,1,3,47,7,64,200,2,2,1,897.42
105,1,3,48,8,64,200,2,2,1,599.28
105,1,3,49,4,64,200,1,1,1,1142.6
105,1,3,50,2,64,200,1,1,1,876.74
105,1,3,51,6,64,200,2,2,1,848.83
105,1,3,52,9,64,200,2,2,1,577.95
105,1,3,53,2,64,200,1,1,1,605
105,1,3,54,1,64,200,1,1,1,660.48
105,1,3,55,4,64,200,1,1,1,478.44
105,1,3,56,13,64,200,2,2,1,528.64
105,1,3,57,10,64,200,2,2,1,827.92
105,1,3,58,2,64,200,1,1,1,730.33
105,1,3,59,7,64,200,1,2,0,800.82
105,1,3,60,12,64,200,2,2,1,651.94
105,1,3,61,8,64,200,2,2,1,820.72
105,1,3,62,1,64,200,1,1,1,985.69
105,1,3,63,11,64,200,2,2,1,697.73
105,1,3,64,1,64,200,1,1,1,585.85
105,1,3,65,6,64,200,2,2,1,575.97
105,1,3,66,3,64,200,1,1,1,748.8
105,1,3,67,2,64,200,1,1,1,478.33
105,1,3,68,1,64,200,1,1,1,540.85
105,1,3,69,5,64,200,2,2,1,599.58
105,1,3,70,2,64,200,1,1,1,526.23
105,1,3,71,11,64,200,2,2,1,413.14
105,1,3,72,2,64,200,1,1,1,447.81
105,1,3,73,1,64,200,1,1,1,453.88
105,1,3,74,12,64,200,2,2,1,521.84
105,1,3,75,4,64,200,1,1,1,480.25
105,1,3,76,3,64,200,1,1,1,483.47
105,1,3,77,9,64,200,2,2,1,521.6
105,1,3,78,8,64,200,2,2,1,823.39
105,1,3,79,13,64,200,2,2,1,591.4
105,1,3,80,10,64,200,2,2,1,519.5
105,1,3,81,6,64,200,2,2,1,588.08
105,1,3,82,12,64,200,2,2,1,528.85
105,1,3,83,5,64,200,2,2,1,504.1
105,1,3,84,6,64,200,2,2,1,554.79
105,1,3,85,2,64,200,1,1,1,798.62
105,1,3,1,5,64,200,2,2,1,597.96
105,1,3,2,11,64,200,2,2,1,737.43
105,1,3,3,1,64,200,1,1,1,718.4
105,1,3,4,5,64,200,2,2,1,464.45
105,1,3,5,10,64,200,2,2,1,541.38
105,1,3,6,8,64,200,2,2,1,1102.8
105,1,3,7,13,64,200,2,2,1,521.96
105,1,3,8,6,64,200,2,2,1,693.42
105,1,3,9,4,64,200,1,1,1,937.61
105,1,3,10,10,64,200,2,2,1,621.41
105,1,3,11,12,64,200,2,2,1,458.02
105,1,3,12,8,64,200,2,2,1,821.11
105,1,3,13,9,64,200,2,2,1,565.83
105,1,3,14,8,64,200,2,2,1,720.88
105,1,3,15,10,64,200,2,2,1,522.29
105,1,3,16,2,64,200,1,1,1,524.65
105,1,3,17,5,64,200,2,2,1,723.47
105,1,3,18,3,64,200,1,1,1,588.83
105,1,3,19,4,64,200,1,1,1,514.16
105,1,3,20,1,64,200,1,1,1,713.53
105,1,3,21,9,64,200,2,2,1,653.31
105,1,3,22,8,64,200,2,2,1,1179.6
105,1,3,23,1,64,200,1,1,1,479.43
105,1,3,24,6,64,200,2,2,1,629.57
105,1,3,25,13,64,200,2,2,1,593.51
105,1,3,26,13,64,200,2,2,1,468.76
105,1,3,27,3,64,200,1,1,1,510.47
105,1,3,28,10,64,200,2,2,1,454.5
105,1,3,29,4,64,200,1,1,1,543.74
105,1,3,30,1,64,200,1,1,1,486.42
105,1,3,31,9,64,200,2,2,1,493.9
105,1,3,32,4,64,200,1,1,1,601.95
105,1,3,33,3,64,200,1,1,1,490.73
105,1,3,34,2,64,200,1,1,1,598.2
105,1,3,35,11,64,200,2,2,1,521.08
105,1,3,36,12,64,200,2,2,1,491.33
105,1,3,37,4,64,200,1,1,1,365.99
105,1,3,38,1,64,200,1,1,1,511.72
105,1,3,39,1,64,200,1,1,1,530.28
105,1,3,40,7,64,200,2,2,1,831.18
105,1,3,41,2,64,200,1,1,1,514.4
105,1,3,42,9,64,200,2,2,1,578
105,1,3,43,3,64,200,1,1,1,529.68
105,1,3,44,11,64,200,2,2,1,601.63
105,1,3,45,7,64,200,2,2,1,698.63
105,1,3,46,11,64,200,2,2,1,425.34
105,1,3,47,1,64,200,1,1,1,600.99
105,1,3,48,2,64,200,1,1,1,370.32
105,1,3,49,2,64,200,1,1,1,387.44
105,1,3,50,5,64,200,2,2,1,544.49
105,1,3,51,12,64,200,2,2,1,545.77
105,1,3,52,3,64,200,1,1,1,580.18
105,1,3,53,3,64,200,1,1,1,651.34
105,1,3,54,5,64,200,2,2,1,488.39
105,1,3,55,3,64,200,1,1,1,551.49
105,1,3,56,2,64,200,1,1,1,547.24
105,1,3,57,7,64,200,2,2,1,640.67
105,1,3,58,1,64,200,1,1,1,518.26
105,1,3,59,11,64,200,2,2,1,529.05
105,1,3,60,3,64,200,1,1,1,827.72
105,1,3,61,4,64,200,1,1,1,649.54
105,1,3,62,3,64,200,1,1,1,485.73
105,1,3,63,7,64,200,2,2,1,508.23
105,1,3,64,4,64,200,1,1,1,474
105,1,3,65,2,64,200,1,1,1,685.08
105,1,3,66,2,64,200,1,1,1,524.45
105,1,3,67,6,64,200,2,2,1,577.27
105,1,3,68,12,64,200,2,2,1,568.01
105,1,3,69,9,64,200,2,2,1,612.95
105,1,3,70,4,64,200,1,1,1,557.3
105,1,3,71,13,64,200,2,2,1,583.97
105,1,3,72,12,64,200,2,2,1,519.06
105,1,3,73,4,64,200,1,1,1,479.27
105,1,3,74,1,64,200,1,1,1,433.71
105,1,3,75,1,64,200,1,1,1,482.13
105,1,3,76,6,64,200,2,2,1,990.75
105,1,3,77,3,64,200,1,1,1,446.71
105,1,3,78,7,64,200,1,2,0,718.86
105,1,3,79,13,64,200,2,2,1,560.31
105,1,3,80,4,64,200,1,1,1,664.23
105,1,3,81,10,64,200,2,2,1,784.57
105,1,3,82,8,64,200,2,2,1,661.44
105,1,3,83,6,64,200,2,2,1,763.64
105,1,3,84,2,64,200,1,1,1,553.23
105,1,3,85,2,64,200,1,1,1,787.03
105,1,3,1,1,64,200,1,1,1,493.27
105,1,3,2,1,64,200,1,1,1,581.86
105,1,3,3,1,64,200,1,1,1,571
105,1,3,4,5,64,200,2,2,1,542.41
105,1,3,5,5,64,200,2,2,1,659.4
105,1,3,6,7,64,200,2,2,1,716.75
105,1,3,7,10,64,200,2,2,1,585.25
105,1,3,8,4,64,200,1,1,1,514.02
105,1,3,9,4,64,200,1,1,1,501.35
105,1,3,10,9,64,200,2,2,1,516.75
105,1,3,11,1,64,200,1,1,1,485.35
105,1,3,12,4,64,200,1,1,1,599.25
105,1,3,13,2,64,200,1,1,1,376.68
105,1,3,14,13,64,200,2,2,1,485.5
105,1,3,15,3,64,200,1,1,1,550.06
105,1,3,16,4,64,200,2,1,0,425.34
105,1,3,17,8,64,200,2,2,1,688.25
105,1,3,18,11,64,200,2,2,1,595.41
105,1,3,19,2,64,200,1,1,1,446.37
105,1,3,20,13,64,200,2,2,1,639.83
105,1,3,21,2,64,200,1,1,1,543.41
105,1,3,22,3,64,200,1,1,1,490.76
105,1,3,23,5,64,200,2,2,1,1007.7
105,1,3,24,3,64,200,1,1,1,1106
105,1,3,25,1,64,200,1,1,1,511.57
105,1,3,26,11,64,200,2,2,1,553.16
105,1,3,27,9,64,200,2,2,1,594.7
105,1,3,28,3,64,200,1,1,1,520.03
105,1,3,29,2,64,200,1,1,1,777.16
105,1,3,30,1,64,200,1,1,1,480.23
105,1,3,31,6,64,200,2,2,1,601.18
105,1,3,32,6,64,200,2,2,1,544.35
105,1,3,33,11,64,200,2,2,1,576.75
105,1,3,34,2,64,200,1,1,1,570.86
105,1,3,35,3,64,200,1,1,1,567.91
105,1,3,36,12,64,200,2,2,1,492.91
105,1,3,37,13,64,200,2,2,1,646.41
105,1,3,38,6,64,200,2,2,1,768.87
105,1,3,39,10,64,200,2,2,1,512.63
105,1,3,40,3,64,200,1,1,1,624.13
105,1,3,41,9,64,200,2,2,1,723.47
105,1,3,42,12,64,200,2,2,1,591.74
105,1,3,43,2,64,200,1,1,1,520.08
105,1,3,44,3,64,200,1,1,1,723.29
105,1,3,45,10,64,200,2,2,1,448.91
105,1,3,46,11,64,200,2,2,1,786.09
105,1,3,47,8,64,200,2,2,1,702.76
105,1,3,48,2,64,200,1,1,1,433.27
105,1,3,49,12,64,200,2,2,1,670.58
105,1,3,50,6,64,200,2,2,1,547.62
105,1,3,51,8,64,200,2,2,1,517.62
105,1,3,52,3,64,200,1,1,1,627.21
105,1,3,53,2,64,200,1,1,1,500.86
105,1,3,54,4,64,200,1,1,1,497.24
105,1,3,55,7,64,200,2,2,1,638.88
105,1,3,56,12,64,200,2,2,1,491.91
105,1,3,57,2,64,200,1,1,1,786.17
105,1,3,58,10,64,200,2,2,1,487.33
105,1,3,59,13,64,200,2,2,1,456.36
105,1,3,60,1,64,200,1,1,1,625.83
105,1,3,61,3,64,200,1,1,1,540.58
105,1,3,62,4,64,200,1,1,1,425.46
105,1,3,63,3,64,200,1,1,1,504.81
105,1,3,64,12,64,200,2,2,1,626.58
105,1,3,65,10,64,200,2,2,1,1275.8
105,1,3,66,11,64,200,2,2,1,594.88
105,1,3,67,7,64,200,2,2,1,966.93
105,1,3,68,6,64,200,2,2,1,757.27
105,1,3,69,1,64,200,1,1,1,571.74
105,1,3,70,7,64,200,2,2,1,927.96
105,1,3,71,1,64,200,1,1,1,507.42
105,1,3,72,9,64,200,2,2,1,611.6
105,1,3,73,8,64,200,2,2,1,592.97
105,1,3,74,5,64,200,2,2,1,703.72
105,1,3,75,4,64,200,1,1,1,747.39
105,1,3,76,4,64,200,1,1,1,484.79
105,1,3,77,4,64,200,1,1,1,580.99
105,1,3,78,13,64,200,2,2,1,554.76
105,1,3,79,4,64,200,1,1,1,717.28
105,1,3,80,9,64,200,2,2,1,698.67
105,1,3,81,5,64,200,2,2,1,843.66
105,1,3,82,8,64,200,2,2,1,957.66
105,1,3,83,2,64,200,1,1,1,533.78
105,1,3,84,7,64,200,2,2,1,592
105,1,3,85,1,64,200,1,1,1,496.69
105,1,3,1,9,64,200,2,2,1,513.23
105,1,3,2,13,64,200,2,2,1,893.37
105,1,3,3,10,64,200,2,2,1,423.24
105,1,3,4,11,64,200,2,2,1,494.78
105,1,3,5,10,64,200,2,2,1,452.39
105,1,3,6,1,64,200,1,1,1,516.63
105,1,3,7,11,64,200,2,2,1,1042
105,1,3,8,13,64,200,2,2,1,722.71
105,1,3,9,2,64,200,1,1,1,564.62
105,1,3,10,2,64,200,1,1,1,582.83
105,1,3,11,10,64,200,2,2,1,520.58
105,1,3,12,8,64,200,2,2,1,771.8
105,1,3,13,10,64,200,2,2,1,634.74
105,1,3,14,3,64,200,1,1,1,716.92
105,1,3,15,12,64,200,2,2,1,785.07
105,1,3,16,9,64,200,2,2,1,523.67
105,1,3,17,13,64,200,2,2,1,571.15
105,1,3,18,12,64,200,2,2,1,498.16
105,1,3,19,4,64,200,1,1,1,1162.5
105,1,3,20,7,64,200,1,2,0,1000.3
105,1,3,21,1,64,200,1,1,1,510.67
105,1,3,22,9,64,200,2,2,1,548.88
105,1,3,23,7,64,200,2,2,1,617.9
105,1,3,24,4,64,200,1,1,1,476.07
105,1,3,25,12,64,200,2,2,1,493.38
105,1,3,26,13,64,200,2,2,1,457.05
105,1,3,27,1,64,200,1,1,1,534.5
105,1,3,28,2,64,200,1,1,1,462.74
105,1,3,29,4,64,200,1,1,1,544.66
105,1,3,30,3,64,200,1,1,1,498.83
105,1,3,31,3,64,200,1,1,1,493.86
105,1,3,32,2,64,200,1,1,1,427.06
105,1,3,33,3,64,200,1,1,1,449.45
105,1,3,34,2,64,200,1,1,1,420.25
105,1,3,35,13,64,200,2,2,1,473.29
105,1,3,36,5,64,200,2,2,1,600.68
105,1,3,37,10,64,200,2,2,1,501.82
105,1,3,38,1,64,200,1,1,1,407.48
105,1,3,39,6,64,200,2,2,1,628.09
105,1,3,40,3,64,200,1,1,1,506.33
105,1,3,41,4,64,200,1,1,1,368.66
105,1,3,42,3,64,200,1,1,1,511.27
105,1,3,43,8,64,200,2,2,1,648.15
105,1,3,44,4,64,200,1,1,1,440.57
105,1,3,45,3,64,200,1,1,1,1022.9
105,1,3,46,12,64,200,2,2,1,471.6
105,1,3,47,6,64,200,2,2,1,581.17
105,1,3,48,8,64,200,2,2,1,571.88
105,1,3,49,7,64,200,2,2,1,498.66
105,1,3,50,2,64,200,1,1,1,723.69
105,1,3,51,9,64,200,2,2,1,1119.2
105,1,3,52,7,64,200,2,2,1,725.03
105,1,3,53,11,64,200,2,2,1,1268.3
105,1,3,54,2,64,200,1,1,1,798.69
105,1,3,55,8,64,200,2,2,1,963.96
105,1,3,56,2,64,200,1,1,1,1342.6
105,1,3,57,11,64,200,2,2,1,890.91
105,1,3,58,4,64,200,1,1,1,790.37
105,1,3,59,2,64,200,1,1,1,697.95
105,1,3,60,4,64,200,1,1,1,654.61
105,1,3,61,1,64,200,1,1,1,554.69
105,1,3,62,1,64,200,1,1,1,670.45
105,1,3,63,5,64,200,2,2,1,1056.1
105,1,3,64,5,64,200,2,2,1,955.84
105,1,3,65,6,64,200,2,2,1,531.9
105,1,3,66,8,64,200,2,2,1,601.63
105,1,3,67,7,64,200,2,2,1,542.81
105,1,3,68,9,64,200,2,2,1,578.74
105,1,3,69,4,64,200,1,1,1,1736.3
105,1,3,70,5,64,200,2,2,1,509.1
105,1,3,71,1,64,200,1,1,1,595.31
105,1,3,72,3,64,200,1,1,1,481.93
105,1,3,73,4,64,200,1,1,1,500.41
105,1,3,74,3,64,200,1,1,1,526.16
105,1,3,75,6,64,200,2,2,1,539.17
105,1,3,76,1,64,200,1,1,1,465.02
105,1,3,77,5,64,200,2,2,1,901.23
105,1,3,78,4,64,200,1,1,1,601.47
105,1,3,79,1,64,200,1,1,1,566.14
105,1,3,80,3,64,200,1,1,1,462.25
105,1,3,81,6,64,200,2,2,1,542.12
105,1,3,82,1,64,200,1,1,1,456.45
105,1,3,83,2,64,200,1,1,1,657.09
105,1,3,84,11,64,200,2,2,1,599.85
105,1,3,85,12,64,200,2,2,1,904.93
