111,1,2,1,10,64,200,2,2,1,859.31
111,1,2,2,8,64,200,2,2,1,877.25
111,1,2,3,2,64,200,1,1,1,923.4
111,1,2,4,7,64,200,2,2,1,1438.2
111,1,2,5,13,64,200,2,2,1,662.43
111,1,2,6,1,64,200,1,1,1,666.59
111,1,2,7,4,64,200,1,1,1,886.08
111,1,2,8,2,64,200,1,1,1,407.13
111,1,2,9,1,64,200,1,1,1,333.89
111,1,2,10,9,64,200,2,2,1,580.06
111,1,2,11,12,64,200,2,2,1,643.73
111,1,2,12,6,64,200,2,2,1,680.82
111,1,2,13,5,64,200,2,2,1,1218.7
111,1,2,14,11,64,200,2,2,1,711.12
111,1,2,15,3,64,200,1,1,1,531.91
111,1,2,16,4,64,200,1,1,1,518.48
111,1,2,17,3,64,200,1,1,1,469.39
111,1,2,18,13,64,200,2,2,1,523.56
111,1,2,19,10,64,200,2,2,1,516.97
111,1,2,20,7,64,200,2,2,1,602.62
111,1,2,21,6,64,200,2,2,1,464.07
111,1,2,22,4,64,200,1,1,1,886.81
111,1,2,23,4,64,200,1,1,1,995.99
111,1,2,24,8,64,200,2,2,1,553.36
111,1,2,25,2,64,200,1,1,1,882.27
111,1,2,26,7,64,200,1,2,0,1326.7
111,1,2,27,4,64,200,1,1,1,705.9
111,1,2,28,2,64,200,1,1,1,346.04
111,1,2,29,5,64,200,2,2,1,568.36
111,1,2,30,5,64,200,2,2,1,401.71
111,1,2,31,2,64,200,1,1,1,1504.2
111,1,2,32,4,64,200,1,1,1,663.61
111,1,2,33,2,64,200,1,1,1,1106.5
111,1,2,34,1,64,200,1,1,1,714.46
111,1,2,35,3,64,200,1,1,1,417.21
111,1,2,36,5,64,200,2,2,1,452.11
111,1,2,37,10,64,200,2,2,1,735.2
111,1,2,38,3,64,200,1,1,1,1399.6
111,1,2,39,6,64,200,2,2,1,431.49
111,1,2,40,1,64,200,1,1,1,974.97
111,1,2,41,11,64,200,2,2,1,637.17
111,1,2,42,4,64,200,1,1,1,1532.4
111,1,2,43,13,64,200,2,2,1,505.14
111,1,2,44,2,64,200,1,1,1,989.27
111,1,2,45,3,64,200,1,1,1,503.52
111,1,2,46,7,64,200,2,2,1,633.02
111,1,2,47,8,64,200,2,2,1,547.17
111,1,2,48,8,64,200,2,2,1,485.23
111,1,2,49,2,64,200,1,1,1,1128.3
111,1,2,50,11,64,200,2,2,1,387.03
111,1,2,51,12,64,200,2,2,1,1089.4
111,1,2,52,2,64,200,1,1,1,1151.1
111,1,2,53,11,64,200,2,2,1,369.12
111,1,2,54,3,64,200,1,1,1,556.17
111,1,2,55,11,64,200,2,2,1,425.5
111,1,2,56,12,64,200,2,2,1,459.96
111,1,2,57,12,64,200,2,2,1,632.33
111,1,2,58,12,64,200,2,2,1,539.28
111,1,2,59,1,64,200,1,1,1,665.14
111,1,2,60,5,64,200,2,2,1,460.01
111,1,2,61,6,64,200,2,2,1,434.69
111,1,2,62,9,64,200,2,2,1,582.6
111,1,2,63,7,64,200,2,2,1,695.99
111,1,2,64,3,64,200,1,1,1,879.26
111,1,2,65,3,64,200,1,1,1,500.27
111,1,2,66,4,64,200,1,1,1,609.33
111,1,2,67,9,64,200,2,2,1,410.95
111,1,2,68,8,64,200,2,2,1,925.14
111,1,2,69,10,64,200,2,2,1,545.94
111,1,2,70,4,64,200,1,1,1,1842.5
111,1,2,71,2,64,200,1,1,1,620.5
111,1,2,72,10,64,200,2,2,1,390.17
111,1,2,73,3,64,200,1,1,1,700.34
111,1,2,74,7,64,200,1,2,0,525.29
111,1,2,75,13,64,200,2,2,1,509.67
111,1,2,76,1,64,200,1,1,1,809.05
111,1,2,77,1,64,200,1,1,1,734.41
111,1,2,78,13,64,200,2,2,1,546.32
111,1,2,79,1,64,200,1,1,1,783.11
111,1,2,80,6,64,200,2,2,1,448.62
111,1,2,81,4,64,200,1,1,1,1122.7
111,1,2,82,12,64,200,2,2,1,623.88
111,1,2,83,1,64,200,1,1,1,546.09
111,1,2,84,6,64,200,2,2,1,456.11
111,1,2,85,5,64,200,2,2,1,420.01
111,1,2,86,4,64,200,1,1,1,934.57
111,1,2,87,2,64,200,1,1,1,517.22
111,1,2,88,3,64,200,1,1,1,493.56
111,1,2,89,9,64,200,2,2,1,547.18
111,1,2,90,1,64,200,1,1,1,595.94
111,1,2,91,1,64,200,1,1,1,443.32
111,1,2,92,3,64,200,1,1,1,350.36
111,1,2,93,1,64,200,1,1,1,737.97
111,1,2,94,9,64,200,2,2,1,446.54
111,1,2,95,2,64,200,1,1,1,1112.1
111,1,2,96,11,64,200,2,2,1,265.72
111,1,2,97,13,64,200,2,2,1,268.11
111,1,2,98,8,64,200,2,2,1,663.21
111,1,2,99,4,64,200,1,1,1,1407.4
111,1,2,100,3,64,200,1,1,1,497.62
111,1,2,101,9,64,200,2,2,1,416.44
111,1,2,102,10,64,200,2,2,1,618.43
111,1,2,1,13,64,200,2,2,1,969.06
111,1,2,2,2,64,200,1,1,1,1031.2
111,1,2,3,1,64,200,1,1,1,655.19
111,1,2,4,5,64,200,2,2,1,445.58
111,1,2,5,13,64,200,2,2,1,621.73
111,1,2,6,9,64,200,2,2,1,410.1
111,1,2,7,1,64,200,1,1,1,900.88
111,1,2,8,5,64,200,2,2,1,393.32
111,1,2,9,2,64,200,1,1,1,1824.3
111,1,2,10,9,64,200,2,2,1,440.09
111,1,2,11,4,64,200,1,1,1,1874.2
111,1,2,12,7,64,200,1,2,0,546.05
111,1,2,13,13,64,200,2,2,1,432.09
111,1,2,14,2,64,200,1,1,1,912.03
111,1,2,15,11,64,200,2,2,1,457.13
111,1,2,16,2,64,200,1,1,1,920.9
111,1,2,17,4,64,200,1,1,1,547.27
111,1,2,18,2,64,200,1,1,1,550.14
111,1,2,19,7,64,200,2,2,1,581.39
111,1,2,20,12,64,200,2,2,1,601.9
111,1,2,21,2,64,200,1,1,1,698.41
111,1,2,22,2,64,200,1,1,1,834.39
111,1,2,23,10,64,200,2,2,1,481.8
111,1,2,24,13,64,200,2,2,1,479.15
111,1,2,25,2,64,200,1,1,1,929.76
111,1,2,26,1,64,200,1,1,1,901.04
111,1,2,27,4,64,200,1,1,1,1527.5
111,1,2,28,3,64,200,1,1,1,706.86
111,1,2,29,4,64,200,1,1,1,803.18
111,1,2,30,5,64,200,2,2,1,534.91
111,1,2,31,3,64,200,1,1,1,746.28
111,1,2,32,3,64,200,1,1,1,866.3
111,1,2,33,1,64,200,1,1,1,502.68
111,1,2,34,5,64,200,2,2,1,398.5
111,1,2,35,10,64,200,2,2,1,500.08
111,1,2,36,11,64,200,2,2,1,621.97
111,1,2,37,6,64,200,2,2,1,409.52
111,1,2,38,3,64,200,1,1,1,960.05
111,1,2,39,4,64,200,2,1,0,393.9
111,1,2,40,4,64,200,1,1,1,703.14
111,1,2,41,12,64,200,2,2,1,440.68
111,1,2,42,10,64,200,2,2,1,535.89
111,1,2,43,6,64,200,2,2,1,489.17
111,1,2,44,2,64,200,1,1,1,735.1
111,1,2,45,8,64,200,2,2,1,801.13
111,1,2,46,9,64,200,2,2,1,608.85
111,1,2,47,11,64,200,2,2,1,778.91
111,1,2,48,8,64,200,2,2,1,697.07
111,1,2,49,12,64,200,2,2,1,888.08
111,1,2,50,3,64,200,1,1,1,1243.8
111,1,2,51,4,64,200,1,1,1,2188.9
111,1,2,52,1,64,200,1,1,1,1460.7
111,1,2,53,9,64,200,2,2,1,428.48
111,1,2,54,7,64,200,1,2,0,1910.5
111,1,2,55,9,64,200,2,2,1,407.64
111,1,2,56,2,64,200,1,1,1,928.29
111,1,2,57,6,64,200,2,2,1,537.14
111,1,2,58,3,64,200,1,1,1,922.62
111,1,2,59,10,64,200,2,2,1,514.79
111,1,2,60,3,64,200,1,1,1,961.62
111,1,2,61,6,64,200,2,2,1,840.46
111,1,2,62,8,64,200,2,2,1,1076.5
111,1,2,63,1,64,200,1,1,1,948.95
111,1,2,64,3,64,200,1,1,1,856.29
111,1,2,65,4,64,200,1,1,1,876.79
111,1,2,66,4,64,200,1,1,1,511.19
111,1,2,67,11,64,200,2,2,1,432.31
111,1,2,68,1,64,200,1,1,1,718.65
111,1,2,69,7,64,200,2,2,1,741.4
111,1,2,70,1,64,200,1,1,1,999.01
111,1,2,71,4,64,200,1,1,1,1072.6
111,1,2,72,6,64,200,2,2,1,615.2
111,1,2,73,11,64,200,2,2,1,919.85
111,1,2,74,8,64,200,2,2,1,2067.8
111,1,2,75,1,64,200,1,1,1,1477.1
111,1,2,76,3,64,200,1,1,1,1118.3
111,1,2,77,13,64,200,2,2,1,441.58
111,1,2,78,12,64,200,2,2,1,649.48
111,1,2,79,12,64,200,2,2,1,586.51
111,1,2,80,10,64,200,2,2,1,1198.1
111,1,2,81,1,64,200,1,1,1,850.59
111,1,2,82,7,64,200,2,2,1,914.94
111,1,2,83,8,64,200,2,2,1,1457.9
111,1,2,84,5,64,200,2,2,1,871.14
111,1,2,85,3,64,200,1,1,1,1063.4
111,1,2,1,2,64,200,1,1,1,1671.1
111,1,2,2,3,64,200,1,1,1,799.53
111,1,2,3,11,64,200,2,2,1,519.25
111,1,2,4,3,64,200,1,1,1,1139
111,1,2,5,2,64,200,1,1,1,530.72
111,1,2,6,3,64,200,1,1,1,461.32
111,1,2,7,2,64,200,1,1,1,423.71
111,1,2,8,8,64,200,2,2,1,749.7
111,1,2,9,6,64,200,2,2,1,411.32
111,1,2,10,9,64,200,2,2,1,468.75
111,1,2,11,2,64,200,1,1,1,600.25
111,1,2,12,11,64,200,2,2,1,496.88
111,1,2,13,4,64,200,1,1,1,1030
111,1,2,14,7,64,200,1,2,0,1232.4
111,1,2,15,4,64,200,1,1,1,618.4
111,1,2,16,3,64,200,1,1,1,702.56
111,1,2,17,2,64,200,1,1,1,488.12
111,1,2,18,4,64,200,1,1,1,910.98
111,1,2,19,13,64,200,2,2,1,720.27
111,1,2,20,6,64,200,2,2,1,528.6
111,1,2,21,1,64,200,1,1,1,710.96
111,1,2,22,10,64,200,2,2,1,582.1
111,1,2,23,5,64,200,2,2,1,578.87
111,1,2,24,1,64,200,1,1,1,603.11
111,1,2,25,2,64,200,2,1,0,745.87
111,1,2,26,5,64,200,2,2,1,489.31
111,1,2,27,3,64,200,1,1,1,565.92
111,1,2,28,12,64,200,2,2,1,565.58
111,1,2,29,1,64,200,1,1,1,634.52
111,1,2,30,3,64,200,1,1,1,1028.9
111,1,2,31,10,64,200,2,2,1,1122.1
111,1,2,32,9,64,200,2,2,1,695.65
111,1,2,33,6,64,200,2,2,1,1003.9
111,1,2,34,4,64,200,1,1,1,1375.6
111,1,2,35,4,64,200,1,1,1,645.85
111,1,2,36,1,64,200,1,1,1,628.33
111,1,2,37,8,64,200,2,2,1,687.44
111,1,2,38,5,64,200,2,2,1,467.63
111,1,2,39,4,64,200,1,1,1,1263
111,1,2,40,1,64,200,1,1,1,663.76
111,1,2,41,12,64,200,2,2,1,1283.3
111,1,2,42,4,64,200,1,1,1,2133.6
111,1,2,43,7,64,200,2,2,1,754.14
111,1,2,44,7,64,200,2,2,1,688.28
111,1,2,45,4,64,200,1,1,1,1323.2
111,1,2,46,4,64,200,1,1,1,786.37
111,1,2,47,4,64,200,1,1,1,912.7
111,1,2,48,10,64,200,2,2,1,550.37
111,1,2,49,1,64,200,1,1,1,750.95
111,1,2,50,11,64,200,2,2,1,482.67
111,1,2,51,3,64,200,1,1,1,1424.9
111,1,2,52,11,64,200,2,2,1,592.16
111,1,2,53,1,64,200,1,1,1,732.68
111,1,2,54,10,64,200,2,2,1,527.68
111,1,2,55,9,64,200,2,2,1,541.4
111,1,2,56,12,64,200,2,2,1,1622
111,1,2,57,7,64,200,2,2,1,593.99
111,1,2,58,3,64,200,1,1,1,995.32
111,1,2,59,1,64,200,1,1,1,754.14
111,1,2,60,10,64,200,2,2,1,1259.4
111,1,2,61,13,64,200,2,2,1,563.97
111,1,2,62,9,64,200,2,2,1,734.16
111,1,2,63,2,64,200,1,1,1,1422.9
111,1,2,64,12,64,200,2,2,1,732.34
111,1,2,65,13,64,200,2,2,1,615.57
111,1,2,66,5,64,200,2,2,1,482.86
111,1,2,67,3,64,200,1,1,1,1674.3
111,1,2,68,5,64,200,2,2,1,399.25
111,1,2,69,1,64,200,1,1,1,1249.3
111,1,2,70,12,64,200,2,2,1,1419
111,1,2,71,3,64,200,1,1,1,936.24
111,1,2,72,2,64,200,1,1,1,795.62
111,1,2,73,11,64,200,2,2,1,1112.9
111,1,2,74,6,64,200,2,2,1,546.8
111,1,2,75,2,64,200,1,1,1,2457.3
111,1,2,76,1,64,200,1,1,1,695.06
111,1,2,77,9,64,200,2,2,1,495.03
111,1,2,78,8,64,200,2,2,1,515.25
111,1,2,79,8,64,200,2,2,1,1155
111,1,2,80,13,64,200,2,2,1,1829.5
111,1,2,81,7,64,200,2,2,1,686.76
111,1,2,82,13,64,200,2,2,1,1060.3
111,1,2,83,8,64,200,2,2,1,1297.8
111,1,2,84,6,64,200,2,2,1,481.8
111,1,2,85,2,64,200,1,1,1,790.6
111,1,2,1,3,64,200,2,1,0,1072.8
111,1,2,2,2,64,200,1,1,1,1197.6
111,1,2,3,6,64,200,2,2,1,444.74
111,1,2,4,13,64,200,2,2,1,1132.6
111,1,2,5,6,64,200,2,2,1,596.6
111,1,2,6,11,64,200,2,2,1,872.83
111,1,2,7,4,64,200,1,1,1,2011.1
111,1,2,8,4,64,200,1,1,1,759.62
111,1,2,9,5,64,200,2,2,1,454.17
111,1,2,10,13,64,200,2,2,1,1918.9
111,1,2,11,3,64,200,1,1,1,838.26
111,1,2,12,8,64,200,2,2,1,1461.5
111,1,2,13,5,64,200,2,2,1,650.28
111,1,2,14,6,64,200,2,2,1,975.34
111,1,2,15,10,64,200,2,2,1,808.04
111,1,2,16,2,64,200,1,1,1,3042.8
111,1,2,17,11,64,200,2,2,1,2802.7
111,1,2,18,11,64,200,2,2,1,1587.6
111,1,2,19,1,64,200,1,1,1,1964.6
111,1,2,20,1,64,200,1,1,1,526.85
111,1,2,21,5,64,200,2,2,1,486.94
111,1,2,22,8,64,200,2,2,1,1660.6
111,1,2,23,2,64,200,2,1,0,580.31
111,1,2,24,10,64,200,2,2,1,1574.4
111,1,2,25,5,64,200,2,2,1,741.85
111,1,2,26,6,64,200,2,2,1,1113.2
111,1,2,27,10,64,200,2,2,1,1185.7
111,1,2,28,2,64,200,1,1,1,1377.4
111,1,2,29,3,64,200,1,1,1,577.45
111,1,2,30,11,64,200,2,2,1,464.99
111,1,2,31,4,64,200,1,1,1,1058.4
111,1,2,32,10,64,200,2,2,1,470.97
111,1,2,33,3,64,200,1,1,1,715.56
111,1,2,34,2,64,200,1,1,1,882.57
111,1,2,35,12,64,200,2,2,1,367.41
111,1,2,36,2,64,200,1,1,1,672.31
111,1,2,37,3,64,200,1,1,1,508.51
111,1,2,38,3,64,200,1,1,1,508.06
111,1,2,39,8,64,200,1,2,0,1315.7
111,1,2,40,6,64,200,2,2,1,465.59
111,1,2,41,13,64,200,2,2,1,1306.9
111,1,2,42,4,64,200,1,1,1,746.14
111,1,2,43,1,64,200,1,1,1,532.3
111,1,2,44,1,64,200,1,1,1,580.51
111,1,2,45,12,64,200,2,2,1,411.89
111,1,2,46,3,64,200,1,1,1,816.4
111,1,2,47,4,64,200,1,1,1,747.37
111,1,2,48,4,64,200,1,1,1,603.35
111,1,2,49,1,64,200,1,1,1,468.69
111,1,2,50,7,64,200,2,2,1,610.93
111,1,2,51,12,64,200,2,2,1,472.79
111,1,2,52,7,64,200,2,2,1,504.42
111,1,2,53,1,64,200,1,1,1,535.09
111,1,2,54,3,64,200,1,1,1,564.41
111,1,2,55,8,64,200,2,2,1,768.84
111,1,2,56,9,64,200,2,2,1,412.06
111,1,2,57,5,64,200,2,2,1,463.09
111,1,2,58,4,64,200,1,1,1,1169
111,1,2,59,2,64,200,1,1,1,765.59
111,1,2,60,13,64,200,2,2,1,628.52
111,1,2,61,2,64,200,1,1,1,758.49
111,1,2,62,9,64,200,2,2,1,407.76
111,1,2,63,1,64,200,1,1,1,558.05
111,1,2,64,3,64,200,1,1,1,489.09
111,1,2,65,10,64,200,2,2,1,505.18
111,1,2,66,12,64,200,2,2,1,559.09
111,1,2,67,9,64,200,2,2,1,457.82
111,1,2,68,1,64,200,1,1,1,879.81
111,1,2,69,4,64,200,1,1,1,711.65
111,1,2,70,1,64,200,1,1,1,511.18
111,1,2,71,1,64,200,1,1,1,460.24
111,1,2,72,7,64,200,2,2,1,654.81
111,1,2,73,3,64,200,1,1,1,809.91
111,1,2,74,2,64,200,1,1,1,506.25
111,1,2,75,9,64,200,2,2,1,569.33
111,1,2,76,2,64,200,1,1,1,535.41
111,1,2,77,12,64,200,2,2,1,766.58
111,1,2,78,8,64,200,2,2,1,1118.1
111,1,2,79,7,64,200,2,2,1,1386.1
111,1,2,80,7,64,200,2,2,1,504.42
111,1,2,81,4,64,200,1,1,1,1137.1
111,1,2,82,4,64,200,1,1,1,1079.6
111,1,2,83,11,64,200,2,2,1,565.99
111,1,2,84,13,64,200,2,2,1,735.27
111,1,2,85,9,64,200,2,2,1,809.83
111,1,2,1,3,64,200,1,1,1,992.44
111,1,2,2,3,64,200,1,1,1,588.91
111,1,2,3,11,64,200,2,2,1,472.25
111,1,2,4,13,64,200,2,2,1,525.57
111,1,2,5,5,64,200,2,2,1,432.13
111,1,2,6,2,64,200,1,1,1,1067.1
111,1,2,7,4,64,200,1,1,1,853.25
111,1,2,8,7,64,200,2,2,1,690.58
111,1,2,9,7,64,200,2,2,1,569.6
111,1,2,10,8,64,200,2,2,1,523.23
111,1,2,11,4,64,200,1,1,1,846.39
111,1,2,12,7,64,200,2,2,1,564.56
111,1,2,13,4,64,200,1,1,1,815.31
111,1,2,14,13,64,200,2,2,1,436.77
111,1,2,15,1,64,200,1,1,1,634.13
111,1,2,16,4,64,200,2,1,0,795.98
111,1,2,17,1,64,200,1,1,1,706.48
111,1,2,18,5,64,200,2,2,1,404.6
111,1,2,19,1,64,200,1,1,1,565.64
111,1,2,20,6,64,200,2,2,1,417.4
111,1,2,21,13,64,200,2,2,1,1080
111,1,2,22,3,64,200,1,1,1,565.22
111,1,2,23,1,64,200,1,1,1,696.81
111,1,2,24,1,64,200,1,1,1,807.34
111,1,2,25,6,64,200,2,2,1,512.23
111,1,2,26,9,64,200,2,2,1,539.65
111,1,2,27,6,64,200,2,2,1,452.68
111,1,2,28,3,64,200,1,1,1,918.7
111,1,2,29,9,64,200,2,2,1,819.69
111,1,2,30,10,64,200,2,2,1,1130.7
111,1,2,31,10,64,200,2,2,1,722.31
111,1,2,32,2,64,200,1,1,1,2263.4
111,1,2,33,4,64,200,1,1,1,2704.6
111,1,2,34,2,64,200,1,1,1,1753.9
111,1,2,35,2,64,200,1,1,1,1040.5
111,1,2,36,6,64,200,2,2,1,544.89
111,1,2,37,8,64,200,2,2,1,1069.9
111,1,2,38,1,64,200,1,1,1,745.43
111,1,2,39,4,64,200,1,1,1,2678.6
111,1,2,40,11,64,200,2,2,1,632.16
111,1,2,41,12,64,200,2,2,1,608.17
111,1,2,42,1,64,200,1,1,1,653.7
111,1,2,43,4,64,200,1,1,1,1450.5
111,1,2,44,5,64,200,2,2,1,495.31
111,1,2,45,4,64,200,1,1,1,1162.6
111,1,2,46,4,64,200,1,1,1,480.62
111,1,2,47,3,64,200,1,1,1,467.45
111,1,2,48,1,64,200,1,1,1,415.68
111,1,2,49,12,64,200,2,2,1,522.97
111,1,2,50,2,64,200,1,1,1,1040.1
111,1,2,51,4,64,200,1,1,1,1088.3
111,1,2,52,3,64,200,1,1,1,971.57
111,1,2,53,10,64,200,2,2,1,435.2
111,1,2,54,12,64,200,2,2,1,413.33
111,1,2,55,9,64,200,2,2,1,480.59
111,1,2,56,9,64,200,2,2,1,338.78
111,1,2,57,3,64,200,1,1,1,473.7
111,1,2,58,1,64,200,1,1,1,1256.9
111,1,2,59,2,64,200,1,1,1,715.72
111,1,2,60,7,64,200,2,2,1,839.67
111,1,2,61,8,64,200,2,2,1,517.9
111,1,2,62,12,64,200,2,2,1,541.61
111,1,2,63,13,64,200,2,2,1,947.69
111,1,2,64,8,64,200,2,2,1,590.46
111,1,2,65,13,64,200,2,2,1,466.38
111,1,2,66,12,64,200,2,2,1,295.03
111,1,2,67,2,64,200,1,1,1,913.52
111,1,2,68,3,64,200,1,1,1,517.63
111,1,2,69,2,64,200,1,1,1,715.29
111,1,2,70,1,64,200,1,1,1,695.96
111,1,2,71,6,64,200,2,2,1,471.24
111,1,2,72,2,64,200,1,1,1,661.12
111,1,2,73,10,64,200,2,2,1,506.62
111,1,2,74,11,64,200,2,2,1,490.58
111,1,2,75,7,64,200,2,2,1,695.81
111,1,2,76,10,64,200,2,2,1,496.77
111,1,2,77,11,64,200,2,2,1,635.75
111,1,2,78,2,64,200,1,1,1,1129.6
111,1,2,79,3,64,200,1,1,1,587.73
111,1,2,80,5,64,200,2,2,1,421.84
111,1,2,81,11,64,200,2,2,1,828.95
111,1,2,82,8,64,200,2,2,1,795.51
111,1,2,83,5,64,200,2,2,1,481.78
111,1,2,84,9,64,200,2,2,1,464.97
111,1,2,85,3,64,200,1,1,1,1584.5
111,1,2,1,3,64,200,1,1,1,1482.8
111,1,2,2,6,64,200,2,2,1,1387.4
111,1,2,3,9,64,200,2,2,1,418.64
111,1,2,4,1,64,200,1,1,1,763.23
111,1,2,5,2,64,200,1,1,1,684.02
111,1,2,6,4,64,200,1,1,1,492.49
111,1,2,7,12,64,200,2,2,1,483.07
111,1,2,8,7,64,200,2,2,1,608.05
111,1,2,9,4,64,200,1,1,1,875.18
111,1,2,10,8,64,200,2,2,1,929.86
111,1,2,11,9,64,200,2,2,1,424.33
111,1,2,12,3,64,200,1,1,1,693.47
111,1,2,13,2,64,200,1,1,1,968.91
111,1,2,14,12,64,200,2,2,1,514.63
111,1,2,15,1,64,200,1,1,1,773.79
111,1,2,16,4,64,200,2,1,0,916.3
111,1,2,17,4,64,200,2,1,0,1879
111,1,2,18,3,64,200,1,1,1,411.33
111,1,2,19,12,64,200,2,2,1,419.68
111,1,2,20,3,64,200,1,1,1,535.23
111,1,2,21,10,64,200,2,2,1,417.68
111,1,2,22,1,64,200,1,1,1,523.59
111,1,2,23,2,64,200,1,1,1,955.39
111,1,2,24,6,64,200,2,2,1,424.36
111,1,2,25,1,64,200,1,1,1,648.45
111,1,2,26,13,64,200,2,2,1,442.93
111,1,2,27,5,64,200,2,2,1,681.15
111,1,2,28,1,64,200,1,1,1,543.38
111,1,2,29,10,64,200,2,2,1,658.79
111,1,2,30,12,64,200,2,2,1,528.02
111,1,2,31,2,64,200,1,1,1,515.54
111,1,2,32,1,64,200,1,1,1,574.15
111,1,2,33,10,64,200,2,2,1,330.29
111,1,2,34,13,64,200,2,2,1,344.08
111,1,2,35,4,64,200,1,1,1,885.32
111,1,2,36,7,64,200,2,2,1,639.92
111,1,2,37,6,64,200,2,2,1,423.91
111,1,2,38,11,64,200,2,2,1,514.76
111,1,2,39,4,64,200,1,1,1,1159.7
111,1,2,40,2,64,200,1,1,1,775.77
111,1,2,41,11,64,200,2,2,1,1079
111,1,2,42,3,64,200,1,1,1,676.26
111,1,2,43,5,64,200,2,2,1,416.52
111,1,2,44,1,64,200,1,1,1,965.18
111,1,2,45,8,64,200,2,2,1,1136.1
111,1,2,46,4,64,200,1,1,1,943.23
111,1,2,47,6,64,200,2,2,1,375.31
111,1,2,48,11,64,200,2,2,1,1262.8
111,1,2,49,3,64,200,1,1,1,682.51
111,1,2,50,12,64,200,2,2,1,927.78
111,1,2,51,11,64,200,2,2,1,486.16
111,1,2,52,10,64,200,2,2,1,725.14
111,1,2,53,2,64,200,1,1,1,1643.6
111,1,2,54,5,64,200,2,2,1,527.71
111,1,2,55,5,64,200,2,2,1,467.43
111,1,2,56,13,64,200,2,2,1,1847.6
111,1,2,57,1,64,200,1,1,1,912.09
111,1,2,58,2,64,200,1,1,1,714.74
111,1,2,59,9,64,200,2,2,1,455.85
111,1,2,60,7,64,200,2,2,1,1884.3
111,1,2,61,9,64,200,2,2,1,1481.9
111,1,2,62,7,64,200,1,2,0,1631.4
111,1,2,63,8,64,200,2,2,1,1361.6
111,1,2,64,9,64,200,2,2,1,566.48
111,1,2,65,4,64,200,1,1,1,463.32
111,1,2,66,1,64,200,1,1,1,437.13
111,1,2,67,10,64,200,2,2,1,496.48
111,1,2,68,7,64,200,2,2,1,686.99
111,1,2,69,5,64,200,2,2,1,560.1
111,1,2,70,13,64,200,2,2,1,603.22
111,1,2,71,3,64,200,1,1,1,1069.5
111,1,2,72,11,64,200,2,2,1,361.07
111,1,2,73,6,64,200,2,2,1,416.68
111,1,2,74,3,64,200,1,1,1,1075.1
111,1,2,75,13,64,200,2,2,1,486.41
111,1,2,76,3,64,200,1,1,1,923.31
111,1,2,77,2,64,200,1,1,1,719.73
111,1,2,78,2,64,200,1,1,1,629.63
111,1,2,79,8,64,200,2,2,1,2093.6
111,1,2,80,2,64,200,1,1,1,1015.4
111,1,2,81,4,64,200,1,1,1,1027.1
111,1,2,82,8,64,200,2,2,1,1687.7
111,1,2,83,3,64,200,1,1,1,1923.6
111,1,2,84,1,64,200,2,1,0,652.9
111,1,2,85,4,64,200,1,1,1,901.67
111,1,2,1,3,64,200,1,1,1,698.84
111,1,2,2,5,64,200,2,2,1,468.49
111,1,2,3,11,64,200,2,2,1,644.47
111,1,2,4,8,64,200,2,2,1,732.65
111,1,2,5,2,64,200,1,1,1,1142.4
111,1,2,6,13,64,200,2,2,1,625.05
111,1,2,7,2,64,200,1,1,1,792.92
111,1,2,8,1,64,200,1,1,1,433.69
111,1,2,9,3,64,200,1,1,1,521.8
111,1,2,10,6,64,200,2,2,1,437.64
111,1,2,11,3,64,200,1,1,1,1973.8
111,1,2,12,10,64,200,2,2,1,681.85
111,1,2,13,5,64,200,2,2,1,663.43
111,1,2,14,9,64,200,2,2,1,479.04
111,1,2,15,12,64,200,2,2,1,643.37
111,1,2,16,4,64,200,1,1,1,1471.3
111,1,2,17,9,64,200,2,2,1,420.15
111,1,2,18,13,64,200,2,2,1,864.73
111,1,2,19,4,64,200,1,1,1,1154.6
111,1,2,20,12,64,200,2,2,1,498.35
111,1,2,21,9,64,200,2,2,1,479.84
111,1,2,22,13,64,200,2,2,1,1147.6
111,1,2,23,5,64,200,2,2,1,419.51
111,1,2,24,6,64,200,2,2,1,430.17
111,1,2,25,4,64,200,1,1,1,1598.8
111,1,2,26,8,64,200,2,2,1,1116.9
111,1,2,27,10,64,200,2,2,1,547.15
111,1,2,28,4,64,200,1,1,1,3301.4
111,1,2,29,8,64,200,2,2,1,670.36
111,1,2,30,8,64,200,2,2,1,634.95
111,1,2,31,1,64,200,1,1,1,402.35
111,1,2,32,6,64,200,2,2,1,534.08
111,1,2,33,2,64,200,1,1,1,901.92
111,1,2,34,1,64,200,1,1,1,820.14
111,1,2,35,3,64,200,1,1,1,662.75
111,1,2,36,10,64,200,2,2,1,492.6
111,1,2,37,5,64,200,2,2,1,440.71
111,1,2,38,11,64,200,2,2,1,793.06
111,1,2,39,13,64,200,2,2,1,705.41
111,1,2,40,2,64,200,1,1,1,1901.5
111,1,2,41,2,64,200,1,1,1,620.47
111,1,2,42,3,64,200,1,1,1,553.31
111,1,2,43,8,64,200,2,2,1,586.89
111,1,2,44,10,64,200,2,2,1,512.72
111,1,2,45,7,64,200,2,2,1,627.79
111,1,2,46,5,64,200,2,2,1,438.64
111,1,2,47,2,64,200,1,1,1,1152.8
111,1,2,48,1,64,200,1,1,1,1210.8
111,1,2,49,2,64,200,1,1,1,838.49
111,1,2,50,4,64,200,1,1,1,671.16
111,1,2,51,12,64,200,2,2,1,373.77
111,1,2,52,11,64,200,2,2,1,555.67
111,1,2,53,1,64,200,1,1,1,511.67
111,1,2,54,9,64,200,2,2,1,389.8
111,1,2,55,11,64,200,2,2,1,570.19
111,1,2,56,7,64,200,2,2,1,682.41
111,1,2,57,2,64,200,1,1,1,1025.4
111,1,2,58,4,64,200,1,1,1,2205.9
111,1,2,59,3,64,200,1,1,1,642.53
111,1,2,60,10,64,200,2,2,1,488.63
111,1,2,61,12,64,200,2,2,1,923.72
111,1,2,62,6,64,200,2,2,1,527.08
111,1,2,63,1,64,200,1,1,1,1142
111,1,2,64,1,64,200,1,1,1,892.08
111,1,2,65,3,64,200,1,1,1,1031.1
111,1,2,66,6,64,200,2,2,1,399.35
111,1,2,67,1,64,200,1,1,1,596.54
111,1,2,68,2,64,200,1,1,1,553.95
111,1,2,69,9,64,200,2,2,1,436.37
111,1,2,70,1,64,200,1,1,1,866.48
111,1,2,71,2,64,200,1,1,1,841.72
111,1,2,72,3,64,200,1,1,1,405.5
111,1,2,73,4,64,200,1,1,1,437
111,1,2,74,3,64,200,1,1,1,447.69
111,1,2,75,1,64,200,1,1,1,400.16
111,1,2,76,12,64,200,2,2,1,548.56
111,1,2,77,4,64,200,1,1,1,933.97
111,1,2,78,4,64,200,1,1,1,689.22
111,1,2,79,7,64,200,2,2,1,615.29
111,1,2,80,4,64,200,1,1,1,808.69
111,1,2,81,7,64,200,2,2,1,537.93
111,1,2,82,3,64,200,1,1,1,509.76
111,1,2,83,7,64,200,2,2,1,532.86
111,1,2,84,11,64,200,2,2,1,461.51
111,1,2,85,13,64,200,2,2,1,511.99
111,1,2,1,12,64,200,2,2,1,431.73
111,1,2,2,3,64,200,1,1,1,544.26
111,1,2,3,7,64,200,2,2,1,554.98
111,1,2,4,2,64,200,1,1,1,650.24
111,1,2,5,10,64,200,2,2,1,414.75
111,1,2,6,2,64,200,1,1,1,653
111,1,2,7,2,64,200,1,1,1,994.23
111,1,2,8,1,64,200,1,1,1,624.28
111,1,2,9,3,64,200,1,1,1,661.22
111,1,2,10,6,64,200,2,2,1,490.02
111,1,2,11,13,64,200,2,2,1,704.55
111,1,2,12,6,64,200,2,2,1,410.54
111,1,2,13,4,64,200,1,1,1,744.61
111,1,2,14,12,64,200,2,2,1,501.99
111,1,2,15,2,64,200,1,1,1,737.02
111,1,2,16,1,64,200,1,1,1,743.04
111,1,2,17,11,64,200,2,2,1,407.02
111,1,2,18,3,64,200,1,1,1,503.79
111,1,2,19,9,64,200,2,2,1,353.46
111,1,2,20,1,64,200,1,1,1,574.8
111,1,2,21,4,64,200,1,1,1,1115.8
111,1,2,22,1,64,200,1,1,1,533.73
111,1,2,23,1,64,200,1,1,1,487.98
111,1,2,24,7,64,200,2,2,1,674.28
111,1,2,25,9,64,200,2,2,1,521.38
111,1,2,26,4,64,200,1,1,1,993.59
111,1,2,27,4,64,200,1,1,1,1470
111,1,2,28,2,64,200,1,1,1,532.6
111,1,2,29,5,64,200,2,2,1,437.46
111,1,2,30,6,64,200,2,2,1,428.21
111,1,2,31,6,64,200,2,2,1,386.95
111,1,2,32,9,64,200,2,2,1,376.88
111,1,2,33,4,64,200,1,1,1,607.95
111,1,2,34,8,64,200,2,2,1,669.9
111,1,2,35,1,64,200,1,1,1,827.31
111,1,2,36,12,64,200,2,2,1,769.71
111,1,2,37,4,64,200,1,1,1,1815.3
111,1,2,38,8,64,200,2,2,1,1107.5
111,1,2,39,8,64,200,2,2,1,1058.9
111,1,2,40,8,64,200,2,2,1,1069.5
111,1,2,41,4,64,200,1,1,1,2592.1
111,1,2,42,5,64,200,2,2,1,1214.9
111,1,2,43,3,64,200,1,1,1,1190.7
111,1,2,44,5,64,200,2,2,1,1301.4
111,1,2,45,2,64,200,1,1,1,1309.9
111,1,2,46,3,64,200,1,1,1,489.49
111,1,2,47,7,64,200,2,2,1,820.98
111,1,2,48,3,64,200,1,1,1,800.55
111,1,2,49,8,64,200,2,2,1,673.1
111,1,2,50,7,64,200,2,2,1,720.36
111,1,2,51,10,64,200,2,2,1,750.56
111,1,2,52,13,64,200,2,2,1,594.96
111,1,2,53,4,64,200,1,1,1,823.53
111,1,2,54,13,64,200,2,2,1,463.75
111,1,2,55,5,64,200,2,2,1,453.47
111,1,2,56,13,64,200,2,2,1,1312.1
111,1,2,57,2,64,200,1,1,1,1645.6
111,1,2,58,1,64,200,1,1,1,550.05
111,1,2,59,2,64,200,1,1,1,535.69
111,1,2,60,4,64,200,1,1,1,988.48
111,1,2,61,11,64,200,2,2,1,1169.1
111,1,2,62,11,64,200,2,2,1,681.32
111,1,2,63,10,64,200,2,2,1,529.12
111,1,2,64,2,64,200,2,1,0,1423.8
111,1,2,65,13,64,200,2,2,1,583.03
111,1,2,66,6,64,200,2,2,1,1003.6
111,1,2,67,12,64,200,2,2,1,755.91
111,1,2,68,4,64,200,1,1,1,1002.1
111,1,2,69,11,64,200,2,2,1,697.64
111,1,2,70,1,64,200,1,1,1,622
111,1,2,71,3,64,200,1,1,1,806.97
111,1,2,72,3,64,200,1,1,1,618.9
111,1,2,73,2,64,200,1,1,1,705.27
111,1,2,74,9,64,200,2,2,1,816.39
111,1,2,75,9,64,200,2,2,1,1139
111,1,2,76,7,64,200,2,2,1,2222.8
111,1,2,77,1,64,200,1,1,1,814.8
111,1,2,78,11,64,200,2,2,1,817.29
111,1,2,79,1,64,200,1,1,1,760.49
111,1,2,80,10,64,200,2,2,1,873.69
111,1,2,81,5,64,200,2,2,1,526.88
111,1,2,82,3,64,200,1,1,1,685.54
111,1,2,83,12,64,200,2,2,1,588.41
111,1,2,84,3,64,200,1,1,1,819.78
111,1,2,85,10,64,200,2,2,1,455.13
111,1,2,1,10,64,200,2,2,1,591.5
111,1,2,2,2,64,200,1,1,1,1887.8
111,1,2,3,1,64,200,1,1,1,926.22
111,1,2,4,4,64,200,1,1,1,998.05
111,1,2,5,5,64,200,2,2,1,711.86
111,1,2,6,1,64,200,1,1,1,609.46
111,1,2,7,13,64,200,2,2,1,520.8
111,1,2,8,7,64,200,2,2,1,750.69
111,1,2,9,5,64,200,2,2,1,500.54
111,1,2,10,1,64,200,1,1,1,678.1
111,1,2,11,3,64,200,1,1,1,784.38
111,1,2,12,6,64,200,2,2,1,508.5
111,1,2,13,13,64,200,2,2,1,1474.1
111,1,2,14,5,64,200,2,2,1,506.33
111,1,2,15,3,64,200,1,1,1,655.67
111,1,2,16,3,64,200,1,1,1,697.99
111,1,2,17,2,64,200,1,1,1,982.75
111,1,2,18,4,64,200,1,1,1,561.64
111,1,2,19,3,64,200,1,1,1,389.83
111,1,2,20,12,64,200,2,2,1,529.68
111,1,2,21,6,64,200,2,2,1,641.73
111,1,2,22,1,64,200,1,1,1,651.81
111,1,2,23,7,64,200,2,2,1,514.98
111,1,2,24,4,64,200,1,1,1,649.71
111,1,2,25,2,64,200,1,1,1,921.65
111,1,2,26,2,64,200,1,1,1,530.48
111,1,2,27,8,64,200,2,2,1,661.57
111,1,2,28,2,64,200,1,1,1,691.4
111,1,2,29,12,64,200,2,2,1,809.28
111,1,2,30,10,64,200,2,2,1,471.49
111,1,2,31,1,64,200,1,1,1,744.43
111,1,2,32,10,64,200,2,2,1,699.97
111,1,2,33,6,64,200,2,2,1,561.1
111,1,2,34,3,64,200,1,1,1,562.06
111,1,2,35,3,64,200,1,1,1,423.34
111,1,2,36,3,64,200,1,1,1,513
111,1,2,37,4,64,200,1,1,1,1160.7
111,1,2,38,1,64,200,1,1,1,891.06
111,1,2,39,11,64,200,2,2,1,570.3
111,1,2,40,11,64,200,2,2,1,566.33
111,1,2,41,5,64,200,2,2,1,567.61
111,1,2,42,13,64,200,2,2,1,750.32
111,1,2,43,3,64,200,1,1,1,659.23
111,1,2,44,11,64,200,2,2,1,442.98
111,1,2,45,8,64,200,2,2,1,1073.8
111,1,2,46,8,64,200,2,2,1,1401.1
111,1,2,47,6,64,200,2,2,1,519.99
111,1,2,48,12,64,200,2,2,1,1254.1
111,1,2,49,7,64,200,2,2,1,645.57
111,1,2,50,10,64,200,2,2,1,599.75
111,1,2,51,2,64,200,1,1,1,1762.7
111,1,2,52,7,64,200,2,2,1,850.48
111,1,2,53,2,64,200,1,1,1,847.74
111,1,2,54,9,64,200,2,2,1,424.01
111,1,2,55,1,64,200,1,1,1,621.93
111,1,2,56,11,64,200,2,2,1,375.31
111,1,2,57,4,64,200,1,1,1,803.65
111,1,2,58,9,64,200,2,2,1,415.16
111,1,2,59,2,64,200,1,1,1,826.17
111,1,2,60,13,64,200,2,2,1,422.51
111,1,2,61,8,64,200,1,2,0,1960.4
111,1,2,62,3,64,200,2,1,0,456.26
111,1,2,63,13,64,200,2,2,1,548.55
111,1,2,64,12,64,200,2,2,1,704.66
111,1,2,65,9,64,200,2,2,1,685.46
111,1,2,66,2,64,200,1,1,1,597.15
111,1,2,67,1,64,200,1,1,1,699.38
111,1,2,68,6,64,200,2,2,1,584.43
111,1,2,69,4,64,200,1,1,1,723.21
111,1,2,70,9,64,200,2,2,1,441.93
111,1,2,71,7,64,200,2,2,1,505.33
111,1,2,72,3,64,200,1,1,1,617.09
111,1,2,73,4,64,200,1,1,1,965.54
111,1,2,74,1,64,200,1,1,1,512.08
111,1,2,75,1,64,200,1,1,1,587.58
111,1,2,76,12,64,200,2,2,1,565.66
111,1,2,77,5,64,200,2,2,1,552.32
111,1,2,78,9,64,200,2,2,1,469.21
111,1,2,79,4,64,200,1,1,1,760.75
111,1,2,80,4,64,200,1,1,1,822.95
111,1,2,81,11,64,200,2,2,1,629.57
111,1,2,82,2,64,200,1,1,1,908.15
111,1,2,83,10,64,200,2,2,1,799.45
111,1,2,84,4,64,200,1,1,1,797.08
111,1,2,85,8,64,200,2,2,1,2549.4
111,1,2,1,4,64,200,1,1,1,1481.6
111,1,2,2,4,64,200,1,1,1,2378.4
111,1,2,3,10,64,200,2,2,1,1355.4
111,1,2,4,6,64,200,2,2,1,507.97
111,1,2,5,11,64,200,1,2,0,1640.7
111,1,2,6,3,64,200,1,1,1,671.33
111,1,2,7,1,64,200,1,1,1,686.76
111,1,2,8,12,64,200,2,2,1,648.65
111,1,2,9,5,64,200,2,2,1,518.51
111,1,2,10,3,64,200,1,1,1,588.42
111,1,2,11,9,64,200,2,2,1,508.81
111,1,2,12,3,64,200,1,1,1,804.96
111,1,2,13,3,64,200,1,1,1,1642
111,1,2,14,1,64,200,1,1,1,623.32
111,1,2,15,7,64,200,2,2,1,623.99
111,1,2,16,2,64,200,1,1,1,778.75
111,1,2,17,4,64,200,1,1,1,920.56
111,1,2,18,1,64,200,1,1,1,732.63
111,1,2,19,7,64,200,2,2,1,1017.6
111,1,2,20,1,64,200,1,1,1,1067
111,1,2,21,2,64,200,1,1,1,1777
111,1,2,22,7,64,200,2,2,1,626.08
111,1,2,23,6,64,200,2,2,1,694.53
111,1,2,24,3,64,200,1,1,1,2066.5
111,1,2,25,12,64,200,2,2,1,645.58
111,1,2,26,10,64,200,2,2,1,863.71
111,1,2,27,8,64,200,2,2,1,849.6
111,1,2,28,13,64,200,2,2,1,638.31
111,1,2,29,10,64,200,2,2,1,500.94
111,1,2,30,6,64,200,2,2,1,460.65
111,1,2,31,4,64,200,1,1,1,1111.8
111,1,2,32,3,64,200,1,1,1,856.21
111,1,2,33,8,64,200,1,2,0,1966
111,1,2,34,5,64,200,2,2,1,510.03
111,1,2,35,12,64,200,2,2,1,1036.5
111,1,2,36,2,64,200,1,1,1,721.97
111,1,2,37,8,64,200,2,2,1,686.48
111,1,2,38,4,64,200,1,1,1,1106.8
111,1,2,39,7,64,200,2,2,1,628.51
111,1,2,40,1,64,200,1,1,1,670.16
111,1,2,41,6,64,200,2,2,1,463.09
111,1,2,42,12,64,200,2,2,1,599.31
111,1,2,43,10,64,200,2,2,1,567.78
111,1,2,44,3,64,200,1,1,1,552.4
111,1,2,45,5,64,200,2,2,1,409.99
111,1,2,46,1,64,200,1,1,1,622.26
111,1,2,47,8,64,200,2,2,1,855.7
111,1,2,48,11,64,200,2,2,1,640.9
111,1,2,49,13,64,200,2,2,1,658.55
111,1,2,50,4,64,200,1,1,1,1013.9
111,1,2,51,2,64,200,1,1,1,1481.5
111,1,2,52,2,64,200,1,1,1,598.35
111,1,2,53,3,64,200,1,1,1,1225.1
111,1,2,54,13,64,200,2,2,1,669.54
111,1,2,55,1,64,200,1,1,1,954.73
111,1,2,56,8,64,200,2,2,1,728.39
111,1,2,57,7,64,200,2,2,1,919.31
111,1,2,58,4,64,200,1,1,1,696.47
111,1,2,59,11,64,200,2,2,1,432.38
111,1,2,60,2,64,200,1,1,1,676.94
111,1,2,61,1,64,200,1,1,1,696.18
111,1,2,62,5,64,200,2,2,1,587.72
111,1,2,63,6,64,200,2,2,1,472.75
111,1,2,64,4,64,200,1,1,1,1051.3
111,1,2,65,3,64,200,1,1,1,1016.1
111,1,2,66,3,64,200,1,1,1,1339.1
111,1,2,67,2,64,200,1,1,1,1149.9
111,1,2,68,9,64,200,2,2,1,716.81
111,1,2,69,9,64,200,2,2,1,598.63
111,1,2,70,2,64,200,1,1,1,1388.7
111,1,2,71,10,64,200,2,2,1,462.26
111,1,2,72,5,64,200,2,2,1,464.55
111,1,2,73,9,64,200,2,2,1,614.07
111,1,2,74,1,64,200,1,1,1,699.72
111,1,2,75,2,64,200,1,1,1,1623.6
111,1,2,76,9,64,200,2,2,1,710.37
111,1,2,77,4,64,200,1,1,1,1159.2
111,1,2,78,2,64,200,1,1,1,926.35
111,1,2,79,11,64,200,2,2,1,645.03
111,1,2,80,13,64,200,2,2,1,417.67
111,1,2,81,13,64,200,2,2,1,671.84
111,1,2,82,12,64,200,2,2,1,323.33
111,1,2,83,1,64,200,1,1,1,580.41
111,1,2,84,4,64,200,1,1,1,485.08
111,1,2,85,11,64,200,2,2,1,481.51
