124,1,4,1,2,64,200,1,1,1,682.33
124,1,4,2,2,64,200,1,1,1,364.43
124,1,4,3,9,64,200,2,2,1,478.64
124,1,4,4,5,64,200,2,2,1,537.77
124,1,4,5,3,64,200,2,1,0,1027.1
124,1,4,6,4,64,200,1,1,1,466.56
124,1,4,7,11,64,200,2,2,1,479.39
124,1,4,8,8,64,200,2,2,1,597.9
124,1,4,9,7,64,200,2,2,1,490.53
124,1,4,10,1,64,200,1,1,1,613.61
124,1,4,11,3,64,200,1,1,1,500.7
124,1,4,12,6,64,200,2,2,1,569.32
124,1,4,13,12,64,200,2,2,1,836.84
124,1,4,14,10,64,200,2,2,1,489.84
124,1,4,15,4,64,200,1,1,1,1234.6
124,1,4,16,13,64,200,2,2,1,1467.6
124,1,4,17,1,64,200,1,1,1,1193.3
124,1,4,18,11,64,200,2,2,1,519.63
124,1,4,19,3,64,200,2,1,0,2176
124,1,4,20,2,64,200,1,1,1,417.34
124,1,4,21,7,64,200,2,2,1,513.98
124,1,4,22,9,64,200,2,2,1,536.67
124,1,4,23,1,64,200,1,1,1,661.51
124,1,4,24,11,64,200,2,2,1,452.28
124,1,4,25,2,64,200,1,1,1,461.62
124,1,4,26,11,64,200,2,2,1,386.18
124,1,4,27,1,64,200,1,1,1,626.41
124,1,4,28,7,64,200,2,2,1,596.66
124,1,4,29,10,64,200,2,2,1,492.73
124,1,4,30,9,64,200,2,2,1,773.66
124,1,4,31,6,64,200,2,2,1,2483.1
124,1,4,32,3,64,200,1,1,1,712.81
124,1,4,33,13,64,200,2,2,1,439.85
124,1,4,34,1,64,200,1,1,1,660.67
124,1,4,35,1,64,200,1,1,1,588.03
124,1,4,36,4,64,200,1,1,1,451.56
124,1,4,37,4,64,200,1,1,1,432.24
124,1,4,38,5,64,200,2,2,1,631.31
124,1,4,39,7,64,200,2,2,1,529.91
124,1,4,40,4,64,200,2,1,0,1032.6
124,1,4,41,4,64,200,1,1,1,1021.9
124,1,4,42,13,64,200,2,2,1,483.23
124,1,4,43,13,64,200,2,2,1,1209.8
124,1,4,44,4,64,200,2,1,0,699.7
124,1,4,45,3,64,200,1,1,1,626.14
124,1,4,46,1,64,200,1,1,1,364.36
124,1,4,47,9,64,200,2,2,1,528.09
124,1,4,48,2,64,200,1,1,1,679.22
124,1,4,49,8,64,200,2,2,1,1518.7
124,1,4,50,8,64,200,2,2,1,842.38
124,1,4,51,11,64,200,2,2,1,730.13
124,1,4,52,8,64,200,2,2,1,1388.4
124,1,4,53,2,64,200,1,1,1,722.32
124,1,4,54,3,64,200,1,1,1,823.39
124,1,4,55,9,64,200,2,2,1,543.19
124,1,4,56,3,64,200,1,1,1,1567.7
124,1,4,57,8,64,200,2,2,1,940.51
124,1,4,58,12,64,200,2,2,1,739.51
124,1,4,59,12,64,200,2,2,1,500.81
124,1,4,60,3,64,200,1,1,1,1198.4
124,1,4,61,4,64,200,1,1,1,1895.9
124,1,4,62,5,64,200,2,2,1,2082.8
124,1,4,63,3,64,200,1,1,1,1444.9
124,1,4,64,7,64,200,2,2,1,465.16
124,1,4,65,9,64,200,2,2,1,532.02
124,1,4,66,12,64,200,2,2,1,519.37
124,1,4,67,2,64,200,1,1,1,444.28
124,1,4,68,4,64,200,1,1,1,417.48
124,1,4,69,4,64,200,1,1,1,431.87
124,1,4,70,1,64,200,1,1,1,374.88
124,1,4,71,12,64,200,2,2,1,1370.2
124,1,4,72,5,64,200,2,2,1,680.48
124,1,4,73,5,64,200,2,2,1,632.09
124,1,4,74,2,64,200,1,1,1,711.44
124,1,4,75,4,64,200,1,1,1,372.79
124,1,4,76,3,64,200,1,1,1,430.56
124,1,4,77,2,64,200,1,1,1,1443.2
124,1,4,78,13,64,200,2,2,1,508.36
124,1,4,79,6,64,200,2,2,1,572.61
124,1,4,80,13,64,200,2,2,1,878.83
124,1,4,81,1,64,200,1,1,1,435.32
124,1,4,82,6,64,200,2,2,1,1732.2
124,1,4,83,10,64,200,2,2,1,909.4
124,1,4,84,11,64,200,2,2,1,407.83
124,1,4,85,3,64,200,1,1,1,584.57
124,1,4,86,4,64,200,1,1,1,454.62
124,1,4,87,7,64,200,2,2,1,727.1
124,1,4,88,1,64,200,1,1,1,502.54
124,1,4,89,2,64,200,1,1,1,458.81
124,1,4,90,12,64,200,2,2,1,632.09
124,1,4,91,8,64,200,2,2,1,1265.9
124,1,4,92,10,64,200,2,2,1,611.98
124,1,4,93,1,64,200,1,1,1,2052.9
124,1,4,94,3,64,200,2,1,0,1451.2
124,1,4,95,2,64,200,1,1,1,533.28
124,1,4,96,6,64,200,2,2,1,693.45
124,1,4,97,1,64,200,1,1,1,741.24
124,1,4,98,10,64,200,2,2,1,714.65
124,1,4,99,6,64,200,2,2,1,935.08
124,1,4,100,5,64,200,1,2,0,998.33
124,1,4,101,2,64,200,1,1,1,700.67
124,1,4,102,10,64,200,2,2,1,451.29
124,1,4,1,5,64,200,2,2,1,539.91
124,1,4,2,1,64,200,1,1,1,1036.1
124,1,4,3,10,64,200,2,2,1,1057.7
124,1,4,4,7,64,200,2,2,1,1290.3
124,1,4,5,13,64,200,2,2,1,1018.4
124,1,4,6,11,64,200,2,2,1,572.98
124,1,4,7,8,64,200,2,2,1,1285.5
124,1,4,8,1,64,200,1,1,1,1101.2
124,1,4,9,7,64,200,2,2,1,575.86
124,1,4,10,8,64,200,2,2,1,878.04
124,1,4,11,4,64,200,1,1,1,1081.3
124,1,4,12,2,64,200,1,1,1,868.94
124,1,4,13,6,64,200,2,2,1,553.71
124,1,4,14,2,64,200,1,1,1,2138.7
124,1,4,15,3,64,200,1,1,1,472.73
124,1,4,16,2,64,200,1,1,1,434.28
124,1,4,17,8,64,200,2,2,1,975.13
124,1,4,18,3,64,200,1,1,1,1153.8
124,1,4,19,7,64,200,2,2,1,1460.8
124,1,4,20,12,64,200,2,2,1,566.55
124,1,4,21,7,64,200,2,2,1,948.82
124,1,4,22,1,64,200,1,1,1,950.2
124,1,4,23,4,64,200,1,1,1,812.6
124,1,4,24,10,64,200,2,2,1,923.39
124,1,4,25,11,64,200,2,2,1,889.12
124,1,4,26,5,64,200,2,2,1,1927
124,1,4,27,1,64,200,1,1,1,690.24
124,1,4,28,3,64,200,1,1,1,622.67
124,1,4,29,10,64,200,2,2,1,471.94
124,1,4,30,12,64,200,2,2,1,452.9
124,1,4,31,11,64,200,2,2,1,447.62
124,1,4,32,3,64,200,1,1,1,1580.2
124,1,4,33,13,64,200,2,2,1,1155.2
124,1,4,34,10,64,200,2,2,1,1412.2
124,1,4,35,4,64,200,2,1,0,1194.5
124,1,4,36,4,64,200,1,1,1,697.06
124,1,4,37,3,64,200,1,1,1,625.25
124,1,4,38,9,64,200,2,2,1,661.95
124,1,4,39,11,64,200,2,2,1,705.28
124,1,4,40,9,64,200,2,2,1,555.6
124,1,4,41,2,64,200,1,1,1,896.8
124,1,4,42,2,64,200,1,1,1,486.19
124,1,4,43,3,64,200,1,1,1,494.32
124,1,4,44,13,64,200,2,2,1,465.02
124,1,4,45,9,64,200,2,2,1,1371
124,1,4,46,2,64,200,1,1,1,755.98
124,1,4,47,12,64,200,2,2,1,510.67
124,1,4,48,3,64,200,1,1,1,717.62
124,1,4,49,8,64,200,2,2,1,1238.7
124,1,4,50,6,64,200,2,2,1,537.61
124,1,4,51,3,64,200,1,1,1,700.37
124,1,4,52,8,64,200,2,2,1,1170
124,1,4,53,1,64,200,1,1,1,591.82
124,1,4,54,1,64,200,1,1,1,828.41
124,1,4,55,12,64,200,2,2,1,494.58
124,1,4,56,6,64,200,2,2,1,921.54
124,1,4,57,1,64,200,1,1,1,761.43
124,1,4,58,4,64,200,1,1,1,458.11
124,1,4,59,3,64,200,1,1,1,486.12
124,1,4,60,4,64,200,1,1,1,822.72
124,1,4,61,9,64,200,2,2,1,856.34
124,1,4,62,4,64,200,1,1,1,1380
124,1,4,63,4,64,200,1,1,1,724.7
124,1,4,64,6,64,200,2,2,1,757.28
124,1,4,65,2,64,200,1,1,1,1061.8
124,1,4,66,11,64,200,2,2,1,382.74
124,1,4,67,2,64,200,1,1,1,537.22
124,1,4,68,2,64,200,1,1,1,703.64
124,1,4,69,6,64,200,1,2,0,459.97
124,1,4,70,3,64,200,1,1,1,2085.6
124,1,4,71,5,64,200,2,2,1,453.96
124,1,4,72,13,64,200,2,2,1,566.24
124,1,4,73,2,64,200,1,1,1,547.87
124,1,4,74,12,64,200,2,2,1,598.79
124,1,4,75,9,64,200,2,2,1,656.72
124,1,4,76,4,64,200,1,1,1,592.11
124,1,4,77,1,64,200,NaN,1,9,NaN
124,1,4,78,1,64,200,1,1,1,517.16
124,1,4,79,5,64,200,2,2,1,546.44
124,1,4,80,10,64,200,2,2,1,580.48
124,1,4,81,5,64,200,2,2,1,649.45
124,1,4,82,13,64,200,2,2,1,667.15
124,1,4,83,1,64,200,1,1,1,764.74
124,1,4,84,4,64,200,1,1,1,654.39
124,1,4,85,7,64,200,2,2,1,686.74
124,1,4,1,4,64,200,2,1,0,2035.8
124,1,4,2,7,64,200,2,2,1,1070.8
124,1,4,3,2,64,200,1,1,1,1596.6
124,1,4,4,3,64,200,1,1,1,792.21
124,1,4,5,6,64,200,2,2,1,950.64
124,1,4,6,13,64,200,2,2,1,636.52
124,1,4,7,12,64,200,2,2,1,421.2
124,1,4,8,9,64,200,2,2,1,663.53
124,1,4,9,1,64,200,1,1,1,820.32
124,1,4,10,4,64,200,1,1,1,581.11
124,1,4,11,4,64,200,1,1,1,742.39
124,1,4,12,2,64,200,1,1,1,793.09
124,1,4,13,4,64,200,1,1,1,395.61
124,1,4,14,4,64,200,1,1,1,418.78
124,1,4,15,10,64,200,2,2,1,444.69
124,1,4,16,2,64,200,1,1,1,1014.3
124,1,4,17,8,64,200,2,2,1,2028.8
124,1,4,18,2,64,200,1,1,1,542.5
124,1,4,19,10,64,200,2,2,1,2107
124,1,4,20,8,64,200,2,2,1,1718.3
124,1,4,21,4,64,200,1,1,1,788.02
124,1,4,22,1,64,200,1,1,1,852.17
124,1,4,23,1,64,200,1,1,1,575.91
124,1,4,24,1,64,200,1,1,1,539.4
124,1,4,25,6,64,200,2,2,1,1261.2
124,1,4,26,10,64,200,2,2,1,1228.5
124,1,4,27,12,64,200,2,2,1,468.48
124,1,4,28,11,64,200,2,2,1,655.42
124,1,4,29,7,64,200,1,2,0,869.86
124,1,4,30,3,64,200,1,1,1,1472.8
124,1,4,31,3,64,200,1,1,1,1917.8
124,1,4,32,5,64,200,2,2,1,2495.4
124,1,4,33,5,64,200,2,2,1,1755.2
124,1,4,34,4,64,200,1,1,1,1855.9
124,1,4,35,3,64,200,1,1,1,784.41
124,1,4,36,1,64,200,1,1,1,1627.8
124,1,4,37,8,64,200,1,2,0,3876
124,1,4,38,11,64,200,2,2,1,554.57
124,1,4,39,10,64,200,2,2,1,518.61
124,1,4,40,4,64,200,1,1,1,1730.4
124,1,4,41,2,64,200,1,1,1,620.54
124,1,4,42,12,64,200,2,2,1,586.48
124,1,4,43,1,64,200,1,1,1,641.13
124,1,4,44,13,64,200,2,2,1,748.43
124,1,4,45,9,64,200,2,2,1,1374.4
124,1,4,46,9,64,200,2,2,1,578.83
124,1,4,47,4,64,200,2,1,0,2296
124,1,4,48,1,64,200,1,1,1,954.19
124,1,4,49,3,64,200,1,1,1,336.43
124,1,4,50,5,64,200,2,2,1,1108.5
124,1,4,51,8,64,200,2,2,1,1164.8
124,1,4,52,9,64,200,2,2,1,546.65
124,1,4,53,6,64,200,2,2,1,1137
124,1,4,54,8,64,200,2,2,1,511.99
124,1,4,55,5,64,200,2,2,1,1379.2
124,1,4,56,11,64,200,2,2,1,580.67
124,1,4,57,10,64,200,2,2,1,451.57
124,1,4,58,11,64,200,2,2,1,479.97
124,1,4,59,11,64,200,2,2,1,354.24
124,1,4,60,1,64,200,1,1,1,933.91
124,1,4,61,2,64,200,2,1,0,313.97
124,1,4,62,13,64,200,2,2,1,715.41
124,1,4,63,6,64,200,2,2,1,1326
124,1,4,64,2,64,200,1,1,1,803.76
124,1,4,65,1,64,200,1,1,1,1369.1
124,1,4,66,1,64,200,1,1,1,640.56
124,1,4,67,2,64,200,1,1,1,456.83
124,1,4,68,5,64,200,2,2,1,520.19
124,1,4,69,6,64,200,2,2,1,427.9
124,1,4,70,2,64,200,1,1,1,741.23
124,1,4,71,3,64,200,1,1,1,452.51
124,1,4,72,7,64,200,2,2,1,1130.6
124,1,4,73,3,64,200,1,1,1,1327.5
124,1,4,74,7,64,200,2,2,1,583.76
124,1,4,75,3,64,200,1,1,1,661.1
124,1,4,76,3,64,200,1,1,1,779.46
124,1,4,77,13,64,200,1,2,0,2033.7
124,1,4,78,13,64,200,2,2,1,1584.6
124,1,4,79,12,64,200,2,2,1,522.7
124,1,4,80,7,64,200,2,2,1,996.52
124,1,4,81,4,64,200,2,1,0,1824.8
124,1,4,82,2,64,200,1,1,1,669.11
124,1,4,83,9,64,200,2,2,1,623.01
124,1,4,84,3,64,200,1,1,1,638.23
124,1,4,85,12,64,200,2,2,1,541.19
124,1,4,1,7,64,200,2,2,1,1113.8
124,1,4,2,1,64,200,1,1,1,598.34
124,1,4,3,4,64,200,1,1,1,509.24
124,1,4,4,1,64,200,1,1,1,566.98
124,1,4,5,9,64,200,2,2,1,642.95
124,1,4,6,1,64,200,1,1,1,651.36
124,1,4,7,11,64,200,2,2,1,513.88
124,1,4,8,3,64,200,1,1,1,522.37
124,1,4,9,4,64,200,1,1,1,613.21
124,1,4,10,12,64,200,2,2,1,1206.2
124,1,4,11,3,64,200,1,1,1,1212.3
124,1,4,12,1,64,200,1,1,1,555.55
124,1,4,13,1,64,200,1,1,1,532.98
124,1,4,14,8,64,200,2,2,1,1337.5
124,1,4,15,6,64,200,2,2,1,896.01
124,1,4,16,1,64,200,1,1,1,489.57
124,1,4,17,2,64,200,1,1,1,644.05
124,1,4,18,10,64,200,2,2,1,485.36
124,1,4,19,13,64,200,2,2,1,735.74
124,1,4,20,11,64,200,2,2,1,1052
124,1,4,21,11,64,200,2,2,1,493.85
124,1,4,22,10,64,200,2,2,1,417.78
124,1,4,23,7,64,200,2,2,1,557.96
124,1,4,24,4,64,200,2,1,0,1067
124,1,4,25,2,64,200,1,1,1,599.11
124,1,4,26,6,64,200,2,2,1,607.63
124,1,4,27,8,64,200,2,2,1,617.86
124,1,4,28,9,64,200,2,2,1,471.36
124,1,4,29,4,64,200,1,1,1,1226.7
124,1,4,30,2,64,200,1,1,1,561.17
124,1,4,31,9,64,200,2,2,1,1170.3
124,1,4,32,7,64,200,2,2,1,660.42
124,1,4,33,13,64,200,2,2,1,1995.8
124,1,4,34,9,64,200,2,2,1,2048.7
124,1,4,35,5,64,200,1,2,0,1115
124,1,4,36,3,64,200,1,1,1,2179.7
124,1,4,37,1,64,200,1,1,1,650.58
124,1,4,38,2,64,200,1,1,1,423.97
124,1,4,39,6,64,200,2,2,1,746.16
124,1,4,40,1,64,200,1,1,1,1140.4
124,1,4,41,11,64,200,2,2,1,689.39
124,1,4,42,2,64,200,1,1,1,773.8
124,1,4,43,8,64,200,2,2,1,847.33
124,1,4,44,1,64,200,1,1,1,646.49
124,1,4,45,3,64,200,1,1,1,612.27
124,1,4,46,4,64,200,1,1,1,485.88
124,1,4,47,2,64,200,1,1,1,434.87
124,1,4,48,4,64,200,1,1,1,400.59
124,1,4,49,10,64,200,2,2,1,592.01
124,1,4,50,5,64,200,1,2,0,993.71
124,1,4,51,7,64,200,2,2,1,2144.4
124,1,4,52,2,64,200,1,1,1,1089.9
124,1,4,53,8,64,200,2,2,1,1062.9
124,1,4,54,4,64,200,1,1,1,706.74
124,1,4,55,12,64,200,2,2,1,719.98
124,1,4,56,3,64,200,1,1,1,606.36
124,1,4,57,12,64,200,2,2,1,585.79
124,1,4,58,7,64,200,2,2,1,1161.4
124,1,4,59,9,64,200,2,2,1,1432.5
124,1,4,60,2,64,200,1,1,1,1080.4
124,1,4,61,5,64,200,2,2,1,1927.5
124,1,4,62,4,64,200,1,1,1,736.71
124,1,4,63,3,64,200,1,1,1,553.82
124,1,4,64,3,64,200,1,1,1,1212.9
124,1,4,65,5,64,200,2,2,1,2492.8
124,1,4,66,13,64,200,2,2,1,1032.4
124,1,4,67,11,64,200,2,2,1,565.39
124,1,4,68,3,64,200,1,1,1,625.99
124,1,4,69,10,64,200,2,2,1,743.55
124,1,4,70,3,64,200,1,1,1,785.79
124,1,4,71,8,64,200,1,2,0,2539.8
124,1,4,72,2,64,200,1,1,1,490.94
124,1,4,73,4,64,200,1,1,1,801.53
124,1,4,74,1,64,200,1,1,1,557.37
124,1,4,75,10,64,200,2,2,1,454.83
124,1,4,76,5,64,200,2,2,1,704.13
124,1,4,77,13,64,200,2,2,1,521.11
124,1,4,78,6,64,200,2,2,1,1437.9
124,1,4,79,13,64,200,2,2,1,567.03
124,1,4,80,6,64,200,2,2,1,1765.1
124,1,4,81,2,64,200,1,1,1,626.41
124,1,4,82,12,64,200,2,2,1,962.36
124,1,4,83,4,64,200,1,1,1,665.07
124,1,4,84,3,64,200,1,1,1,615.12
124,1,4,85,12,64,200,2,2,1,859.97
124,1,4,1,13,64,200,2,2,1,391.09
124,1,4,2,3,64,200,1,1,1,826.36
124,1,4,3,12,64,200,2,2,1,825.14
124,1,4,4,3,64,200,1,1,1,848.79
124,1,4,5,9,64,200,2,2,1,629.62
124,1,4,6,4,64,200,1,1,1,916.11
124,1,4,7,7,64,200,2,2,1,1041.7
124,1,4,8,4,64,200,1,1,1,614.63
124,1,4,9,4,64,200,1,1,1,1027.1
124,1,4,10,4,64,200,1,1,1,1040.3
124,1,4,11,10,64,200,2,2,1,488.18
124,1,4,12,1,64,200,1,1,1,662.2
124,1,4,13,2,64,200,1,1,1,592.83
124,1,4,14,3,64,200,1,1,1,497.85
124,1,4,15,2,64,200,1,1,1,437.9
124,1,4,16,7,64,200,2,2,1,744.67
124,1,4,17,2,64,200,1,1,1,588.21
124,1,4,18,9,64,200,2,2,1,660.39
124,1,4,19,8,64,200,2,2,1,474.52
124,1,4,20,11,64,200,2,2,1,641.4
124,1,4,21,9,64,200,2,2,1,604.77
124,1,4,22,11,64,200,2,2,1,497.32
124,1,4,23,11,64,200,2,2,1,517.42
124,1,4,24,8,64,200,2,2,1,725.21
124,1,4,25,12,64,200,2,2,1,477.47
124,1,4,26,2,64,200,1,1,1,697.37
124,1,4,27,1,64,200,1,1,1,490.99
124,1,4,28,9,64,200,2,2,1,634.7
124,1,4,29,11,64,200,2,2,1,493.51
124,1,4,30,4,64,200,1,1,1,1014.3
124,1,4,31,3,64,200,1,1,1,1108.3
124,1,4,32,8,64,200,2,2,1,702
124,1,4,33,3,64,200,1,1,1,764.85
124,1,4,34,1,64,200,1,1,1,729.39
124,1,4,35,2,64,200,1,1,1,806.23
124,1,4,36,3,64,200,1,1,1,860.44
124,1,4,37,12,64,200,2,2,1,864.76
124,1,4,38,7,64,200,2,2,1,2407
124,1,4,39,4,64,200,1,1,1,3279.4
124,1,4,40,2,64,200,1,1,1,552.95
124,1,4,41,1,64,200,1,1,1,619.74
124,1,4,42,13,64,200,2,2,1,557.12
124,1,4,43,8,64,200,2,2,1,725.6
124,1,4,44,2,64,200,1,1,1,624.71
124,1,4,45,10,64,200,2,2,1,421.39
124,1,4,46,1,64,200,1,1,1,815.96
124,1,4,47,5,64,200,2,2,1,984.68
124,1,4,48,12,64,200,2,2,1,552.35
124,1,4,49,2,64,200,1,1,1,466.55
124,1,4,50,4,64,200,1,1,1,464.12
124,1,4,51,8,64,200,2,2,1,748.01
124,1,4,52,4,64,200,1,1,1,637.43
124,1,4,53,5,64,200,1,2,0,454.41
124,1,4,54,3,64,200,1,1,1,789.86
124,1,4,55,7,64,200,2,2,1,610.22
124,1,4,56,1,64,200,1,1,1,599.61
124,1,4,57,1,64,200,1,1,1,420.05
124,1,4,58,3,64,200,1,1,1,650.72
124,1,4,59,10,64,200,2,2,1,490.28
124,1,4,60,1,64,200,1,1,1,450.57
124,1,4,61,2,64,200,1,1,1,471.32
124,1,4,62,4,64,200,1,1,1,320.83
124,1,4,63,5,64,200,2,2,1,846.17
124,1,4,64,1,64,200,1,1,1,642.09
124,1,4,65,10,64,200,2,2,1,604.08
124,1,4,66,13,64,200,2,2,1,904.9
124,1,4,67,13,64,200,2,2,1,425.02
124,1,4,68,1,64,200,1,1,1,708.82
124,1,4,69,9,64,200,2,2,1,609.33
124,1,4,70,6,64,200,2,2,1,781.38
124,1,4,71,11,64,200,2,2,1,980.49
124,1,4,72,2,64,200,1,1,1,1718.5
124,1,4,73,13,64,200,2,2,1,478.78
124,1,4,74,3,64,200,1,1,1,841.07
124,1,4,75,6,64,200,2,2,1,672.37
124,1,4,76,5,64,200,2,2,1,537.19
124,1,4,77,6,64,200,2,2,1,732.52
124,1,4,78,7,64,200,2,2,1,633.35
124,1,4,79,6,64,200,2,2,1,585.16
124,1,4,80,5,64,200,2,2,1,2280.2
124,1,4,81,10,64,200,2,2,1,650.04
124,1,4,82,12,64,200,2,2,1,611.46
124,1,4,83,6,64,200,1,2,0,684.78
124,1,4,84,4,64,200,1,1,1,2286
124,1,4,85,3,64,200,1,1,1,531.8
124,1,4,1,1,64,200,1,1,1,539.6
124,1,4,2,2,64,200,1,1,1,454.47
124,1,4,3,4,64,200,2,1,0,2355.4
124,1,4,4,2,64,200,1,1,1,400.41
124,1,4,5,5,64,200,2,2,1,863.9
124,1,4,6,11,64,200,2,2,1,1523.5
124,1,4,7,5,64,200,2,2,1,1511.2
124,1,4,8,3,64,200,1,1,1,2446.1
124,1,4,9,7,64,200,2,2,1,881.13
124,1,4,10,2,64,200,1,1,1,770.22
124,1,4,11,3,64,200,1,1,1,728.48
124,1,4,12,4,64,200,1,1,1,539.57
124,1,4,13,12,64,200,2,2,1,536.7
124,1,4,14,7,64,200,2,2,1,1076.8
124,1,4,15,4,64,200,1,1,1,567.4
124,1,4,16,6,64,200,2,2,1,739.66
124,1,4,17,11,64,200,2,2,1,459.17
124,1,4,18,6,64,200,2,2,1,518.19
124,1,4,19,4,64,200,1,1,1,658.04
124,1,4,20,9,64,200,2,2,1,642.65
124,1,4,21,13,64,200,2,2,1,781.78
124,1,4,22,10,64,200,2,2,1,630.92
124,1,4,23,4,64,200,1,1,1,664.09
124,1,4,24,4,64,200,1,1,1,615.89
124,1,4,25,3,64,200,1,1,1,484.57
124,1,4,26,1,64,200,1,1,1,512.21
124,1,4,27,3,64,200,1,1,1,470.74
124,1,4,28,13,64,200,2,2,1,605.27
124,1,4,29,6,64,200,1,2,0,1463.7
124,1,4,30,9,64,200,2,2,1,1111.4
124,1,4,31,3,64,200,1,1,1,1420
124,1,4,32,1,64,200,1,1,1,1154.6
124,1,4,33,7,64,200,2,2,1,2075.2
124,1,4,34,6,64,200,2,2,1,1398.6
124,1,4,35,1,64,200,1,1,1,687.54
124,1,4,36,11,64,200,2,2,1,905.77
124,1,4,37,3,64,200,1,1,1,651.66
124,1,4,38,9,64,200,2,2,1,935.44
124,1,4,39,9,64,200,2,2,1,1473.8
124,1,4,40,4,64,200,1,1,1,658.03
124,1,4,41,6,64,200,2,2,1,1659.9
124,1,4,42,10,64,200,2,2,1,876.75
124,1,4,43,4,64,200,1,1,1,604.45
124,1,4,44,1,64,200,1,1,1,578.21
124,1,4,45,11,64,200,2,2,1,628.71
124,1,4,46,12,64,200,2,2,1,560.72
124,1,4,47,7,64,200,2,2,1,1583.4
124,1,4,48,8,64,200,2,2,1,1186.9
124,1,4,49,3,64,200,1,1,1,877.71
124,1,4,50,2,64,200,1,1,1,515.02
124,1,4,51,1,64,200,1,1,1,492.46
124,1,4,52,10,64,200,2,2,1,572.97
124,1,4,53,8,64,200,2,2,1,554.2
124,1,4,54,1,64,200,1,1,1,1645.1
124,1,4,55,2,64,200,1,1,1,837.17
124,1,4,56,8,64,200,2,2,1,857.32
124,1,4,57,5,64,200,2,2,1,1616.9
124,1,4,58,2,64,200,1,1,1,992.22
124,1,4,59,13,64,200,2,2,1,539.55
124,1,4,60,5,64,200,2,2,1,668.76
124,1,4,61,1,64,200,1,1,1,766.49
124,1,4,62,2,64,200,1,1,1,931.87
124,1,4,63,13,64,200,2,2,1,523.69
124,1,4,64,9,64,200,2,2,1,534.13
124,1,4,65,1,64,200,1,1,1,1321.4
124,1,4,66,5,64,200,2,2,1,1441.1
124,1,4,67,8,64,200,2,2,1,944.67
124,1,4,68,4,64,200,1,1,1,708.6
124,1,4,69,7,64,200,2,2,1,917.04
124,1,4,70,2,64,200,1,1,1,1274.4
124,1,4,71,2,64,200,1,1,1,639.65
124,1,4,72,10,64,200,2,2,1,569.24
124,1,4,73,13,64,200,2,2,1,797.48
124,1,4,74,3,64,200,1,1,1,1088.1
124,1,4,75,3,64,200,1,1,1,659.37
124,1,4,76,12,64,200,2,2,1,593.34
124,1,4,77,12,64,200,2,2,1,613.69
124,1,4,78,1,64,200,1,1,1,886.21
124,1,4,79,3,64,200,1,1,1,740.77
124,1,4,80,2,64,200,1,1,1,578.74
124,1,4,81,11,64,200,2,2,1,543.53
124,1,4,82,4,64,200,1,1,1,513.15
124,1,4,83,12,64,200,2,2,1,1050.5
124,1,4,84,10,64,200,2,2,1,1007.9
124,1,4,85,8,64,200,2,2,1,1202.6
124,1,4,1,8,64,200,2,2,1,644.03
124,1,4,2,3,64,200,1,1,1,800.28
124,1,4,3,3,64,200,1,1,1,470.78
124,1,4,4,2,64,200,1,1,1,384.84
124,1,4,5,9,64,200,2,2,1,568.6
124,1,4,6,13,64,200,2,2,1,462.81
124,1,4,7,3,64,200,1,1,1,572.71
124,1,4,8,8,64,200,1,2,0,2129.5
124,1,4,9,4,64,200,1,1,1,550.79
124,1,4,10,5,64,200,2,2,1,2137.5
124,1,4,11,2,64,200,1,1,1,835.24
124,1,4,12,12,64,200,2,2,1,511.9
124,1,4,13,7,64,200,2,2,1,1217.1
124,1,4,14,13,64,200,2,2,1,654.58
124,1,4,15,9,64,200,2,2,1,670.14
124,1,4,16,10,64,200,2,2,1,522.88
124,1,4,17,1,64,200,1,1,1,718.25
124,1,4,18,8,64,200,1,2,0,1009.5
124,1,4,19,1,64,200,1,1,1,1155.2
124,1,4,20,10,64,200,2,2,1,1286.1
124,1,4,21,2,64,200,1,1,1,743.29
124,1,4,22,1,64,200,1,1,1,775.99
124,1,4,23,1,64,200,1,1,1,480.12
124,1,4,24,1,64,200,1,1,1,511.45
124,1,4,25,8,64,200,2,2,1,927.54
124,1,4,26,2,64,200,1,1,1,519.89
124,1,4,27,5,64,200,2,2,1,1008.8
124,1,4,28,1,64,200,1,1,1,491.77
124,1,4,29,6,64,200,2,2,1,746.57
124,1,4,30,4,64,200,1,1,1,487.91
124,1,4,31,12,64,200,2,2,1,583.31
124,1,4,32,1,64,200,1,1,1,987.44
124,1,4,33,13,64,200,2,2,1,591.91
124,1,4,34,9,64,200,2,2,1,1487.7
124,1,4,35,10,64,200,2,2,1,1605.7
124,1,4,36,1,64,200,1,1,1,786.65
124,1,4,37,4,64,200,1,1,1,1161.6
124,1,4,38,7,64,200,2,2,1,706.88
124,1,4,39,11,64,200,2,2,1,770.08
124,1,4,40,4,64,200,1,1,1,690.28
124,1,4,41,3,64,200,1,1,1,1465.1
124,1,4,42,4,64,200,1,1,1,822.87
124,1,4,43,8,64,200,2,2,1,825.13
124,1,4,44,4,64,200,1,1,1,542.52
124,1,4,45,4,64,200,1,1,1,402.46
124,1,4,46,1,64,200,1,1,1,407.79
124,1,4,47,9,64,200,2,2,1,557.25
124,1,4,48,3,64,200,1,1,1,710.41
124,1,4,49,2,64,200,1,1,1,611.9
124,1,4,50,4,64,200,1,1,1,502.13
124,1,4,51,4,64,200,1,1,1,418.7
124,1,4,52,5,64,200,2,2,1,749.28
124,1,4,53,7,64,200,2,2,1,1229.9
124,1,4,54,11,64,200,2,2,1,585.36
124,1,4,55,3,64,200,1,1,1,1142.4
124,1,4,56,3,64,200,1,1,1,636.69
124,1,4,57,3,64,200,1,1,1,549.71
124,1,4,58,2,64,200,1,1,1,405.5
124,1,4,59,3,64,200,1,1,1,2123.8
124,1,4,60,9,64,200,2,2,1,558.1
124,1,4,61,12,64,200,2,2,1,563.16
124,1,4,62,6,64,200,2,2,1,2790.5
124,1,4,63,2,64,200,1,1,1,597.69
124,1,4,64,7,64,200,2,2,1,853.07
124,1,4,65,2,64,200,1,1,1,648.82
124,1,4,66,13,64,200,2,2,1,431.64
124,1,4,67,12,64,200,2,2,1,495.34
124,1,4,68,6,64,200,2,2,1,922.92
124,1,4,69,12,64,200,2,2,1,738.58
124,1,4,70,13,64,200,2,2,1,528.92
124,1,4,71,2,64,200,1,1,1,2036.2
124,1,4,72,10,64,200,2,2,1,1022.9
124,1,4,73,5,64,200,1,2,0,2655.8
124,1,4,74,2,64,200,1,1,1,683.62
124,1,4,75,3,64,200,1,1,1,904.56
124,1,4,76,7,64,200,2,2,1,839.15
124,1,4,77,11,64,200,2,2,1,956.84
124,1,4,78,4,64,200,2,1,0,1965
124,1,4,79,1,64,200,1,1,1,476.31
124,1,4,80,6,64,200,2,2,1,649.99
124,1,4,81,11,64,200,1,2,0,331.35
124,1,4,82,6,64,200,2,2,1,720.85
124,1,4,83,11,64,200,2,2,1,1336.9
124,1,4,84,5,64,200,2,2,1,1807.2
124,1,4,85,10,64,200,2,2,1,1140.8
124,1,4,1,7,64,200,2,2,1,850.17
124,1,4,2,10,64,200,2,2,1,618.44
124,1,4,3,4,64,200,1,1,1,716.31
124,1,4,4,2,64,200,1,1,1,803.71
124,1,4,5,3,64,200,1,1,1,423.88
124,1,4,6,1,64,200,1,1,1,377.84
124,1,4,7,4,64,200,1,1,1,537.05
124,1,4,8,11,64,200,2,2,1,549.43
124,1,4,9,3,64,200,1,1,1,826.89
124,1,4,10,3,64,200,1,1,1,797.96
124,1,4,11,4,64,200,1,1,1,588.43
124,1,4,12,9,64,200,2,2,1,748.56
124,1,4,13,9,64,200,2,2,1,938.97
124,1,4,14,1,64,200,1,1,1,556.93
124,1,4,15,5,64,200,2,2,1,687.33
124,1,4,16,12,64,200,2,2,1,766.18
124,1,4,17,6,64,200,2,2,1,1005.2
124,1,4,18,9,64,200,2,2,1,558.37
124,1,4,19,13,64,200,2,2,1,1204.3
124,1,4,20,13,64,200,2,2,1,539.86
124,1,4,21,3,64,200,1,1,1,568.96
124,1,4,22,12,64,200,2,2,1,548.34
124,1,4,23,1,64,200,1,1,1,806.86
124,1,4,24,11,64,200,2,2,1,822.37
124,1,4,25,7,64,200,2,2,1,1253.7
124,1,4,26,9,64,200,2,2,1,988.5
124,1,4,27,4,64,200,1,1,1,619.44
124,1,4,28,8,64,200,2,2,1,1457.7
124,1,4,29,6,64,200,2,2,1,1640
124,1,4,30,7,64,200,2,2,1,1020.3
124,1,4,31,3,64,200,1,1,1,694.13
124,1,4,32,12,64,200,2,2,1,565.8
124,1,4,33,13,64,200,2,2,1,355.78
124,1,4,34,13,64,200,2,2,1,414.63
124,1,4,35,8,64,200,1,2,0,658.23
124,1,4,36,8,64,200,2,2,1,971.8
124,1,4,37,6,64,200,2,2,1,1009.7
124,1,4,38,6,64,200,2,2,1,591.52
124,1,4,39,7,64,200,2,2,1,1257.9
124,1,4,40,3,64,200,1,1,1,1313.5
124,1,4,41,1,64,200,2,1,0,483.65
124,1,4,42,3,64,200,1,1,1,630.81
124,1,4,43,13,64,200,2,2,1,607.88
124,1,4,44,9,64,200,2,2,1,771.94
124,1,4,45,10,64,200,2,2,1,1098.6
124,1,4,46,1,64,200,1,1,1,696.16
124,1,4,47,2,64,200,1,1,1,917.37
124,1,4,48,5,64,200,1,2,0,1474.7
124,1,4,49,2,64,200,1,1,1,531.45
124,1,4,50,1,64,200,1,1,1,600.86
124,1,4,51,5,64,200,2,2,1,596.49
124,1,4,52,11,64,200,2,2,1,585.18
124,1,4,53,3,64,200,1,1,1,1259
124,1,4,54,2,64,200,1,1,1,618.42
124,1,4,55,1,64,200,1,1,1,639.7
124,1,4,56,5,64,200,2,2,1,651.84
124,1,4,57,1,64,200,1,1,1,556.17
124,1,4,58,2,64,200,1,1,1,1094.8
124,1,4,59,6,64,200,2,2,1,1034.4
124,1,4,60,8,64,200,2,2,1,695.96
124,1,4,61,5,64,200,2,2,1,719.4
124,1,4,62,7,64,200,2,2,1,494.07
124,1,4,63,4,64,200,1,1,1,1898.3
124,1,4,64,12,64,200,2,2,1,689.18
124,1,4,65,10,64,200,2,2,1,731.91
124,1,4,66,2,64,200,1,1,1,1008.4
124,1,4,67,2,64,200,1,1,1,895.29
124,1,4,68,2,64,200,1,1,1,655.08
124,1,4,69,11,64,200,2,2,1,723.17
124,1,4,70,3,64,200,1,1,1,705.81
124,1,4,71,10,64,200,2,2,1,547.62
124,1,4,72,1,64,200,1,1,1,660.17
124,1,4,73,10,64,200,2,2,1,877.31
124,1,4,74,4,64,200,1,1,1,1046.1
124,1,4,75,12,64,200,2,2,1,452.16
124,1,4,76,4,64,200,1,1,1,539.39
124,1,4,77,2,64,200,1,1,1,684.28
124,1,4,78,3,64,200,1,1,1,714.65
124,1,4,79,1,64,200,1,1,1,449.32
124,1,4,80,4,64,200,1,1,1,425.75
124,1,4,81,4,64,200,1,1,1,829.02
124,1,4,82,4,64,200,1,1,1,1033.3
124,1,4,83,11,64,200,2,2,1,549.72
124,1,4,84,8,64,200,2,2,1,851.01
124,1,4,85,2,64,200,1,1,1,601.63
124,1,4,1,9,64,200,2,2,1,598.92
124,1,4,2,3,64,200,1,1,1,1504.9
124,1,4,3,3,64,200,1,1,1,604.36
124,1,4,4,12,64,200,2,2,1,590.5
124,1,4,5,3,64,200,1,1,1,497.73
124,1,4,6,13,64,200,2,2,1,407.1
124,1,4,7,1,64,200,1,1,1,1334.8
124,1,4,8,11,64,200,2,2,1,452.18
124,1,4,9,9,64,200,2,2,1,597.68
124,1,4,10,7,64,200,2,2,1,607.51
124,1,4,11,2,64,200,1,1,1,576.24
124,1,4,12,11,64,200,2,2,1,1811.1
124,1,4,13,7,64,200,1,2,0,1586.2
124,1,4,14,2,64,200,2,1,0,415.71
124,1,4,15,6,64,200,2,2,1,749.8
124,1,4,16,2,64,200,1,1,1,891.52
124,1,4,17,6,64,200,2,2,1,1141.5
124,1,4,18,4,64,200,1,1,1,769.66
124,1,4,19,11,64,200,2,2,1,592.43
124,1,4,20,3,64,200,1,1,1,815.84
124,1,4,21,3,64,200,1,1,1,713.04
124,1,4,22,11,64,200,2,2,1,451.85
124,1,4,23,2,64,200,1,1,1,610.59
124,1,4,24,3,64,200,1,1,1,910.29
124,1,4,25,4,64,200,1,1,1,645.61
124,1,4,26,2,64,200,1,1,1,474.34
124,1,4,27,4,64,200,1,1,1,1087.7
124,1,4,28,13,64,200,2,2,1,875.14
124,1,4,29,6,64,200,2,2,1,1279.1
124,1,4,30,5,64,200,2,2,1,1570.4
124,1,4,31,2,64,200,1,1,1,1068.2
124,1,4,32,7,64,200,2,2,1,782.68
124,1,4,33,1,64,200,1,1,1,587.81
124,1,4,34,1,64,200,1,1,1,479.08
124,1,4,35,6,64,200,2,2,1,888.38
124,1,4,36,1,64,200,1,1,1,446.6
124,1,4,37,13,64,200,2,2,1,594.73
124,1,4,38,8,64,200,2,2,1,1993.8
124,1,4,39,4,64,200,1,1,1,3354.6
124,1,4,40,5,64,200,1,2,0,4391.3
124,1,4,41,4,64,200,1,1,1,557.26
124,1,4,42,7,64,200,2,2,1,653.3
124,1,4,43,10,64,200,2,2,1,474.15
124,1,4,44,4,64,200,1,1,1,1734.2
124,1,4,45,3,64,200,1,1,1,553.15
124,1,4,46,3,64,200,1,1,1,674.89
124,1,4,47,1,64,200,1,1,1,433.6
124,1,4,48,2,64,200,1,1,1,403.05
124,1,4,49,4,64,200,1,1,1,374.22
124,1,4,50,5,64,200,2,2,1,1039.9
124,1,4,51,13,64,200,2,2,1,1240.5
124,1,4,52,3,64,200,1,1,1,533.15
124,1,4,53,8,64,200,2,2,1,573.94
124,1,4,54,3,64,200,1,1,1,732.14
124,1,4,55,10,64,200,2,2,1,706.19
124,1,4,56,1,64,200,1,1,1,608.78
124,1,4,57,2,64,200,1,1,1,590.69
124,1,4,58,1,64,200,1,1,1,465.06
124,1,4,59,13,64,200,2,2,1,960.88
124,1,4,60,4,64,200,1,1,1,629.18
124,1,4,61,9,64,200,2,2,1,629.56
124,1,4,62,1,64,200,1,1,1,483.32
124,1,4,63,1,64,200,1,1,1,708.26
124,1,4,64,10,64,200,2,2,1,662.48
124,1,4,65,11,64,200,2,2,1,773.63
124,1,4,66,5,64,200,2,2,1,1298.9
124,1,4,67,4,64,200,1,1,1,819.42
124,1,4,68,2,64,200,1,1,1,984.17
124,1,4,69,5,64,200,2,2,1,617.69
124,1,4,70,10,64,200,2,2,1,1429.4
124,1,4,71,7,64,200,2,2,1,1127.7
124,1,4,72,9,64,200,2,2,1,587.75
124,1,4,73,8,64,200,2,2,1,748.7
124,1,4,74,2,64,200,1,1,1,689.32
124,1,4,75,4,64,200,2,1,0,775.83
124,1,4,76,12,64,200,2,2,1,600.53
124,1,4,77,12,64,200,2,2,1,447.33
124,1,4,78,9,64,200,2,2,1,771.48
124,1,4,79,12,64,200,2,2,1,513.38
124,1,4,80,8,64,200,2,2,1,640.76
124,1,4,81,1,64,200,1,1,1,606.57
124,1,4,82,12,64,200,2,2,1,438.45
124,1,4,83,6,64,200,2,2,1,1820.2
124,1,4,84,10,64,200,2,2,1,509.54
124,1,4,85,8,64,200,2,2,1,749.33
124,1,4,1,6,64,200,2,2,1,782.47
124,1,4,2,7,64,200,2,2,1,538.5
124,1,4,3,3,64,200,1,1,1,1022.6
124,1,4,4,9,64,200,2,2,1,658.11
124,1,4,5,9,64,200,2,2,1,787.55
124,1,4,6,1,64,200,1,1,1,614.42
124,1,4,7,4,64,200,1,1,1,977.88
124,1,4,8,1,64,200,1,1,1,510.21
124,1,4,9,5,64,200,2,2,1,2268.8
124,1,4,10,1,64,200,1,1,1,835.85
124,1,4,11,11,64,200,2,2,1,511.05
124,1,4,12,9,64,200,2,2,1,748.31
124,1,4,13,2,64,200,1,1,1,644.5
124,1,4,14,10,64,200,2,2,1,725.88
124,1,4,15,12,64,200,2,2,1,937.71
124,1,4,16,4,64,200,1,1,1,1187.9
124,1,4,17,4,64,200,1,1,1,2167.6
124,1,4,18,2,64,200,1,1,1,1114.8
124,1,4,19,13,64,200,2,2,1,589.88
124,1,4,20,3,64,200,1,1,1,887.72
124,1,4,21,5,64,200,1,2,0,1923.1
124,1,4,22,2,64,200,1,1,1,619.74
124,1,4,23,6,64,200,2,2,1,708.46
124,1,4,24,13,64,200,2,2,1,663.71
124,1,4,25,4,64,200,1,1,1,660.56
124,1,4,26,2,64,200,1,1,1,720.68
124,1,4,27,1,64,200,1,1,1,651.74
124,1,4,28,8,64,200,2,2,1,482.27
124,1,4,29,7,64,200,2,2,1,709.72
124,1,4,30,4,64,200,1,1,1,565.2
124,1,4,31,9,64,200,2,2,1,815.25
124,1,4,32,7,64,200,2,2,1,1043.7
124,1,4,33,1,64,200,1,1,1,646.31
124,1,4,34,2,64,200,1,1,1,594.61
124,1,4,35,5,64,200,2,2,1,619.08
124,1,4,36,6,64,200,2,2,1,465.05
124,1,4,37,1,64,200,1,1,1,536.87
124,1,4,38,3,64,200,1,1,1,546.56
124,1,4,39,13,64,200,2,2,1,459.76
124,1,4,40,7,64,200,2,2,1,580.37
124,1,4,41,10,64,200,2,2,1,545.94
124,1,4,42,3,64,200,1,1,1,709.06
124,1,4,43,13,64,200,2,2,1,531.48
124,1,4,44,8,64,200,2,2,1,656.77
124,1,4,45,12,64,200,2,2,1,626.61
124,1,4,46,2,64,200,1,1,1,628.2
124,1,4,47,3,64,200,1,1,1,592.38
124,1,4,48,8,64,200,2,2,1,723.82
124,1,4,49,3,64,200,1,1,1,763.87
124,1,4,50,1,64,200,1,1,1,473.51
124,1,4,51,11,64,200,2,2,1,393.2
124,1,4,52,4,64,200,1,1,1,678.75
124,1,4,53,4,64,200,1,1,1,795.73
124,1,4,54,10,64,200,2,2,1,1103.1
124,1,4,55,11,64,200,2,2,1,1147.9
124,1,4,56,3,64,200,1,1,1,554.65
124,1,4,57,10,64,200,2,2,1,644.56
124,1,4,58,5,64,200,2,2,1,1420.2
124,1,4,59,4,64,200,1,1,1,999.51
124,1,4,60,3,64,200,1,1,1,458.87
124,1,4,61,12,64,200,2,2,1,839.28
124,1,4,62,6,64,200,2,2,1,900.26
124,1,4,63,8,64,200,2,2,1,984.59
124,1,4,64,2,64,200,1,1,1,710.35
124,1,4,65,5,64,200,2,2,1,639.06
124,1,4,66,12,64,200,2,2,1,893.72
124,1,4,67,8,64,200,2,2,1,534.25
124,1,4,68,4,64,200,1,1,1,1215.1
124,1,4,69,2,64,200,1,1,1,543.5
124,1,4,70,1,64,200,1,1,1,470.2
124,1,4,71,3,64,200,1,1,1,383.52
124,1,4,72,3,64,200,1,1,1,309.88
124,1,4,73,10,64,200,2,2,1,414.93
124,1,4,74,11,64,200,2,2,1,615.76
124,1,4,75,1,64,200,1,1,1,604.88
124,1,4,76,11,64,200,2,2,1,625.64
124,1,4,77,7,64,200,2,2,1,1024.4
124,1,4,78,2,64,200,1,1,1,453
124,1,4,79,6,64,200,2,2,1,759.78
124,1,4,80,1,64,200,1,1,1,460.65
124,1,4,81,4,64,200,1,1,1,445.38
124,1,4,82,12,64,200,2,2,1,557.65
124,1,4,83,13,64,200,2,2,1,1495.6
124,1,4,84,2,64,200,1,1,1,446.3
124,1,4,85,9,64,200,2,2,1,621.46
