172,1,4,1,11,64,200,2,2,1,1143.8
172,1,4,2,1,64,200,1,1,1,517.74
172,1,4,3,6,64,200,2,2,1,739.41
172,1,4,4,4,64,200,1,1,1,539.28
172,1,4,5,3,64,200,1,1,1,671.81
172,1,4,6,12,64,200,2,2,1,1681.8
172,1,4,7,8,64,200,2,2,1,570.83
172,1,4,8,2,64,200,1,1,1,411.19
172,1,4,9,10,64,200,2,2,1,416.16
172,1,4,10,2,64,200,1,1,1,846.56
172,1,4,11,1,64,200,1,1,1,504.17
172,1,4,12,5,64,200,2,2,1,875.34
172,1,4,13,4,64,200,1,1,1,632.23
172,1,4,14,7,64,200,2,2,1,569.03
172,1,4,15,3,64,200,1,1,1,551.82
172,1,4,16,13,64,200,2,2,1,672.21
172,1,4,17,9,64,200,2,2,1,426.62
172,1,4,18,1,64,200,1,1,1,1214
172,1,4,19,2,64,200,1,1,1,407.42
172,1,4,20,12,64,200,2,2,1,365.41
172,1,4,21,4,64,200,1,1,1,493.54
172,1,4,22,8,64,200,2,2,1,581.46
172,1,4,23,2,64,200,1,1,1,537.62
172,1,4,24,7,64,200,2,2,1,567.8
172,1,4,25,9,64,200,2,2,1,485.01
172,1,4,26,11,64,200,2,2,1,389.76
172,1,4,27,7,64,200,2,2,1,418.11
172,1,4,28,9,64,200,2,2,1,411.05
172,1,4,29,2,64,200,1,1,1,529.76
172,1,4,30,4,64,200,1,1,1,620.21
172,1,4,31,13,64,200,2,2,1,411.62
172,1,4,32,8,64,200,2,2,1,455.19
172,1,4,33,9,64,200,2,2,1,557.5
172,1,4,34,1,64,200,1,1,1,489.37
172,1,4,35,6,64,200,2,2,1,450.15
172,1,4,36,11,64,200,2,2,1,360.86
172,1,4,37,7,64,200,2,2,1,513.82
172,1,4,38,8,64,200,2,2,1,389.83
172,1,4,39,3,64,200,1,1,1,520.61
172,1,4,40,3,64,200,1,1,1,407.79
172,1,4,41,9,64,200,2,2,1,512.76
172,1,4,42,4,64,200,1,1,1,499.38
172,1,4,43,12,64,200,2,2,1,393.49
172,1,4,44,12,64,200,2,2,1,391.07
172,1,4,45,10,64,200,2,2,1,476.19
172,1,4,46,5,64,200,2,2,1,570.07
172,1,4,47,1,64,200,1,1,1,528.12
172,1,4,48,1,64,200,1,1,1,536.97
172,1,4,49,3,64,200,1,1,1,524.28
172,1,4,50,13,64,200,2,2,1,352
172,1,4,51,13,64,200,2,2,1,393.06
172,1,4,52,3,64,200,1,1,1,463.5
172,1,4,53,10,64,200,2,2,1,377.19
172,1,4,54,8,64,200,2,2,1,371.39
172,1,4,55,4,64,200,1,1,1,500.61
172,1,4,56,13,64,200,2,2,1,365.79
172,1,4,57,5,64,200,2,2,1,581.27
172,1,4,58,2,64,200,1,1,1,522.32
172,1,4,59,7,64,200,2,2,1,568.8
172,1,4,60,6,64,200,2,2,1,409.95
172,1,4,61,1,64,200,2,1,0,395.86
172,1,4,62,1,64,200,1,1,1,438.83
172,1,4,63,6,64,200,2,2,1,611.25
172,1,4,64,1,64,200,1,1,1,463.31
172,1,4,65,1,64,200,1,1,1,744.26
172,1,4,66,2,64,200,1,1,1,454.07
172,1,4,67,10,64,200,2,2,1,381.91
172,1,4,68,2,64,200,1,1,1,417.72
172,1,4,69,10,64,200,2,2,1,388.6
172,1,4,70,4,64,200,1,1,1,435.22
172,1,4,71,3,64,200,1,1,1,509.22
172,1,4,72,11,64,200,2,2,1,674.72
172,1,4,73,11,64,200,2,2,1,454.5
172,1,4,74,2,64,200,1,1,1,457.9
172,1,4,75,5,64,200,2,2,1,400.38
172,1,4,76,1,64,200,1,1,1,457.74
172,1,4,77,2,64,200,1,1,1,475.22
172,1,4,78,12,64,200,2,2,1,471.88
172,1,4,79,3,64,200,1,1,1,506.15
172,1,4,80,4,64,200,1,1,1,529.09
172,1,4,81,4,64,200,1,1,1,453.44
172,1,4,82,2,64,200,1,1,1,455.5
172,1,4,83,1,64,200,1,1,1,467.97
172,1,4,84,3,64,200,1,1,1,700.45
172,1,4,85,11,64,200,2,2,1,463.68
172,1,4,86,6,64,200,2,2,1,485.76
172,1,4,87,4,64,200,2,1,0,1022.6
172,1,4,88,3,64,200,1,1,1,495.41
172,1,4,89,8,64,200,2,2,1,561
172,1,4,90,9,64,200,2,2,1,423.2
172,1,4,91,3,64,200,1,1,1,433.73
172,1,4,92,5,64,200,2,2,1,499.8
172,1,4,93,7,64,200,2,2,1,451.75
172,1,4,94,3,64,200,1,1,1,462.27
172,1,4,95,13,64,200,2,2,1,436.92
172,1,4,96,6,64,200,2,2,1,434.54
172,1,4,97,10,64,200,2,2,1,350.56
172,1,4,98,2,64,200,1,1,1,707.2
172,1,4,99,4,64,200,1,1,1,556.98
172,1,4,100,12,64,200,2,2,1,462.68
172,1,4,101,4,64,200,1,1,1,1011.7
172,1,4,102,5,64,200,2,2,1,582.94
172,1,4,1,2,64,200,1,1,1,539.38
172,1,4,2,12,64,200,2,2,1,435.03
172,1,4,3,2,64,200,1,1,1,501.52
172,1,4,4,3,64,200,1,1,1,545.94
172,1,4,5,3,64,200,1,1,1,420.53
172,1,4,6,9,64,200,2,2,1,372.24
172,1,4,7,4,64,200,1,1,1,697.94
172,1,4,8,13,64,200,2,2,1,434.46
172,1,4,9,3,64,200,1,1,1,454.48
172,1,4,10,1,64,200,1,1,1,441.55
172,1,4,11,13,64,200,2,2,1,418.2
172,1,4,12,11,64,200,2,2,1,496.16
172,1,4,13,5,64,200,2,2,1,555.37
172,1,4,14,13,64,200,2,2,1,441.16
172,1,4,15,1,64,200,1,1,1,664.85
172,1,4,16,13,64,200,2,2,1,409.84
172,1,4,17,8,64,200,2,2,1,363.54
172,1,4,18,4,64,200,1,1,1,493.77
172,1,4,19,7,64,200,2,2,1,476.25
172,1,4,20,2,64,200,1,1,1,829.83
172,1,4,21,4,64,200,1,1,1,455.15
172,1,4,22,1,64,200,1,1,1,478.09
172,1,4,23,7,64,200,2,2,1,510.88
172,1,4,24,10,64,200,2,2,1,640.38
172,1,4,25,1,64,200,1,1,1,565.94
172,1,4,26,5,64,200,2,2,1,452.59
172,1,4,27,4,64,200,1,1,1,508.29
172,1,4,28,12,64,200,2,2,1,315.62
172,1,4,29,6,64,200,2,2,1,461.41
172,1,4,30,2,64,200,1,1,1,425.65
172,1,4,31,4,64,200,1,1,1,701.49
172,1,4,32,2,64,200,1,1,1,441.17
172,1,4,33,3,64,200,1,1,1,414.84
172,1,4,34,4,64,200,1,1,1,428.95
172,1,4,35,3,64,200,1,1,1,484.69
172,1,4,36,8,64,200,2,2,1,416.99
172,1,4,37,8,64,200,2,2,1,432.4
172,1,4,38,3,64,200,1,1,1,571.4
172,1,4,39,5,64,200,2,2,1,384.98
172,1,4,40,2,64,200,1,1,1,499.75
172,1,4,41,7,64,200,2,2,1,442.84
172,1,4,42,3,64,200,1,1,1,456.57
172,1,4,43,6,64,200,2,2,1,588.33
172,1,4,44,12,64,200,2,2,1,444.46
172,1,4,45,11,64,200,2,2,1,657.47
172,1,4,46,3,64,200,1,1,1,466.73
172,1,4,47,1,64,200,1,1,1,472.54
172,1,4,48,11,64,200,2,2,1,385.89
172,1,4,49,6,64,200,2,2,1,429
172,1,4,50,10,64,200,2,2,1,444.21
172,1,4,51,9,64,200,2,2,1,413.03
172,1,4,52,9,64,200,2,2,1,334.61
172,1,4,53,2,64,200,1,1,1,576.65
172,1,4,54,3,64,200,1,1,1,529.22
172,1,4,55,1,64,200,1,1,1,474.39
172,1,4,56,1,64,200,1,1,1,453.83
172,1,4,57,8,64,200,2,2,1,447.09
172,1,4,58,7,64,200,2,2,1,644.64
172,1,4,59,4,64,200,1,1,1,666.35
172,1,4,60,1,64,200,1,1,1,466.46
172,1,4,61,5,64,200,2,2,1,518.33
172,1,4,62,6,64,200,2,2,1,429.03
172,1,4,63,10,64,200,2,2,1,498.49
172,1,4,64,4,64,200,1,1,1,601.88
172,1,4,65,3,64,200,1,1,1,472.03
172,1,4,66,2,64,200,1,1,1,411.02
172,1,4,67,4,64,200,1,1,1,479.52
172,1,4,68,1,64,200,1,1,1,445.09
172,1,4,69,2,64,200,1,1,1,437.38
172,1,4,70,11,64,200,2,2,1,425.81
172,1,4,71,5,64,200,2,2,1,441.02
172,1,4,72,10,64,200,2,2,1,560.26
172,1,4,73,7,64,200,2,2,1,459.01
172,1,4,74,10,64,200,2,2,1,381.59
172,1,4,75,9,64,200,2,2,1,396.24
172,1,4,76,11,64,200,2,2,1,398.22
172,1,4,77,12,64,200,2,2,1,373.92
172,1,4,78,1,64,200,1,1,1,527.96
172,1,4,79,6,64,200,2,2,1,355.69
172,1,4,80,9,64,200,2,2,1,418.32
172,1,4,81,2,64,200,1,1,1,582.6
172,1,4,82,12,64,200,2,2,1,828.35
172,1,4,83,13,64,200,2,2,1,355.48
172,1,4,84,4,64,200,1,1,1,535.61
172,1,4,85,8,64,200,2,2,1,661.4
172,1,4,1,8,64,200,2,2,1,1511.8
172,1,4,2,4,64,200,1,1,1,516.94
172,1,4,3,2,64,200,1,1,1,518.8
172,1,4,4,1,64,200,1,1,1,447.26
172,1,4,5,13,64,200,2,2,1,447.61
172,1,4,6,4,64,200,1,1,1,505.16
172,1,4,7,7,64,200,2,2,1,447.92
172,1,4,8,13,64,200,2,2,1,367.33
172,1,4,9,3,64,200,1,1,1,527.18
172,1,4,10,1,64,200,1,1,1,453.93
172,1,4,11,2,64,200,1,1,1,440.86
172,1,4,12,3,64,200,1,1,1,570.59
172,1,4,13,13,64,200,2,2,1,410.82
172,1,4,14,11,64,200,2,2,1,378.1
172,1,4,15,10,64,200,2,2,1,405.71
172,1,4,16,2,64,200,1,1,1,468.53
172,1,4,17,2,64,200,1,1,1,543.77
172,1,4,18,5,64,200,2,2,1,451.26
172,1,4,19,2,64,200,1,1,1,718.52
172,1,4,20,11,64,200,2,2,1,393.55
172,1,4,21,2,64,200,1,1,1,517.98
172,1,4,22,12,64,200,2,2,1,366.56
172,1,4,23,2,64,200,1,1,1,489.07
172,1,4,24,4,64,200,1,1,1,483.93
172,1,4,25,7,64,200,2,2,1,439.61
172,1,4,26,1,64,200,1,1,1,392.96
172,1,4,27,3,64,200,1,1,1,430.03
172,1,4,28,3,64,200,1,1,1,509.3
172,1,4,29,1,64,200,1,1,1,500.98
172,1,4,30,1,64,200,1,1,1,453.58
172,1,4,31,3,64,200,1,1,1,800.57
172,1,4,32,11,64,200,2,2,1,905.4
172,1,4,33,6,64,200,2,2,1,494.04
172,1,4,34,13,64,200,2,2,1,364.64
172,1,4,35,8,64,200,2,2,1,353.6
172,1,4,36,3,64,200,1,1,1,571.32
172,1,4,37,9,64,200,2,2,1,321.58
172,1,4,38,3,64,200,1,1,1,568.33
172,1,4,39,12,64,200,2,2,1,345.62
172,1,4,40,9,64,200,2,2,1,422.23
172,1,4,41,5,64,200,2,2,1,436.92
172,1,4,42,3,64,200,1,1,1,399.87
172,1,4,43,10,64,200,2,2,1,369.13
172,1,4,44,1,64,200,1,1,1,412.98
172,1,4,45,4,64,200,1,1,1,594.47
172,1,4,46,6,64,200,2,2,1,395.75
172,1,4,47,5,64,200,2,2,1,420.66
172,1,4,48,12,64,200,2,2,1,327.78
172,1,4,49,6,64,200,2,2,1,463.95
172,1,4,50,13,64,200,2,2,1,388.16
172,1,4,51,1,64,200,1,1,1,501.94
172,1,4,52,12,64,200,2,2,1,410.76
172,1,4,53,7,64,200,2,2,1,469.13
172,1,4,54,2,64,200,1,1,1,497.09
172,1,4,55,6,64,200,2,2,1,441.92
172,1,4,56,11,64,200,2,2,1,1309.6
172,1,4,57,4,64,200,1,1,1,616.3
172,1,4,58,7,64,200,2,2,1,432.14
172,1,4,59,10,64,200,2,2,1,357.03
172,1,4,60,8,64,200,2,2,1,397.07
172,1,4,61,4,64,200,1,1,1,782.81
172,1,4,62,12,64,200,2,2,1,466.85
172,1,4,63,3,64,200,1,1,1,489.9
172,1,4,64,3,64,200,1,1,1,456.96
172,1,4,65,4,64,200,1,1,1,571.44
172,1,4,66,8,64,200,2,2,1,349.49
172,1,4,67,5,64,200,2,2,1,350.14
172,1,4,68,11,64,200,2,2,1,677.26
172,1,4,69,2,64,200,1,1,1,453.15
172,1,4,70,4,64,200,1,1,1,677.38
172,1,4,71,1,64,200,1,1,1,580.47
172,1,4,72,4,64,200,1,1,1,830.85
172,1,4,73,4,64,200,1,1,1,572.02
172,1,4,74,2,64,200,1,1,1,455.54
172,1,4,75,7,64,200,2,2,1,481.55
172,1,4,76,6,64,200,2,2,1,480.74
172,1,4,77,8,64,200,2,2,1,566.81
172,1,4,78,9,64,200,2,2,1,351.37
172,1,4,79,9,64,200,2,2,1,375.08
172,1,4,80,10,64,200,2,2,1,326.34
172,1,4,81,9,64,200,2,2,1,344.47
172,1,4,82,10,64,200,2,2,1,299.88
172,1,4,83,1,64,200,1,1,1,543.41
172,1,4,84,1,64,200,1,1,1,571.86
172,1,4,85,5,64,200,2,2,1,489.97
172,1,4,1,7,64,200,2,2,1,397.8
172,1,4,2,7,64,200,2,2,1,544.27
172,1,4,3,3,64,200,1,1,1,554.72
172,1,4,4,4,64,200,1,1,1,469.06
172,1,4,5,6,64,200,2,2,1,523.24
172,1,4,6,9,64,200,2,2,1,452.89
172,1,4,7,5,64,200,2,2,1,459.82
172,1,4,8,3,64,200,1,1,1,459.06
172,1,4,9,4,64,200,1,1,1,493.52
172,1,4,10,4,64,200,1,1,1,674.49
172,1,4,11,12,64,200,2,2,1,427.33
172,1,4,12,1,64,200,1,1,1,446.32
172,1,4,13,5,64,200,2,2,1,586.6
172,1,4,14,4,64,200,1,1,1,467.29
172,1,4,15,1,64,200,1,1,1,425.59
172,1,4,16,10,64,200,2,2,1,441.65
172,1,4,17,3,64,200,1,1,1,451.23
172,1,4,18,1,64,200,1,1,1,411.42
172,1,4,19,3,64,200,1,1,1,703.3
172,1,4,20,10,64,200,2,2,1,452.84
172,1,4,21,5,64,200,2,2,1,452.23
172,1,4,22,10,64,200,2,2,1,373.39
172,1,4,23,12,64,200,2,2,1,344.71
172,1,4,24,13,64,200,2,2,1,460.66
172,1,4,25,2,64,200,1,1,1,673.81
172,1,4,26,11,64,200,2,2,1,419.71
172,1,4,27,13,64,200,2,2,1,439.55
172,1,4,28,1,64,200,1,1,1,474.34
172,1,4,29,11,64,200,2,2,1,367.31
172,1,4,30,10,64,200,2,2,1,388.18
172,1,4,31,9,64,200,2,2,1,450.69
172,1,4,32,1,64,200,1,1,1,485.99
172,1,4,33,3,64,200,1,1,1,418.95
172,1,4,34,11,64,200,2,2,1,596.42
172,1,4,35,9,64,200,2,2,1,428.84
172,1,4,36,11,64,200,2,2,1,340.93
172,1,4,37,6,64,200,2,2,1,365.35
172,1,4,38,12,64,200,2,2,1,322.69
172,1,4,39,6,64,200,2,2,1,581.18
172,1,4,40,1,64,200,1,1,1,647.65
172,1,4,41,2,64,200,1,1,1,514.68
172,1,4,42,13,64,200,2,2,1,438.49
172,1,4,43,2,64,200,1,1,1,415.02
172,1,4,44,7,64,200,2,2,1,471.23
172,1,4,45,3,64,200,1,1,1,496.17
172,1,4,46,2,64,200,1,1,1,726.09
172,1,4,47,7,64,200,2,2,1,637.55
172,1,4,48,3,64,200,1,1,1,722.09
172,1,4,49,13,64,200,2,2,1,345.08
172,1,4,50,13,64,200,2,2,1,445.02
172,1,4,51,12,64,200,2,2,1,503.39
172,1,4,52,4,64,200,1,1,1,493.25
172,1,4,53,3,64,200,1,1,1,465.73
172,1,4,54,4,64,200,1,1,1,489.85
172,1,4,55,12,64,200,2,2,1,341.73
172,1,4,56,4,64,200,1,1,1,463.8
172,1,4,57,10,64,200,2,2,1,414.51
172,1,4,58,6,64,200,2,2,1,656.7
172,1,4,59,3,64,200,1,1,1,474
172,1,4,60,5,64,200,2,2,1,454.28
172,1,4,61,4,64,200,1,1,1,647.31
172,1,4,62,4,64,200,1,1,1,478.62
172,1,4,63,1,64,200,1,1,1,498.62
172,1,4,64,7,64,200,2,2,1,469.67
172,1,4,65,6,64,200,2,2,1,444.32
172,1,4,66,8,64,200,2,2,1,331.42
172,1,4,67,11,64,200,2,2,1,399.97
172,1,4,68,4,64,200,1,1,1,555.01
172,1,4,69,2,64,200,1,1,1,495.14
172,1,4,70,5,64,200,2,2,1,415.44
172,1,4,71,1,64,200,1,1,1,475.98
172,1,4,72,2,64,200,1,1,1,463.71
172,1,4,73,8,64,200,2,2,1,461.23
172,1,4,74,8,64,200,2,2,1,515.01
172,1,4,75,9,64,200,2,2,1,362.59
172,1,4,76,8,64,200,2,2,1,363.23
172,1,4,77,2,64,200,1,1,1,481.1
172,1,4,78,9,64,200,2,2,1,357.86
172,1,4,79,1,64,200,1,1,1,508.67
172,1,4,80,1,64,200,1,1,1,526.46
172,1,4,81,2,64,200,1,1,1,656.16
172,1,4,82,2,64,200,1,1,1,433.05
172,1,4,83,3,64,200,1,1,1,458.96
172,1,4,84,8,64,200,2,2,1,414.47
172,1,4,85,2,64,200,1,1,1,628.37
172,1,4,1,7,64,200,2,2,1,487.03
172,1,4,2,6,64,200,2,2,1,492.28
172,1,4,3,2,64,200,1,1,1,475.64
172,1,4,4,12,64,200,2,2,1,375.81
172,1,4,5,1,64,200,1,1,1,522.45
172,1,4,6,8,64,200,2,2,1,414.91
172,1,4,7,3,64,200,1,1,1,498.43
172,1,4,8,11,64,200,2,2,1,398.28
172,1,4,9,1,64,200,1,1,1,444.61
172,1,4,10,4,64,200,1,1,1,668.27
172,1,4,11,3,64,200,1,1,1,629.74
172,1,4,12,3,64,200,1,1,1,539.24
172,1,4,13,13,64,200,2,2,1,892.04
172,1,4,14,11,64,200,2,2,1,543.15
172,1,4,15,13,64,200,2,2,1,459.7
172,1,4,16,2,64,200,1,1,1,784.99
172,1,4,17,7,64,200,2,2,1,598.28
172,1,4,18,4,64,200,1,1,1,477.34
172,1,4,19,9,64,200,2,2,1,429.69
172,1,4,20,8,64,200,2,2,1,706.36
172,1,4,21,1,64,200,1,1,1,580.7
172,1,4,22,13,64,200,2,2,1,418.48
172,1,4,23,9,64,200,2,2,1,369.79
172,1,4,24,1,64,200,1,1,1,856.69
172,1,4,25,6,64,200,2,2,1,515.1
172,1,4,26,10,64,200,2,2,1,449.06
172,1,4,27,8,64,200,2,2,1,463.34
172,1,4,28,5,64,200,2,2,1,466.06
172,1,4,29,5,64,200,2,2,1,489.52
172,1,4,30,2,64,200,1,1,1,525.2
172,1,4,31,12,64,200,2,2,1,440.32
172,1,4,32,4,64,200,1,1,1,554.05
172,1,4,33,2,64,200,1,1,1,502.49
172,1,4,34,3,64,200,1,1,1,440.65
172,1,4,35,8,64,200,2,2,1,494.84
172,1,4,36,3,64,200,1,1,1,521.48
172,1,4,37,4,64,200,1,1,1,522.15
172,1,4,38,5,64,200,2,2,1,442.47
172,1,4,39,1,64,200,1,1,1,483.54
172,1,4,40,4,64,200,1,1,1,634.44
172,1,4,41,13,64,200,2,2,1,399.73
172,1,4,42,10,64,200,2,2,1,355.69
172,1,4,43,10,64,200,2,2,1,490.86
172,1,4,44,11,64,200,2,2,1,448.68
172,1,4,45,9,64,200,2,2,1,375.81
172,1,4,46,6,64,200,2,2,1,731.77
172,1,4,47,4,64,200,2,1,0,392.88
172,1,4,48,12,64,200,2,2,1,474.62
172,1,4,49,11,64,200,2,2,1,1544.4
172,1,4,50,7,64,200,2,2,1,796.83
172,1,4,51,4,64,200,1,1,1,492.06
172,1,4,52,5,64,200,2,2,1,541.3
172,1,4,53,12,64,200,2,2,1,433.96
172,1,4,54,11,64,200,2,2,1,571.08
172,1,4,55,2,64,200,1,1,1,630.14
172,1,4,56,6,64,200,2,2,1,678.89
172,1,4,57,2,64,200,1,1,1,614.32
172,1,4,58,3,64,200,1,1,1,493.93
172,1,4,59,3,64,200,1,1,1,578.67
172,1,4,60,10,64,200,2,2,1,525.96
172,1,4,61,4,64,200,1,1,1,513.06
172,1,4,62,2,64,200,1,1,1,570.48
172,1,4,63,12,64,200,2,2,1,643.21
172,1,4,64,3,64,200,1,1,1,498.85
172,1,4,65,1,64,200,1,1,1,383.82
172,1,4,66,1,64,200,1,1,1,458.81
172,1,4,67,9,64,200,2,2,1,490.3
172,1,4,68,4,64,200,1,1,1,448.56
172,1,4,69,9,64,200,2,2,1,466.26
172,1,4,70,3,64,200,1,1,1,487.73
172,1,4,71,1,64,200,1,1,1,500.04
172,1,4,72,13,64,200,2,2,1,417.97
172,1,4,73,10,64,200,2,2,1,389.8
172,1,4,74,2,64,200,1,1,1,447.9
172,1,4,75,8,64,200,2,2,1,388.28
172,1,4,76,4,64,200,1,1,1,529.06
172,1,4,77,1,64,200,1,1,1,412.87
172,1,4,78,6,64,200,2,2,1,409.51
172,1,4,79,2,64,200,1,1,1,470.28
172,1,4,80,7,64,200,2,2,1,453.26
172,1,4,81,1,64,200,1,1,1,487
172,1,4,82,5,64,200,2,2,1,462.91
172,1,4,83,3,64,200,1,1,1,713.02
172,1,4,84,2,64,200,1,1,1,635.85
172,1,4,85,7,64,200,2,2,1,436.98
172,1,4,1,12,64,200,2,2,1,938.57
172,1,4,2,3,64,200,1,1,1,416.79
172,1,4,3,7,64,200,2,2,1,556.12
172,1,4,4,1,64,200,1,1,1,713.18
172,1,4,5,5,64,200,2,2,1,423.29
172,1,4,6,8,64,200,2,2,1,414.27
172,1,4,7,11,64,200,2,2,1,317.15
172,1,4,8,10,64,200,2,2,1,389.69
172,1,4,9,4,64,200,1,1,1,570.61
172,1,4,10,4,64,200,1,1,1,584.79
172,1,4,11,12,64,200,2,2,1,353.15
172,1,4,12,4,64,200,1,1,1,424.75
172,1,4,13,9,64,200,2,2,1,426.84
172,1,4,14,4,64,200,1,1,1,717.35
172,1,4,15,5,64,200,2,2,1,1029.5
172,1,4,16,12,64,200,2,2,1,929.07
172,1,4,17,2,64,200,1,1,1,861.72
172,1,4,18,1,64,200,1,1,1,1039.5
172,1,4,19,4,64,200,1,1,1,518.37
172,1,4,20,2,64,200,1,1,1,408.67
172,1,4,21,4,64,200,1,1,1,428.62
172,1,4,22,2,64,200,1,1,1,459.71
172,1,4,23,6,64,200,2,2,1,564.53
172,1,4,24,10,64,200,2,2,1,419.8
172,1,4,25,2,64,200,1,1,1,495.47
172,1,4,26,2,64,200,1,1,1,479.66
172,1,4,27,1,64,200,1,1,1,392.06
172,1,4,28,1,64,200,1,1,1,779.68
172,1,4,29,3,64,200,1,1,1,549.63
172,1,4,30,12,64,200,2,2,1,371.6
172,1,4,31,7,64,200,2,2,1,566.99
172,1,4,32,8,64,200,2,2,1,901.23
172,1,4,33,1,64,200,1,1,1,515.03
172,1,4,34,2,64,200,1,1,1,563.61
172,1,4,35,3,64,200,1,1,1,458.7
172,1,4,36,3,64,200,1,1,1,528.52
172,1,4,37,11,64,200,2,2,1,361.46
172,1,4,38,4,64,200,1,1,1,574.22
172,1,4,39,3,64,200,1,1,1,463.49
172,1,4,40,12,64,200,2,2,1,392.71
172,1,4,41,5,64,200,2,2,1,481.64
172,1,4,42,7,64,200,2,2,1,466.45
172,1,4,43,3,64,200,1,1,1,528.34
172,1,4,44,2,64,200,1,1,1,628.09
172,1,4,45,13,64,200,2,2,1,425.57
172,1,4,46,3,64,200,1,1,1,918.97
172,1,4,47,6,64,200,2,2,1,445.24
172,1,4,48,2,64,200,1,1,1,561.52
172,1,4,49,5,64,200,2,2,1,393.01
172,1,4,50,10,64,200,2,2,1,394.66
172,1,4,51,2,64,200,1,1,1,505.41
172,1,4,52,7,64,200,2,2,1,473.54
172,1,4,53,13,64,200,2,2,1,374.25
172,1,4,54,6,64,200,2,2,1,469.15
172,1,4,55,8,64,200,2,2,1,604.39
172,1,4,56,10,64,200,2,2,1,363.67
172,1,4,57,1,64,200,1,1,1,573.61
172,1,4,58,8,64,200,2,2,1,501.59
172,1,4,59,13,64,200,2,2,1,480.26
172,1,4,60,11,64,200,2,2,1,592.72
172,1,4,61,13,64,200,2,2,1,562.4
172,1,4,62,1,64,200,1,1,1,476.58
172,1,4,63,3,64,200,1,1,1,852.61
172,1,4,64,6,64,200,2,2,1,367.8
172,1,4,65,3,64,200,1,1,1,455.82
172,1,4,66,1,64,200,1,1,1,411.49
172,1,4,67,9,64,200,2,2,1,391.7
172,1,4,68,6,64,200,2,2,1,503.16
172,1,4,69,13,64,200,2,2,1,437.52
172,1,4,70,4,64,200,1,1,1,502.35
172,1,4,71,1,64,200,1,1,1,573.73
172,1,4,72,9,64,200,2,2,1,534.66
172,1,4,73,10,64,200,2,2,1,328.52
172,1,4,74,11,64,200,2,2,1,387.88
172,1,4,75,1,64,200,1,1,1,529.08
172,1,4,76,4,64,200,2,1,0,405.46
172,1,4,77,2,64,200,1,1,1,726.33
172,1,4,78,9,64,200,2,2,1,362.76
172,1,4,79,5,64,200,1,2,0,1012.9
172,1,4,80,3,64,200,1,1,1,479.58
172,1,4,81,9,64,200,2,2,1,524.15
172,1,4,82,11,64,200,2,2,1,529.32
172,1,4,83,7,64,200,2,2,1,607.74
172,1,4,84,8,64,200,2,2,1,480.02
172,1,4,85,4,64,200,1,1,1,771.83
172,1,4,1,3,64,200,1,1,1,599.93
172,1,4,2,10,64,200,2,2,1,417.76
172,1,4,3,11,64,200,2,2,1,541.93
172,1,4,4,2,64,200,1,1,1,486.5
172,1,4,5,9,64,200,2,2,1,417.38
172,1,4,6,6,64,200,2,2,1,369.21
172,1,4,7,4,64,200,1,1,1,487.99
172,1,4,8,5,64,200,2,2,1,557.74
172,1,4,9,6,64,200,2,2,1,448.43
172,1,4,10,4,64,200,1,1,1,530.43
172,1,4,11,12,64,200,2,2,1,454.6
172,1,4,12,3,64,200,1,1,1,659.04
172,1,4,13,13,64,200,2,2,1,434.56
172,1,4,14,3,64,200,1,1,1,533.88
172,1,4,15,11,64,200,2,2,1,445.26
172,1,4,16,2,64,200,1,1,1,547.89
172,1,4,17,5,64,200,2,2,1,469.09
172,1,4,18,1,64,200,1,1,1,889.61
172,1,4,19,13,64,200,2,2,1,402.78
172,1,4,20,3,64,200,1,1,1,442.37
172,1,4,21,11,64,200,2,2,1,336.86
172,1,4,22,7,64,200,2,2,1,555.01
172,1,4,23,3,64,200,1,1,1,388.26
172,1,4,24,7,64,200,2,2,1,407.61
172,1,4,25,2,64,200,1,1,1,637.58
172,1,4,26,8,64,200,2,2,1,346.46
172,1,4,27,11,64,200,2,2,1,401.76
172,1,4,28,4,64,200,1,1,1,546.38
172,1,4,29,3,64,200,1,1,1,589.02
172,1,4,30,13,64,200,2,2,1,308.53
172,1,4,31,1,64,200,1,1,1,413.83
172,1,4,32,8,64,200,2,2,1,576.5
172,1,4,33,2,64,200,1,1,1,915.83
172,1,4,34,4,64,200,1,1,1,475.6
172,1,4,35,3,64,200,1,1,1,788.45
172,1,4,36,12,64,200,2,2,1,368.3
172,1,4,37,11,64,200,2,2,1,421.28
172,1,4,38,2,64,200,1,1,1,485.61
172,1,4,39,10,64,200,2,2,1,313.59
172,1,4,40,7,64,200,2,2,1,419.08
172,1,4,41,2,64,200,1,1,1,638.82
172,1,4,42,5,64,200,2,2,1,369.91
172,1,4,43,2,64,200,1,1,1,454.82
172,1,4,44,5,64,200,2,2,1,410.36
172,1,4,45,1,64,200,1,1,1,669.2
172,1,4,46,9,64,200,2,2,1,333.38
172,1,4,47,3,64,200,1,1,1,487.32
172,1,4,48,8,64,200,2,2,1,358.48
172,1,4,49,4,64,200,1,1,1,522.64
172,1,4,50,1,64,200,1,1,1,453.21
172,1,4,51,8,64,200,2,2,1,364.03
172,1,4,52,8,64,200,2,2,1,455.27
172,1,4,53,1,64,200,1,1,1,448.61
172,1,4,54,9,64,200,2,2,1,439.71
172,1,4,55,4,64,200,1,1,1,667.23
172,1,4,56,4,64,200,1,1,1,578.15
172,1,4,57,4,64,200,1,1,1,436.4
172,1,4,58,1,64,200,1,1,1,432.14
172,1,4,59,10,64,200,2,2,1,393.58
172,1,4,60,10,64,200,2,2,1,384.87
172,1,4,61,9,64,200,2,2,1,341.15
172,1,4,62,3,64,200,1,1,1,465.38
172,1,4,63,9,64,200,2,2,1,413.47
172,1,4,64,6,64,200,2,2,1,416
172,1,4,65,7,64,200,2,2,1,605.05
172,1,4,66,4,64,200,1,1,1,641.06
172,1,4,67,12,64,200,2,2,1,495.98
172,1,4,68,4,64,200,1,1,1,652.74
172,1,4,69,1,64,200,1,1,1,591.78
172,1,4,70,13,64,200,2,2,1,387.76
172,1,4,71,10,64,200,2,2,1,340.04
172,1,4,72,1,64,200,1,1,1,518.97
172,1,4,73,1,64,200,1,1,1,416.19
172,1,4,74,7,64,200,2,2,1,414.31
172,1,4,75,5,64,200,2,2,1,437.5
172,1,4,76,12,64,200,2,2,1,418.94
172,1,4,77,2,64,200,1,1,1,597.04
172,1,4,78,12,64,200,2,2,1,359.74
172,1,4,79,6,64,200,2,2,1,325.3
172,1,4,80,1,64,200,1,1,1,459.04
172,1,4,81,13,64,200,2,2,1,391.06
172,1,4,82,6,64,200,2,2,1,373.05
172,1,4,83,2,64,200,1,1,1,444.15
172,1,4,84,2,64,200,1,1,1,553.82
172,1,4,85,3,64,200,1,1,1,466.24
172,1,4,1,3,64,200,1,1,1,1197.1
172,1,4,2,12,64,200,2,2,1,399.56
172,1,4,3,10,64,200,2,2,1,403.79
172,1,4,4,2,64,200,1,1,1,504.09
172,1,4,5,3,64,200,1,1,1,527.03
172,1,4,6,8,64,200,2,2,1,492.39
172,1,4,7,1,64,200,1,1,1,450.37
172,1,4,8,3,64,200,1,1,1,507.38
172,1,4,9,13,64,200,2,2,1,500.76
172,1,4,10,4,64,200,1,1,1,445.09
172,1,4,11,5,64,200,2,2,1,535.69
172,1,4,12,1,64,200,1,1,1,399.64
172,1,4,13,1,64,200,1,1,1,459.64
172,1,4,14,2,64,200,1,1,1,410.51
172,1,4,15,7,64,200,2,2,1,401.72
172,1,4,16,7,64,200,2,2,1,495.02
172,1,4,17,4,64,200,1,1,1,428.62
172,1,4,18,13,64,200,2,2,1,395.61
172,1,4,19,11,64,200,2,2,1,672.64
172,1,4,20,6,64,200,2,2,1,535.96
172,1,4,21,10,64,200,2,2,1,398.13
172,1,4,22,3,64,200,1,1,1,481.48
172,1,4,23,7,64,200,2,2,1,487.73
172,1,4,24,4,64,200,1,1,1,692.14
172,1,4,25,12,64,200,2,2,1,346.63
172,1,4,26,10,64,200,2,2,1,325.95
172,1,4,27,4,64,200,1,1,1,500.97
172,1,4,28,4,64,200,1,1,1,638.15
172,1,4,29,2,64,200,1,1,1,503.51
172,1,4,30,11,64,200,2,2,1,374.48
172,1,4,31,4,64,200,1,1,1,627.76
172,1,4,32,5,64,200,2,2,1,669.84
172,1,4,33,2,64,200,1,1,1,660.62
172,1,4,34,3,64,200,1,1,1,549.61
172,1,4,35,9,64,200,2,2,1,429.48
172,1,4,36,1,64,200,1,1,1,472.56
172,1,4,37,2,64,200,1,1,1,429.18
172,1,4,38,5,64,200,2,2,1,457.06
172,1,4,39,1,64,200,1,1,1,421.8
172,1,4,40,9,64,200,2,2,1,392.84
172,1,4,41,10,64,200,2,2,1,575.66
172,1,4,42,2,64,200,1,1,1,570.13
172,1,4,43,4,64,200,1,1,1,473.31
172,1,4,44,3,64,200,1,1,1,497.13
172,1,4,45,4,64,200,1,1,1,414.43
172,1,4,46,12,64,200,2,2,1,392.68
172,1,4,47,6,64,200,2,2,1,452.75
172,1,4,48,7,64,200,2,2,1,605.04
172,1,4,49,10,64,200,2,2,1,490.3
172,1,4,50,12,64,200,2,2,1,429.08
172,1,4,51,3,64,200,1,1,1,531.96
172,1,4,52,8,64,200,2,2,1,555.26
172,1,4,53,5,64,200,2,2,1,455.58
172,1,4,54,13,64,200,2,2,1,398.86
172,1,4,55,7,64,200,2,2,1,493.27
172,1,4,56,3,64,200,1,1,1,446.48
172,1,4,57,1,64,200,1,1,1,520.68
172,1,4,58,1,64,200,1,1,1,471.96
172,1,4,59,4,64,200,1,1,1,673.56
172,1,4,60,6,64,200,2,2,1,511.43
172,1,4,61,6,64,200,2,2,1,543.63
172,1,4,62,4,64,200,1,1,1,549.69
172,1,4,63,8,64,200,2,2,1,437.42
172,1,4,64,2,64,200,1,1,1,513.41
172,1,4,65,6,64,200,2,2,1,377.06
172,1,4,66,12,64,200,2,2,1,385.46
172,1,4,67,11,64,200,2,2,1,371.91
172,1,4,68,3,64,200,1,1,1,583.93
172,1,4,69,13,64,200,2,2,1,391.29
172,1,4,70,11,64,200,2,2,1,610.16
172,1,4,71,9,64,200,2,2,1,722.91
172,1,4,72,2,64,200,1,1,1,600.96
172,1,4,73,13,64,200,2,2,1,415.23
172,1,4,74,9,64,200,2,2,1,435.55
172,1,4,75,3,64,200,1,1,1,442.73
172,1,4,76,1,64,200,1,1,1,425.63
172,1,4,77,2,64,200,1,1,1,555.65
172,1,4,78,9,64,200,2,2,1,453.31
172,1,4,79,11,64,200,2,2,1,637.78
172,1,4,80,1,64,200,1,1,1,626.95
172,1,4,81,2,64,200,1,1,1,426.11
172,1,4,82,1,64,200,1,1,1,385.9
172,1,4,83,8,64,200,2,2,1,505.26
172,1,4,84,8,64,200,1,2,0,489.28
172,1,4,85,5,64,200,2,2,1,557.09
172,1,4,1,9,64,200,2,2,1,523.43
172,1,4,2,2,64,200,1,1,1,536.12
172,1,4,3,3,64,200,1,1,1,507.36
172,1,4,4,13,64,200,2,2,1,488.11
172,1,4,5,1,64,200,1,1,1,791.6
172,1,4,6,4,64,200,1,1,1,504.52
172,1,4,7,2,64,200,1,1,1,499.89
172,1,4,8,11,64,200,2,2,1,476.17
172,1,4,9,9,64,200,2,2,1,457.82
172,1,4,10,8,64,200,2,2,1,771.5
172,1,4,11,7,64,200,2,2,1,931.15
172,1,4,12,6,64,200,2,2,1,546.34
172,1,4,13,1,64,200,1,1,1,470.28
172,1,4,14,1,64,200,1,1,1,461.88
172,1,4,15,2,64,200,1,1,1,484.94
172,1,4,16,8,64,200,2,2,1,402.72
172,1,4,17,11,64,200,2,2,1,395.62
172,1,4,18,4,64,200,1,1,1,614.84
172,1,4,19,10,64,200,2,2,1,441.86
172,1,4,20,11,64,200,2,2,1,423.26
172,1,4,21,9,64,200,2,2,1,376.47
172,1,4,22,5,64,200,2,2,1,562.48
172,1,4,23,7,64,200,2,2,1,475.81
172,1,4,24,4,64,200,1,1,1,621.24
172,1,4,25,9,64,200,2,2,1,416.04
172,1,4,26,6,64,200,2,2,1,574.97
172,1,4,27,12,64,200,2,2,1,400.23
172,1,4,28,6,64,200,2,2,1,395.53
172,1,4,29,13,64,200,2,2,1,917.48
172,1,4,30,1,64,200,1,1,1,886.8
172,1,4,31,12,64,200,2,2,1,355.4
172,1,4,32,5,64,200,2,2,1,392.76
172,1,4,33,3,64,200,1,1,1,511.01
172,1,4,34,7,64,200,2,2,1,429.23
172,1,4,35,3,64,200,1,1,1,554.96
172,1,4,36,1,64,200,1,1,1,479.67
172,1,4,37,4,64,200,1,1,1,698.58
172,1,4,38,2,64,200,1,1,1,486.36
172,1,4,39,13,64,200,2,2,1,467.22
172,1,4,40,4,64,200,1,1,1,553.26
172,1,4,41,3,64,200,1,1,1,426.54
172,1,4,42,1,64,200,1,1,1,511.17
172,1,4,43,10,64,200,2,2,1,457.94
172,1,4,44,2,64,200,1,1,1,474.37
172,1,4,45,3,64,200,1,1,1,473.59
172,1,4,46,11,64,200,2,2,1,318.15
172,1,4,47,1,64,200,1,1,1,475.43
172,1,4,48,4,64,200,1,1,1,571.8
172,1,4,49,1,64,200,1,1,1,424.24
172,1,4,50,3,64,200,1,1,1,505.53
172,1,4,51,2,64,200,1,1,1,973.7
172,1,4,52,3,64,200,1,1,1,974.53
172,1,4,53,6,64,200,2,2,1,902.56
172,1,4,54,2,64,200,1,1,1,940.56
172,1,4,55,11,64,200,2,2,1,1086.5
172,1,4,56,4,64,200,1,1,1,1189.2
172,1,4,57,6,64,200,2,2,1,1420.5
172,1,4,58,2,64,200,1,1,1,988.68
172,1,4,59,5,64,200,2,2,1,1175.5
172,1,4,60,4,64,200,1,1,1,1328.8
172,1,4,61,12,64,200,2,2,1,1016.3
172,1,4,62,4,64,200,1,1,1,1027
172,1,4,63,8,64,200,1,2,0,908.79
172,1,4,64,4,64,200,1,1,1,437.36
172,1,4,65,3,64,200,1,1,1,600.63
172,1,4,66,5,64,200,2,2,1,381.4
172,1,4,67,3,64,200,1,1,1,667.85
172,1,4,68,8,64,200,2,2,1,397.34
172,1,4,69,7,64,200,2,2,1,616.68
172,1,4,70,13,64,200,2,2,1,447.72
172,1,4,71,8,64,200,2,2,1,611.19
172,1,4,72,1,64,200,1,1,1,446.88
172,1,4,73,1,64,200,1,1,1,436.75
172,1,4,74,10,64,200,2,2,1,986.67
172,1,4,75,13,64,200,2,2,1,530.64
172,1,4,76,3,64,200,2,1,0,526.97
172,1,4,77,10,64,200,2,2,1,346.23
172,1,4,78,10,64,200,2,2,1,403.38
172,1,4,79,12,64,200,2,2,1,364.24
172,1,4,80,12,64,200,2,2,1,497.52
172,1,4,81,2,64,200,1,1,1,541.21
172,1,4,82,7,64,200,2,2,1,500.52
172,1,4,83,5,64,200,2,2,1,650.51
172,1,4,84,9,64,200,2,2,1,371.09
172,1,4,85,2,64,200,1,1,1,618.45
172,1,4,1,2,64,200,1,1,1,1264.9
172,1,4,2,10,64,200,2,2,1,385.73
172,1,4,3,3,64,200,1,1,1,491.9
172,1,4,4,13,64,200,2,2,1,362.52
172,1,4,5,9,64,200,2,2,1,290.26
172,1,4,6,1,64,200,1,1,1,394.57
172,1,4,7,2,64,200,1,1,1,468.34
172,1,4,8,3,64,200,1,1,1,413.67
172,1,4,9,4,64,200,1,1,1,356.71
172,1,4,10,7,64,200,2,2,1,402.69
172,1,4,11,12,64,200,2,2,1,314.61
172,1,4,12,1,64,200,1,1,1,468.26
172,1,4,13,3,64,200,1,1,1,358.88
172,1,4,14,13,64,200,2,2,1,518.68
172,1,4,15,2,64,200,1,1,1,403.4
172,1,4,16,2,64,200,1,1,1,428.61
172,1,4,17,2,64,200,1,1,1,375.03
172,1,4,18,1,64,200,1,1,1,443.95
172,1,4,19,1,64,200,1,1,1,432.68
172,1,4,20,12,64,200,2,2,1,377.54
172,1,4,21,5,64,200,2,2,1,524.34
172,1,4,22,3,64,200,1,1,1,469.11
172,1,4,23,10,64,200,2,2,1,373.09
172,1,4,24,4,64,200,2,1,0,457.62
172,1,4,25,8,64,200,2,2,1,502.08
172,1,4,26,9,64,200,2,2,1,366.56
172,1,4,27,3,64,200,1,1,1,431.97
172,1,4,28,5,64,200,2,2,1,408.26
172,1,4,29,1,64,200,1,1,1,461.63
172,1,4,30,1,64,200,1,1,1,724.29
172,1,4,31,13,64,200,2,2,1,476.21
172,1,4,32,1,64,200,1,1,1,561.45
172,1,4,33,3,64,200,1,1,1,673.59
172,1,4,34,12,64,200,2,2,1,461.28
172,1,4,35,11,64,200,2,2,1,357.08
172,1,4,36,11,64,200,2,2,1,313.15
172,1,4,37,12,64,200,2,2,1,391.56
172,1,4,38,4,64,200,1,1,1,527.5
172,1,4,39,10,64,200,2,2,1,279.3
172,1,4,40,2,64,200,1,1,1,575.85
172,1,4,41,12,64,200,2,2,1,433.72
172,1,4,42,6,64,200,2,2,1,427.8
172,1,4,43,9,64,200,2,2,1,435.75
172,1,4,44,7,64,200,2,2,1,497
172,1,4,45,4,64,200,1,1,1,456.66
172,1,4,46,1,64,200,1,1,1,535.68
172,1,4,47,6,64,200,2,2,1,494.84
172,1,4,48,1,64,200,1,1,1,542.74
172,1,4,49,4,64,200,1,1,1,685
172,1,4,50,8,64,200,2,2,1,667.5
172,1,4,51,3,64,200,1,1,1,703.3
172,1,4,52,11,64,200,2,2,1,327.45
172,1,4,53,6,64,200,2,2,1,409.62
172,1,4,54,11,64,200,2,2,1,342.62
172,1,4,55,5,64,200,2,2,1,393.19
172,1,4,56,4,64,200,1,1,1,600.58
172,1,4,57,8,64,200,2,2,1,393.11
172,1,4,58,1,64,200,1,1,1,489.12
172,1,4,59,4,64,200,1,1,1,542.91
172,1,4,60,2,64,200,1,1,1,509.05
172,1,4,61,10,64,200,2,2,1,469.53
172,1,4,62,9,64,200,2,2,1,415.49
172,1,4,63,10,64,200,2,2,1,362.79
172,1,4,64,2,64,200,1,1,1,438.42
172,1,4,65,13,64,200,2,2,1,448.61
172,1,4,66,11,64,200,2,2,1,554.21
172,1,4,67,13,64,200,2,2,1,659.04
172,1,4,68,6,64,200,2,2,1,574.07
172,1,4,69,3,64,200,1,1,1,584.4
172,1,4,70,4,64,200,1,1,1,525.97
172,1,4,71,6,64,200,2,2,1,476.79
172,1,4,72,8,64,200,2,2,1,503.73
172,1,4,73,3,64,200,1,1,1,509.25
172,1,4,74,3,64,200,1,1,1,450.07
172,1,4,75,5,64,200,2,2,1,507.41
172,1,4,76,8,64,200,2,2,1,571.57
172,1,4,77,7,64,200,2,2,1,447.23
172,1,4,78,4,64,200,1,1,1,531.96
172,1,4,79,4,64,200,1,1,1,448.82
172,1,4,80,2,64,200,1,1,1,516
172,1,4,81,7,64,200,2,2,1,745.27
172,1,4,82,5,64,200,2,2,1,893.72
172,1,4,83,9,64,200,2,2,1,419.6
172,1,4,84,2,64,200,1,1,1,567.15
172,1,4,85,7,64,200,2,2,1,449.2
