173,1,3,1,4,64,200,1,1,1,1346.7
173,1,3,2,10,64,200,2,2,1,609.23
173,1,3,3,2,64,200,1,1,1,1074.7
173,1,3,4,13,64,200,2,2,1,510.21
173,1,3,5,1,64,200,1,1,1,673.23
173,1,3,6,12,64,200,2,2,1,478.44
173,1,3,7,1,64,200,1,1,1,598.93
173,1,3,8,8,64,200,2,2,1,645.95
173,1,3,9,7,64,200,2,2,1,632.28
173,1,3,10,4,64,200,1,1,1,674.8
173,1,3,11,9,64,200,2,2,1,555.2
173,1,3,12,6,64,200,2,2,1,848.15
173,1,3,13,5,64,200,2,2,1,523.29
173,1,3,14,3,64,200,1,1,1,607.06
173,1,3,15,11,64,200,2,2,1,480.94
173,1,3,16,3,64,200,1,1,1,674.55
173,1,3,17,2,64,200,2,1,0,589.96
173,1,3,18,2,64,200,1,1,1,698.62
173,1,3,19,2,64,200,1,1,1,581.17
173,1,3,20,10,64,200,2,2,1,579.66
173,1,3,21,5,64,200,2,2,1,1018.2
173,1,3,22,2,64,200,1,1,1,581.36
173,1,3,23,1,64,200,1,1,1,599.1
173,1,3,24,12,64,200,2,2,1,740.27
173,1,3,25,6,64,200,2,2,1,820.01
173,1,3,26,8,64,200,2,2,1,769.27
173,1,3,27,13,64,200,2,2,1,570.75
173,1,3,28,8,64,200,2,2,1,667.37
173,1,3,29,9,64,200,2,2,1,581.83
173,1,3,30,1,64,200,1,1,1,611.34
173,1,3,31,9,64,200,2,2,1,614.47
173,1,3,32,13,64,200,2,2,1,805.63
173,1,3,33,7,64,200,2,2,1,652.91
173,1,3,34,7,64,200,2,2,1,452.88
173,1,3,35,3,64,200,2,1,0,896.34
173,1,3,36,4,64,200,1,1,1,1474
173,1,3,37,2,64,200,1,1,1,1020.1
173,1,3,38,1,64,200,1,1,1,689.42
173,1,3,39,8,64,200,2,2,1,951.73
173,1,3,40,9,64,200,2,2,1,532.9
173,1,3,41,8,64,200,2,2,1,1447.1
173,1,3,42,3,64,200,1,1,1,687.19
173,1,3,43,2,64,200,1,1,1,1002.8
173,1,3,44,10,64,200,2,2,1,581.39
173,1,3,45,3,64,200,1,1,1,611.16
173,1,3,46,10,64,200,2,2,1,531.35
173,1,3,47,1,64,200,1,1,1,638.38
173,1,3,48,4,64,200,1,1,1,920.12
173,1,3,49,3,64,200,1,1,1,720.07
173,1,3,50,4,64,200,1,1,1,949.6
173,1,3,51,6,64,200,2,2,1,562.14
173,1,3,52,11,64,200,2,2,1,808.91
173,1,3,53,1,64,200,1,1,1,576.27
173,1,3,54,12,64,200,2,2,1,597.85
173,1,3,55,1,64,200,1,1,1,540.5
173,1,3,56,1,64,200,1,1,1,633.8
173,1,3,57,13,64,200,2,2,1,762.09
173,1,3,58,12,64,200,2,2,1,881.83
173,1,3,59,12,64,200,2,2,1,653.03
173,1,3,60,2,64,200,1,1,1,760.87
173,1,3,61,13,64,200,2,2,1,543.42
173,1,3,62,3,64,200,1,1,1,730.7
173,1,3,63,9,64,200,2,2,1,706.04
173,1,3,64,6,64,200,2,2,1,1166.8
173,1,3,65,13,64,200,2,2,1,481.09
173,1,3,66,2,64,200,1,1,1,479.14
173,1,3,67,12,64,200,2,2,1,557.22
173,1,3,68,5,64,200,2,2,1,736.97
173,1,3,69,6,64,200,2,2,1,733.76
173,1,3,70,11,64,200,2,2,1,515.35
173,1,3,71,11,64,200,2,2,1,459.12
173,1,3,72,10,64,200,2,2,1,395.86
173,1,3,73,3,64,200,1,1,1,573.93
173,1,3,74,4,64,200,1,1,1,584.8
173,1,3,75,4,64,200,1,1,1,609.92
173,1,3,76,5,64,200,2,2,1,658.26
173,1,3,77,10,64,200,2,2,1,580.45
173,1,3,78,9,64,200,2,2,1,774.27
173,1,3,79,5,64,200,2,2,1,460.75
173,1,3,80,1,64,200,1,1,1,571.57
173,1,3,81,2,64,200,1,1,1,637.27
173,1,3,82,3,64,200,1,1,1,496.87
173,1,3,83,7,64,200,2,2,1,669.05
173,1,3,84,2,64,200,1,1,1,619.28
173,1,3,85,3,64,200,1,1,1,618.66
173,1,3,86,3,64,200,1,1,1,2477.9
173,1,3,87,4,64,200,1,1,1,974.13
173,1,3,88,7,64,200,2,2,1,874.73
173,1,3,89,4,64,200,1,1,1,893.31
173,1,3,90,1,64,200,1,1,1,1073.1
173,1,3,91,4,64,200,1,1,1,755.13
173,1,3,92,6,64,200,2,2,1,1491
173,1,3,93,5,64,200,2,2,1,837.25
173,1,3,94,1,64,200,1,1,1,725.19
173,1,3,95,3,64,200,1,1,1,455.77
173,1,3,96,2,64,200,1,1,1,402.7
173,1,3,97,11,64,200,2,2,1,542.99
173,1,3,98,4,64,200,1,1,1,612.56
173,1,3,99,7,64,200,1,2,0,617.55
173,1,3,100,8,64,200,2,2,1,419.85
173,1,3,101,11,64,200,2,2,1,773.31
173,1,3,102,4,64,200,1,1,1,746.87
173,1,3,1,5,64,200,2,2,1,854.13
173,1,3,2,1,64,200,1,1,1,659.32
173,1,3,3,3,64,200,1,1,1,599.55
173,1,3,4,10,64,200,2,2,1,524.49
173,1,3,5,3,64,200,1,1,1,1078.6
173,1,3,6,10,64,200,2,2,1,574.91
173,1,3,7,11,64,200,2,2,1,515.6
173,1,3,8,7,64,200,2,2,1,957.96
173,1,3,9,10,64,200,2,2,1,740.46
173,1,3,10,3,64,200,1,1,1,750.95
173,1,3,11,6,64,200,2,2,1,562.02
173,1,3,12,3,64,200,1,1,1,630.72
173,1,3,13,8,64,200,2,2,1,703.98
173,1,3,14,4,64,200,1,1,1,758.93
173,1,3,15,4,64,200,1,1,1,1038.2
173,1,3,16,5,64,200,2,2,1,676.02
173,1,3,17,1,64,200,1,1,1,615.03
173,1,3,18,2,64,200,1,1,1,828.18
173,1,3,19,2,64,200,1,1,1,817.86
173,1,3,20,6,64,200,2,2,1,970.42
173,1,3,21,4,64,200,1,1,1,894.79
173,1,3,22,11,64,200,2,2,1,666.16
173,1,3,23,9,64,200,2,2,1,676.39
173,1,3,24,7,64,200,2,2,1,844.25
173,1,3,25,9,64,200,2,2,1,605.64
173,1,3,26,2,64,200,1,1,1,688.24
173,1,3,27,2,64,200,1,1,1,931.38
173,1,3,28,6,64,200,2,2,1,603.81
173,1,3,29,2,64,200,1,1,1,529.08
173,1,3,30,12,64,200,2,2,1,694.87
173,1,3,31,1,64,200,1,1,1,580.72
173,1,3,32,1,64,200,1,1,1,507.01
173,1,3,33,9,64,200,2,2,1,530.54
173,1,3,34,7,64,200,2,2,1,645.74
173,1,3,35,8,64,200,2,2,1,467.45
173,1,3,36,3,64,200,1,1,1,1051
173,1,3,37,4,64,200,1,1,1,833.23
173,1,3,38,4,64,200,1,1,1,474.48
173,1,3,39,7,64,200,2,2,1,595.28
173,1,3,40,12,64,200,2,2,1,1039.7
173,1,3,41,4,64,200,1,1,1,653.88
173,1,3,42,13,64,200,2,2,1,514.04
173,1,3,43,2,64,200,1,1,1,700.46
173,1,3,44,8,64,200,2,2,1,888.9
173,1,3,45,9,64,200,2,2,1,859.81
173,1,3,46,6,64,200,2,2,1,681.55
173,1,3,47,8,64,200,2,2,1,904.37
173,1,3,48,2,64,200,1,1,1,677.09
173,1,3,49,1,64,200,1,1,1,624.31
173,1,3,50,8,64,200,2,2,1,1116.1
173,1,3,51,2,64,200,1,1,1,606
173,1,3,52,3,64,200,1,1,1,1129.4
173,1,3,53,13,64,200,2,2,1,608.06
173,1,3,54,2,64,200,2,1,0,774.57
173,1,3,55,11,64,200,2,2,1,731.52
173,1,3,56,6,64,200,2,2,1,789.77
173,1,3,57,1,64,200,1,1,1,588.93
173,1,3,58,4,64,200,1,1,1,891.17
173,1,3,59,1,64,200,1,1,1,616.77
173,1,3,60,5,64,200,2,2,1,591.63
173,1,3,61,4,64,200,1,1,1,633.76
173,1,3,62,11,64,200,2,2,1,670.8
173,1,3,63,5,64,200,2,2,1,878.37
173,1,3,64,1,64,200,1,1,1,658.14
173,1,3,65,7,64,200,2,2,1,588.84
173,1,3,66,3,64,200,1,1,1,794.81
173,1,3,67,4,64,200,1,1,1,711.78
173,1,3,68,1,64,200,1,1,1,755.3
173,1,3,69,13,64,200,2,2,1,750.78
173,1,3,70,2,64,200,1,1,1,516.89
173,1,3,71,12,64,200,2,2,1,538.12
173,1,3,72,13,64,200,2,2,1,621.28
173,1,3,73,12,64,200,2,2,1,587.31
173,1,3,74,9,64,200,2,2,1,679.37
173,1,3,75,1,64,200,1,1,1,871.38
173,1,3,76,13,64,200,2,2,1,533.77
173,1,3,77,10,64,200,2,2,1,1220.5
173,1,3,78,5,64,200,2,2,1,762.65
173,1,3,79,4,64,200,1,1,1,1624.8
173,1,3,80,3,64,200,1,1,1,1818.9
173,1,3,81,3,64,200,1,1,1,515.07
173,1,3,82,10,64,200,2,2,1,580.89
173,1,3,83,3,64,200,1,1,1,710.47
173,1,3,84,11,64,200,2,2,1,656.74
173,1,3,85,12,64,200,2,2,1,741.46
173,1,3,1,1,64,200,1,1,1,1046.6
173,1,3,2,6,64,200,2,2,1,603.37
173,1,3,3,11,64,200,2,2,1,991.84
173,1,3,4,2,64,200,1,1,1,693.61
173,1,3,5,4,64,200,1,1,1,922.21
173,1,3,6,1,64,200,1,1,1,545.82
173,1,3,7,9,64,200,2,2,1,519.76
173,1,3,8,10,64,200,2,2,1,607.61
173,1,3,9,1,64,200,1,1,1,623.06
173,1,3,10,10,64,200,2,2,1,571.28
173,1,3,11,4,64,200,1,1,1,1261.3
173,1,3,12,4,64,200,1,1,1,554.54
173,1,3,13,5,64,200,2,2,1,623.12
173,1,3,14,4,64,200,1,1,1,730.54
173,1,3,15,6,64,200,2,2,1,496.1
173,1,3,16,6,64,200,2,2,1,1074.7
173,1,3,17,1,64,200,1,1,1,445.01
173,1,3,18,3,64,200,1,1,1,565.34
173,1,3,19,4,64,200,1,1,1,541.01
173,1,3,20,10,64,200,2,2,1,560.06
173,1,3,21,2,64,200,1,1,1,501.02
173,1,3,22,13,64,200,2,2,1,506.86
173,1,3,23,9,64,200,2,2,1,672.05
173,1,3,24,1,64,200,1,1,1,568.19
173,1,3,25,2,64,200,1,1,1,491.88
173,1,3,26,8,64,200,2,2,1,986.1
173,1,3,27,4,64,200,1,1,1,627.77
173,1,3,28,3,64,200,1,1,1,738.56
173,1,3,29,12,64,200,2,2,1,501.66
173,1,3,30,8,64,200,2,2,1,530.2
173,1,3,31,13,64,200,2,2,1,466.98
173,1,3,32,5,64,200,2,2,1,610.3
173,1,3,33,4,64,200,1,1,1,784.52
173,1,3,34,7,64,200,2,2,1,613.69
173,1,3,35,9,64,200,2,2,1,831.48
173,1,3,36,3,64,200,1,1,1,674.93
173,1,3,37,2,64,200,1,1,1,431.58
173,1,3,38,8,64,200,2,2,1,508.87
173,1,3,39,12,64,200,2,2,1,549.72
173,1,3,40,3,64,200,1,1,1,492.21
173,1,3,41,4,64,200,1,1,1,500.34
173,1,3,42,3,64,200,1,1,1,418.88
173,1,3,43,13,64,200,2,2,1,606.57
173,1,3,44,5,64,200,2,2,1,582.42
173,1,3,45,12,64,200,2,2,1,584.71
173,1,3,46,12,64,200,2,2,1,526.26
173,1,3,47,1,64,200,1,1,1,580.62
173,1,3,48,8,64,200,2,2,1,864.2
173,1,3,49,1,64,200,1,1,1,604.96
173,1,3,50,11,64,200,2,2,1,884.82
173,1,3,51,3,64,200,1,1,1,632.08
173,1,3,52,1,64,200,1,1,1,584.44
173,1,3,53,2,64,200,1,1,1,607.63
173,1,3,54,13,64,200,2,2,1,679.55
173,1,3,55,9,64,200,2,2,1,490.97
173,1,3,56,6,64,200,2,2,1,503.97
173,1,3,57,1,64,200,1,1,1,558.78
173,1,3,58,3,64,200,1,1,1,670.38
173,1,3,59,11,64,200,2,2,1,595.17
173,1,3,60,7,64,200,2,2,1,752.61
173,1,3,61,12,64,200,2,2,1,637.7
173,1,3,62,11,64,200,2,2,1,495
173,1,3,63,3,64,200,1,1,1,622.05
173,1,3,64,3,64,200,1,1,1,957.05
173,1,3,65,8,64,200,2,2,1,616.81
173,1,3,66,2,64,200,1,1,1,904.2
173,1,3,67,7,64,200,2,2,1,908.23
173,1,3,68,13,64,200,2,2,1,485.23
173,1,3,69,1,64,200,1,1,1,660.31
173,1,3,70,7,64,200,2,2,1,615.56
173,1,3,71,2,64,200,1,1,1,777.45
173,1,3,72,6,64,200,2,2,1,568.37
173,1,3,73,9,64,200,2,2,1,551.28
173,1,3,74,10,64,200,2,2,1,919.64
173,1,3,75,5,64,200,2,2,1,1831.2
173,1,3,76,5,64,200,2,2,1,567.2
173,1,3,77,7,64,200,2,2,1,907.65
173,1,3,78,11,64,200,2,2,1,717.4
173,1,3,79,2,64,200,1,1,1,726.22
173,1,3,80,2,64,200,1,1,1,442.76
173,1,3,81,3,64,200,1,1,1,399.07
173,1,3,82,4,64,200,1,1,1,681.46
173,1,3,83,4,64,200,1,1,1,381.04
173,1,3,84,10,64,200,2,2,1,447.59
173,1,3,85,2,64,200,1,1,1,597.55
173,1,3,1,2,64,200,1,1,1,586.56
173,1,3,2,1,64,200,1,1,1,546.43
173,1,3,3,12,64,200,2,2,1,832.67
173,1,3,4,2,64,200,1,1,1,527.01
173,1,3,5,2,64,200,1,1,1,484.87
173,1,3,6,7,64,200,2,2,1,568.96
173,1,3,7,4,64,200,1,1,1,410.42
173,1,3,8,1,64,200,1,1,1,553.67
173,1,3,9,10,64,200,2,2,1,502.15
173,1,3,10,2,64,200,1,1,1,570.18
173,1,3,11,3,64,200,1,1,1,1012.1
173,1,3,12,12,64,200,2,2,1,877.28
173,1,3,13,1,64,200,1,1,1,1091.7
173,1,3,14,6,64,200,2,2,1,839.23
173,1,3,15,10,64,200,2,2,1,1047.3
173,1,3,16,3,64,200,1,1,1,538.12
173,1,3,17,9,64,200,2,2,1,665.58
173,1,3,18,5,64,200,2,2,1,627.62
173,1,3,19,4,64,200,1,1,1,1198.4
173,1,3,20,3,64,200,1,1,1,1386.2
173,1,3,21,3,64,200,1,1,1,626.23
173,1,3,22,2,64,200,1,1,1,631.11
173,1,3,23,13,64,200,2,2,1,539.49
173,1,3,24,9,64,200,2,2,1,583.94
173,1,3,25,5,64,200,2,2,1,511.35
173,1,3,26,3,64,200,1,1,1,835.57
173,1,3,27,5,64,200,2,2,1,1349.7
173,1,3,28,4,64,200,1,1,1,608.73
173,1,3,29,1,64,200,1,1,1,480.91
173,1,3,30,1,64,200,1,1,1,368.8
173,1,3,31,2,64,200,1,1,1,440.84
173,1,3,32,10,64,200,2,2,1,718.19
173,1,3,33,10,64,200,2,2,1,591.47
173,1,3,34,8,64,200,2,2,1,988.64
173,1,3,35,8,64,200,2,2,1,602.99
173,1,3,36,8,64,200,2,2,1,509.29
173,1,3,37,8,64,200,2,2,1,526.41
173,1,3,38,2,64,200,1,1,1,947.13
173,1,3,39,11,64,200,2,2,1,619.93
173,1,3,40,12,64,200,2,2,1,535.2
173,1,3,41,1,64,200,1,1,1,706.52
173,1,3,42,7,64,200,2,2,1,579.5
173,1,3,43,11,64,200,2,2,1,709.46
173,1,3,44,3,64,200,1,1,1,771.72
173,1,3,45,9,64,200,2,2,1,510.67
173,1,3,46,3,64,200,1,1,1,1702.5
173,1,3,47,1,64,200,1,1,1,810.84
173,1,3,48,4,64,200,1,1,1,1206.1
173,1,3,49,13,64,200,2,2,1,568.43
173,1,3,50,4,64,200,1,1,1,684.82
173,1,3,51,9,64,200,2,2,1,689.31
173,1,3,52,13,64,200,2,2,1,671.47
173,1,3,53,5,64,200,2,2,1,714.28
173,1,3,54,12,64,200,2,2,1,1840.3
173,1,3,55,3,64,200,1,1,1,766.9
173,1,3,56,8,64,200,2,2,1,844.79
173,1,3,57,2,64,200,1,1,1,976.5
173,1,3,58,11,64,200,2,2,1,663.21
173,1,3,59,5,64,200,2,2,1,784.04
173,1,3,60,1,64,200,1,1,1,632.46
173,1,3,61,4,64,200,1,1,1,1299.9
173,1,3,62,3,64,200,1,1,1,788.34
173,1,3,63,11,64,200,2,2,1,485.85
173,1,3,64,11,64,200,2,2,1,482.86
173,1,3,65,6,64,200,2,2,1,683.71
173,1,3,66,7,64,200,2,2,1,803.06
173,1,3,67,13,64,200,2,2,1,726.25
173,1,3,68,4,64,200,1,1,1,756.35
173,1,3,69,4,64,200,1,1,1,614.44
173,1,3,70,4,64,200,1,1,1,618.56
173,1,3,71,6,64,200,2,2,1,547.48
173,1,3,72,7,64,200,2,2,1,754.23
173,1,3,73,1,64,200,1,1,1,579.79
173,1,3,74,3,64,200,1,1,1,563.78
173,1,3,75,12,64,200,2,2,1,836.69
173,1,3,76,4,64,200,1,1,1,552.95
173,1,3,77,6,64,200,2,2,1,661.75
173,1,3,78,1,64,200,1,1,1,666.94
173,1,3,79,10,64,200,2,2,1,594.87
173,1,3,80,9,64,200,2,2,1,869.2
173,1,3,81,2,64,200,1,1,1,726.02
173,1,3,82,2,64,200,1,1,1,757.81
173,1,3,83,13,64,200,2,2,1,486.64
173,1,3,84,6,64,200,2,2,1,719.37
173,1,3,85,7,64,200,2,2,1,773.17
173,1,3,1,4,64,200,1,1,1,1338.1
173,1,3,2,5,64,200,2,2,1,596.88
173,1,3,3,10,64,200,2,2,1,529.32
173,1,3,4,12,64,200,2,2,1,1230.2
173,1,3,5,4,64,200,1,1,1,2163.6
173,1,3,6,9,64,200,2,2,1,575
173,1,3,7,2,64,200,1,1,1,739.28
173,1,3,8,2,64,200,2,1,0,534.63
173,1,3,9,3,64,200,1,1,1,568.89
173,1,3,10,13,64,200,2,2,1,574.63
173,1,3,11,5,64,200,2,2,1,554.55
173,1,3,12,4,64,200,1,1,1,654.73
173,1,3,13,13,64,200,2,2,1,619.55
173,1,3,14,3,64,200,1,1,1,1072
173,1,3,15,10,64,200,2,2,1,1620.1
173,1,3,16,10,64,200,2,2,1,557.31
173,1,3,17,4,64,200,1,1,1,986.93
173,1,3,18,3,64,200,1,1,1,771.19
173,1,3,19,2,64,200,1,1,1,1204.4
173,1,3,20,5,64,200,2,2,1,633.04
173,1,3,21,5,64,200,2,2,1,590.79
173,1,3,22,10,64,200,2,2,1,655.91
173,1,3,23,13,64,200,2,2,1,804.36
173,1,3,24,11,64,200,2,2,1,605.13
173,1,3,25,9,64,200,2,2,1,657.2
173,1,3,26,9,64,200,2,2,1,422.58
173,1,3,27,10,64,200,2,2,1,1430.8
173,1,3,28,1,64,200,1,1,1,904.17
173,1,3,29,11,64,200,2,2,1,600.93
173,1,3,30,12,64,200,2,2,1,589.78
173,1,3,31,3,64,200,1,1,1,528.5
173,1,3,32,1,64,200,1,1,1,696.59
173,1,3,33,11,64,200,2,2,1,554.89
173,1,3,34,9,64,200,2,2,1,501.27
173,1,3,35,4,64,200,1,1,1,1219.1
173,1,3,36,4,64,200,1,1,1,1549.6
173,1,3,37,1,64,200,1,1,1,822.98
173,1,3,38,6,64,200,2,2,1,1041.4
173,1,3,39,3,64,200,1,1,1,631.41
173,1,3,40,3,64,200,1,1,1,555.63
173,1,3,41,13,64,200,2,2,1,564.65
173,1,3,42,2,64,200,1,1,1,453.77
173,1,3,43,1,64,200,1,1,1,528.12
173,1,3,44,7,64,200,2,2,1,623.78
173,1,3,45,8,64,200,2,2,1,1283.4
173,1,3,46,8,64,200,2,2,1,572.27
173,1,3,47,1,64,200,1,1,1,546.62
173,1,3,48,4,64,200,1,1,1,566.04
173,1,3,49,7,64,200,2,2,1,1516.4
173,1,3,50,4,64,200,1,1,1,1020.3
173,1,3,51,2,64,200,1,1,1,560.53
173,1,3,52,12,64,200,2,2,1,988.03
173,1,3,53,8,64,200,2,2,1,542.76
173,1,3,54,2,64,200,1,1,1,816.85
173,1,3,55,1,64,200,1,1,1,1141.4
173,1,3,56,7,64,200,2,2,1,657.93
173,1,3,57,4,64,200,1,1,1,653.99
173,1,3,58,1,64,200,1,1,1,575.43
173,1,3,59,4,64,200,1,1,1,616.46
173,1,3,60,2,64,200,1,1,1,524.94
173,1,3,61,1,64,200,1,1,1,486.99
173,1,3,62,6,64,200,2,2,1,709.08
173,1,3,63,8,64,200,2,2,1,859.13
173,1,3,64,12,64,200,2,2,1,909.94
173,1,3,65,3,64,200,1,1,1,702.97
173,1,3,66,3,64,200,1,1,1,613.41
173,1,3,67,1,64,200,1,1,1,559.28
173,1,3,68,7,64,200,2,2,1,594.01
173,1,3,69,9,64,200,2,2,1,608.55
173,1,3,70,6,64,200,2,2,1,566.31
173,1,3,71,5,64,200,2,2,1,696.16
173,1,3,72,6,64,200,2,2,1,433.34
173,1,3,73,13,64,200,2,2,1,1086.9
173,1,3,74,11,64,200,2,2,1,532.92
173,1,3,75,2,64,200,1,1,1,846.4
173,1,3,76,8,64,200,2,2,1,695.55
173,1,3,77,2,64,200,1,1,1,1787
173,1,3,78,1,64,200,1,1,1,597.82
173,1,3,79,11,64,200,2,2,1,507.6
173,1,3,80,6,64,200,2,2,1,1015.3
173,1,3,81,2,64,200,1,1,1,638.23
173,1,3,82,3,64,200,1,1,1,431.06
173,1,3,83,12,64,200,2,2,1,549.62
173,1,3,84,7,64,200,1,2,0,2007.3
173,1,3,85,3,64,200,1,1,1,650.69
173,1,3,1,12,64,200,2,2,1,2011.2
173,1,3,2,13,64,200,2,2,1,552.84
173,1,3,3,7,64,200,2,2,1,800.04
173,1,3,4,7,64,200,2,2,1,566.93
173,1,3,5,11,64,200,2,2,1,1500.1
173,1,3,6,6,64,200,2,2,1,548.88
173,1,3,7,2,64,200,1,1,1,2133.4
173,1,3,8,3,64,200,1,1,1,1675.7
173,1,3,9,11,64,200,2,2,1,521.41
173,1,3,10,4,64,200,1,1,1,668.29
173,1,3,11,8,64,200,2,2,1,870.05
173,1,3,12,10,64,200,2,2,1,502.02
173,1,3,13,3,64,200,1,1,1,615.13
173,1,3,14,1,64,200,1,1,1,878.22
173,1,3,15,7,64,200,2,2,1,656.62
173,1,3,16,9,64,200,2,2,1,566.7
173,1,3,17,1,64,200,1,1,1,581.58
173,1,3,18,6,64,200,2,2,1,718.49
173,1,3,19,13,64,200,2,2,1,638.81
173,1,3,20,1,64,200,1,1,1,626.63
173,1,3,21,4,64,200,1,1,1,926.06
173,1,3,22,3,64,200,1,1,1,890.37
173,1,3,23,3,64,200,1,1,1,538.42
173,1,3,24,10,64,200,2,2,1,492.21
173,1,3,25,5,64,200,2,2,1,607.69
173,1,3,26,4,64,200,1,1,1,880.72
173,1,3,27,3,64,200,1,1,1,491.67
173,1,3,28,9,64,200,2,2,1,697
173,1,3,29,8,64,200,2,2,1,848.42
173,1,3,30,3,64,200,1,1,1,1070.1
173,1,3,31,4,64,200,1,1,1,619.12
173,1,3,32,5,64,200,2,2,1,587.14
173,1,3,33,1,64,200,1,1,1,697.53
173,1,3,34,4,64,200,1,1,1,562.55
173,1,3,35,2,64,200,1,1,1,585.42
173,1,3,36,1,64,200,1,1,1,602.61
173,1,3,37,1,64,200,1,1,1,557.76
173,1,3,38,3,64,200,1,1,1,685.57
173,1,3,39,2,64,200,1,1,1,554.62
173,1,3,40,3,64,200,1,1,1,465.28
173,1,3,41,9,64,200,2,2,1,625.74
173,1,3,42,5,64,200,2,2,1,715.69
173,1,3,43,11,64,200,2,2,1,690.07
173,1,3,44,6,64,200,2,2,1,524.08
173,1,3,45,1,64,200,1,1,1,552.5
173,1,3,46,13,64,200,2,2,1,820.79
173,1,3,47,12,64,200,2,2,1,514.31
173,1,3,48,13,64,200,2,2,1,472.32
173,1,3,49,9,64,200,2,2,1,782.31
173,1,3,50,10,64,200,2,2,1,689.27
173,1,3,51,7,64,200,2,2,1,1332.6
173,1,3,52,8,64,200,2,2,1,491.77
173,1,3,53,2,64,200,2,1,0,472.94
173,1,3,54,13,64,200,2,2,1,701.69
173,1,3,55,5,64,200,2,2,1,553.87
173,1,3,56,5,64,200,2,2,1,564.33
173,1,3,57,1,64,200,1,1,1,970.93
173,1,3,58,11,64,200,2,2,1,573.07
173,1,3,59,4,64,200,1,1,1,1200.6
173,1,3,60,2,64,200,1,1,1,690.35
173,1,3,61,4,64,200,1,1,1,703.37
173,1,3,62,12,64,200,2,2,1,617.84
173,1,3,63,6,64,200,2,2,1,744.01
173,1,3,64,12,64,200,2,2,1,1271.8
173,1,3,65,4,64,200,1,1,1,716.92
173,1,3,66,9,64,200,2,2,1,750.09
173,1,3,67,3,64,200,1,1,1,895.39
173,1,3,68,2,64,200,1,1,1,674.08
173,1,3,69,7,64,200,2,2,1,766.73
173,1,3,70,1,64,200,1,1,1,742.06
173,1,3,71,10,64,200,2,2,1,643.32
173,1,3,72,1,64,200,1,1,1,787.56
173,1,3,73,2,64,200,1,1,1,905.91
173,1,3,74,4,64,200,1,1,1,639.22
173,1,3,75,8,64,200,1,2,0,598.35
173,1,3,76,6,64,200,2,2,1,619.64
173,1,3,77,2,64,200,1,1,1,790.92
173,1,3,78,8,64,200,2,2,1,504.8
173,1,3,79,12,64,200,2,2,1,581.62
173,1,3,80,2,64,200,1,1,1,586.61
173,1,3,81,11,64,200,2,2,1,567.05
173,1,3,82,10,64,200,2,2,1,552.49
173,1,3,83,4,64,200,2,1,0,583.29
173,1,3,84,2,64,200,1,1,1,764.51
173,1,3,85,3,64,200,1,1,1,795.68
173,1,3,1,2,64,200,2,1,0,1835.6
173,1,3,2,4,64,200,1,1,1,2078
173,1,3,3,8,64,200,2,2,1,1622.8
173,1,3,4,4,64,200,1,1,1,2104.2
173,1,3,5,8,64,200,2,2,1,700.12
173,1,3,6,4,64,200,1,1,1,986.05
173,1,3,7,6,64,200,2,2,1,617.62
173,1,3,8,6,64,200,2,2,1,579.27
173,1,3,9,1,64,200,1,1,1,663.55
173,1,3,10,3,64,200,1,1,1,1076.9
173,1,3,11,3,64,200,1,1,1,551.15
173,1,3,12,12,64,200,2,2,1,571.09
173,1,3,13,13,64,200,2,2,1,800.56
173,1,3,14,7,64,200,2,2,1,797.4
173,1,3,15,1,64,200,1,1,1,657.68
173,1,3,16,1,64,200,1,1,1,691.8
173,1,3,17,5,64,200,2,2,1,642.53
173,1,3,18,10,64,200,2,2,1,693.96
173,1,3,19,4,64,200,1,1,1,748.57
173,1,3,20,1,64,200,1,1,1,557.31
173,1,3,21,2,64,200,1,1,1,701.83
173,1,3,22,5,64,200,2,2,1,583.75
173,1,3,23,9,64,200,2,2,1,571.05
173,1,3,24,12,64,200,2,2,1,1583.8
173,1,3,25,11,64,200,2,2,1,642.81
173,1,3,26,13,64,200,2,2,1,515.33
173,1,3,27,8,64,200,2,2,1,681
173,1,3,28,9,64,200,2,2,1,508.84
173,1,3,29,5,64,200,2,2,1,1063.7
173,1,3,30,3,64,200,1,1,1,675.37
173,1,3,31,2,64,200,1,1,1,744.66
173,1,3,32,2,64,200,1,1,1,597.85
173,1,3,33,3,64,200,1,1,1,1117.4
173,1,3,34,1,64,200,1,1,1,628.42
173,1,3,35,3,64,200,1,1,1,681.33
173,1,3,36,1,64,200,1,1,1,516.2
173,1,3,37,3,64,200,1,1,1,580.5
173,1,3,38,3,64,200,1,1,1,456.74
173,1,3,39,3,64,200,1,1,1,431.66
173,1,3,40,7,64,200,2,2,1,595.27
173,1,3,41,4,64,200,1,1,1,749.99
173,1,3,42,6,64,200,2,2,1,552.57
173,1,3,43,7,64,200,2,2,1,689.7
173,1,3,44,10,64,200,2,2,1,956.02
173,1,3,45,2,64,200,1,1,1,997.06
173,1,3,46,11,64,200,2,2,1,772.01
173,1,3,47,4,64,200,1,1,1,696.11
173,1,3,48,11,64,200,2,2,1,577.91
173,1,3,49,6,64,200,2,2,1,564.39
173,1,3,50,2,64,200,1,1,1,505.35
173,1,3,51,4,64,200,1,1,1,1034.7
173,1,3,52,10,64,200,2,2,1,528.3
173,1,3,53,5,64,200,2,2,1,672.95
173,1,3,54,6,64,200,2,2,1,559.62
173,1,3,55,1,64,200,1,1,1,552.24
173,1,3,56,9,64,200,2,2,1,513.82
173,1,3,57,12,64,200,2,2,1,515.56
173,1,3,58,12,64,200,2,2,1,722.84
173,1,3,59,12,64,200,2,2,1,451.55
173,1,3,60,4,64,200,1,1,1,704.2
173,1,3,61,13,64,200,2,2,1,676.94
173,1,3,62,8,64,200,2,2,1,1067
173,1,3,63,2,64,200,1,1,1,661.75
173,1,3,64,3,64,200,1,1,1,789.1
173,1,3,65,2,64,200,1,1,1,617.6
173,1,3,66,7,64,200,2,2,1,809.62
173,1,3,67,2,64,200,1,1,1,620.49
173,1,3,68,13,64,200,2,2,1,601.57
173,1,3,69,9,64,200,2,2,1,674.82
173,1,3,70,11,64,200,2,2,1,734.45
173,1,3,71,13,64,200,2,2,1,589.45
173,1,3,72,1,64,200,1,1,1,531.95
173,1,3,73,8,64,200,2,2,1,575.63
173,1,3,74,9,64,200,2,2,1,564.92
173,1,3,75,3,64,200,1,1,1,711.62
173,1,3,76,2,64,200,1,1,1,667.28
173,1,3,77,7,64,200,2,2,1,617.61
173,1,3,78,11,64,200,2,2,1,724.28
173,1,3,79,4,64,200,1,1,1,1047.9
173,1,3,80,5,64,200,2,2,1,564.16
173,1,3,81,1,64,200,1,1,1,626.4
173,1,3,82,10,64,200,2,2,1,649.09
173,1,3,83,10,64,200,2,2,1,591.36
173,1,3,84,4,64,200,1,1,1,816.46
173,1,3,85,1,64,200,1,1,1,541.99
173,1,3,1,2,64,200,1,1,1,811.02
173,1,3,2,8,64,200,2,2,1,786.49
173,1,3,3,3,64,200,1,1,1,600.58
173,1,3,4,1,64,200,1,1,1,535.68
173,1,3,5,10,64,200,2,2,1,523.66
173,1,3,6,1,64,200,2,1,0,558.14
173,1,3,7,11,64,200,2,2,1,827.88
173,1,3,8,3,64,200,1,1,1,626.01
173,1,3,9,3,64,200,1,1,1,556.55
173,1,3,10,1,64,200,1,1,1,483.74
173,1,3,11,12,64,200,2,2,1,568.5
173,1,3,12,2,64,200,1,1,1,770.52
173,1,3,13,1,64,200,1,1,1,540.09
173,1,3,14,5,64,200,2,2,1,483.92
173,1,3,15,1,64,200,1,1,1,538.46
173,1,3,16,9,64,200,2,2,1,564.83
173,1,3,17,3,64,200,1,1,1,565.94
173,1,3,18,5,64,200,2,2,1,457.89
173,1,3,19,10,64,200,2,2,1,571.01
173,1,3,20,4,64,200,1,1,1,698.15
173,1,3,21,2,64,200,1,1,1,711.57
173,1,3,22,4,64,200,1,1,1,756.2
173,1,3,23,4,64,200,1,1,1,755.19
173,1,3,24,8,64,200,1,2,0,625.64
173,1,3,25,2,64,200,1,1,1,639.67
173,1,3,26,5,64,200,2,2,1,567.81
173,1,3,27,7,64,200,2,2,1,702.19
173,1,3,28,11,64,200,2,2,1,806.41
173,1,3,29,4,64,200,1,1,1,712.37
173,1,3,30,9,64,200,2,2,1,561.8
173,1,3,31,12,64,200,2,2,1,567.02
173,1,3,32,6,64,200,2,2,1,545.58
173,1,3,33,6,64,200,2,2,1,562.47
173,1,3,34,4,64,200,1,1,1,790.61
173,1,3,35,13,64,200,2,2,1,587.55
173,1,3,36,3,64,200,1,1,1,591.47
173,1,3,37,3,64,200,1,1,1,565.56
173,1,3,38,4,64,200,2,1,0,1082.6
173,1,3,39,7,64,200,2,2,1,789.39
173,1,3,40,13,64,200,2,2,1,691.17
173,1,3,41,2,64,200,1,1,1,710.63
173,1,3,42,1,64,200,1,1,1,532.78
173,1,3,43,8,64,200,2,2,1,716.25
173,1,3,44,3,64,200,1,1,1,591.51
173,1,3,45,2,64,200,1,1,1,432.21
173,1,3,46,4,64,200,1,1,1,800.32
173,1,3,47,13,64,200,2,2,1,504.43
173,1,3,48,11,64,200,2,2,1,549.87
173,1,3,49,7,64,200,2,2,1,764.78
173,1,3,50,11,64,200,2,2,1,697.56
173,1,3,51,6,64,200,2,2,1,1463.8
173,1,3,52,9,64,200,2,2,1,636.47
173,1,3,53,6,64,200,2,2,1,532.75
173,1,3,54,12,64,200,2,2,1,636.08
173,1,3,55,7,64,200,2,2,1,1751.4
173,1,3,56,1,64,200,1,1,1,418.06
173,1,3,57,12,64,200,2,2,1,1043.5
173,1,3,58,8,64,200,2,2,1,1358.5
173,1,3,59,4,64,200,1,1,1,691.98
173,1,3,60,4,64,200,1,1,1,477.32
173,1,3,61,3,64,200,1,1,1,431.88
173,1,3,62,8,64,200,2,2,1,611.58
173,1,3,63,2,64,200,1,1,1,586.82
173,1,3,64,1,64,200,1,1,1,598.72
173,1,3,65,10,64,200,2,2,1,565.85
173,1,3,66,13,64,200,2,2,1,590.44
173,1,3,67,10,64,200,2,2,1,918.11
173,1,3,68,3,64,200,1,1,1,1095
173,1,3,69,1,64,200,1,1,1,563.91
173,1,3,70,5,64,200,2,2,1,547.1
173,1,3,71,4,64,200,1,1,1,547.4
173,1,3,72,6,64,200,2,2,1,891.91
173,1,3,73,11,64,200,2,2,1,582.19
173,1,3,74,9,64,200,2,2,1,715.05
173,1,3,75,2,64,200,1,1,1,976.61
173,1,3,76,12,64,200,2,2,1,540.36
173,1,3,77,3,64,200,1,1,1,724.65
173,1,3,78,10,64,200,2,2,1,667.06
173,1,3,79,5,64,200,2,2,1,766.7
173,1,3,80,2,64,200,1,1,1,662.93
173,1,3,81,1,64,200,1,1,1,763.75
173,1,3,82,7,64,200,2,2,1,633.43
173,1,3,83,13,64,200,2,2,1,910.59
173,1,3,84,2,64,200,1,1,1,584.62
173,1,3,85,9,64,200,2,2,1,649.74
173,1,3,1,3,64,200,1,1,1,730.18
173,1,3,2,4,64,200,2,1,0,594.54
173,1,3,3,13,64,200,2,2,1,634.08
173,1,3,4,3,64,200,1,1,1,593.62
173,1,3,5,3,64,200,1,1,1,688.56
173,1,3,6,10,64,200,2,2,1,599.56
173,1,3,7,3,64,200,1,1,1,548.23
173,1,3,8,7,64,200,2,2,1,753.22
173,1,3,9,4,64,200,2,1,0,774.94
173,1,3,10,8,64,200,1,2,0,580.72
173,1,3,11,1,64,200,1,1,1,994.84
173,1,3,12,4,64,200,1,1,1,1779.4
173,1,3,13,10,64,200,2,2,1,972.56
173,1,3,14,9,64,200,2,2,1,1521
173,1,3,15,7,64,200,2,2,1,1159
173,1,3,16,5,64,200,2,2,1,1513.5
173,1,3,17,1,64,200,1,1,1,637.29
173,1,3,18,2,64,200,1,1,1,1622.2
173,1,3,19,2,64,200,1,1,1,721.36
173,1,3,20,1,64,200,1,1,1,1725.8
173,1,3,21,4,64,200,2,1,0,1864.1
173,1,3,22,8,64,200,2,2,1,595.99
173,1,3,23,2,64,200,1,1,1,673.06
173,1,3,24,13,64,200,2,2,1,564.48
173,1,3,25,4,64,200,1,1,1,1258.7
173,1,3,26,1,64,200,1,1,1,511.8
173,1,3,27,7,64,200,2,2,1,980.39
173,1,3,28,8,64,200,2,2,1,746.77
173,1,3,29,10,64,200,2,2,1,1050.6
173,1,3,30,4,64,200,1,1,1,623.19
173,1,3,31,4,64,200,1,1,1,671.9
173,1,3,32,2,64,200,1,1,1,615.25
173,1,3,33,7,64,200,2,2,1,535.97
173,1,3,34,1,64,200,1,1,1,760.08
173,1,3,35,6,64,200,2,2,1,474.83
173,1,3,36,11,64,200,2,2,1,491.14
173,1,3,37,1,64,200,1,1,1,619.33
173,1,3,38,3,64,200,1,1,1,781.1
173,1,3,39,12,64,200,2,2,1,1085.4
173,1,3,40,3,64,200,1,1,1,672.19
173,1,3,41,5,64,200,2,2,1,533.29
173,1,3,42,6,64,200,2,2,1,654.03
173,1,3,43,11,64,200,2,2,1,625.19
173,1,3,44,3,64,200,1,1,1,567.85
173,1,3,45,1,64,200,1,1,1,384.64
173,1,3,46,10,64,200,2,2,1,479.16
173,1,3,47,8,64,200,2,2,1,555.29
173,1,3,48,1,64,200,1,1,1,491.75
173,1,3,49,1,64,200,1,1,1,436.74
173,1,3,50,13,64,200,2,2,1,694.97
173,1,3,51,9,64,200,2,2,1,551.62
173,1,3,52,6,64,200,2,2,1,957.87
173,1,3,53,2,64,200,1,1,1,1353.6
173,1,3,54,5,64,200,2,2,1,1787.9
173,1,3,55,2,64,200,1,1,1,541.87
173,1,3,56,2,64,200,1,1,1,776.77
173,1,3,57,3,64,200,1,1,1,635.28
173,1,3,58,12,64,200,2,2,1,972.08
173,1,3,59,10,64,200,2,2,1,704.5
173,1,3,60,9,64,200,2,2,1,616.36
173,1,3,61,11,64,200,2,2,1,620.76
173,1,3,62,13,64,200,2,2,1,585.77
173,1,3,63,4,64,200,1,1,1,593.13
173,1,3,64,4,64,200,1,1,1,688.97
173,1,3,65,9,64,200,2,2,1,612.46
173,1,3,66,8,64,200,2,2,1,986.83
173,1,3,67,2,64,200,1,1,1,510.31
173,1,3,68,5,64,200,2,2,1,651.86
173,1,3,69,9,64,200,2,2,1,612.47
173,1,3,70,11,64,200,2,2,1,1105.6
173,1,3,71,12,64,200,2,2,1,562.85
173,1,3,72,3,64,200,1,1,1,757.72
173,1,3,73,5,64,200,2,2,1,1929.1
173,1,3,74,6,64,200,2,2,1,573.53
173,1,3,75,4,64,200,1,1,1,520.75
173,1,3,76,11,64,200,2,2,1,604.18
173,1,3,77,7,64,200,2,2,1,753.3
173,1,3,78,12,64,200,2,2,1,601.59
173,1,3,79,1,64,200,1,1,1,745.49
173,1,3,80,12,64,200,2,2,1,1193
173,1,3,81,13,64,200,2,2,1,1005.5
173,1,3,82,3,64,200,1,1,1,751.98
173,1,3,83,6,64,200,2,2,1,992.25
173,1,3,84,2,64,200,1,1,1,735.2
173,1,3,85,2,64,200,1,1,1,525.07
173,1,3,1,2,64,200,1,1,1,1336.9
173,1,3,2,10,64,200,2,2,1,547.63
173,1,3,3,1,64,200,1,1,1,574.61
173,1,3,4,10,64,200,2,2,1,634.61
173,1,3,5,5,64,200,2,2,1,671.54
173,1,3,6,3,64,200,1,1,1,770.83
173,1,3,7,6,64,200,2,2,1,853.41
173,1,3,8,3,64,200,1,1,1,740.65
173,1,3,9,7,64,200,2,2,1,697.82
173,1,3,10,11,64,200,2,2,1,837.59
173,1,3,11,5,64,200,2,2,1,634.04
173,1,3,12,11,64,200,2,2,1,587.98
173,1,3,13,6,64,200,2,2,1,494.13
173,1,3,14,9,64,200,2,2,1,425.34
173,1,3,15,4,64,200,1,1,1,920.62
173,1,3,16,2,64,200,1,1,1,491.06
173,1,3,17,8,64,200,1,2,0,389.34
173,1,3,18,1,64,200,1,1,1,545.42
173,1,3,19,2,64,200,1,1,1,635.78
173,1,3,20,1,64,200,1,1,1,423.34
173,1,3,21,2,64,200,1,1,1,500.32
173,1,3,22,13,64,200,2,2,1,597.72
173,1,3,23,4,64,200,1,1,1,653.05
173,1,3,24,3,64,200,1,1,1,460.35
173,1,3,25,13,64,200,2,2,1,547.8
173,1,3,26,8,64,200,2,2,1,644.1
173,1,3,27,12,64,200,2,2,1,706.1
173,1,3,28,2,64,200,1,1,1,585.29
173,1,3,29,9,64,200,2,2,1,571.18
173,1,3,30,5,64,200,2,2,1,1236.7
173,1,3,31,2,64,200,1,1,1,553.84
173,1,3,32,4,64,200,1,1,1,562
173,1,3,33,10,64,200,2,2,1,600.7
173,1,3,34,7,64,200,2,2,1,689.58
173,1,3,35,6,64,200,2,2,1,673.71
173,1,3,36,3,64,200,1,1,1,840.23
173,1,3,37,5,64,200,2,2,1,1275.7
173,1,3,38,8,64,200,2,2,1,622.69
173,1,3,39,12,64,200,2,2,1,641.51
173,1,3,40,1,64,200,1,1,1,906.4
173,1,3,41,6,64,200,2,2,1,1042.3
173,1,3,42,5,64,200,2,2,1,633.21
173,1,3,43,10,64,200,2,2,1,981.26
173,1,3,44,1,64,200,1,1,1,1121.8
173,1,3,45,2,64,200,1,1,1,1111.8
173,1,3,46,9,64,200,2,2,1,535.79
173,1,3,47,8,64,200,2,2,1,660.41
173,1,3,48,4,64,200,1,1,1,788.84
173,1,3,49,1,64,200,1,1,1,725.91
173,1,3,50,3,64,200,1,1,1,521.89
173,1,3,51,11,64,200,2,2,1,563.53
173,1,3,52,3,64,200,1,1,1,494.86
173,1,3,53,7,64,200,2,2,1,806.5
173,1,3,54,2,64,200,1,1,1,1400.9
173,1,3,55,1,64,200,1,1,1,495.39
173,1,3,56,10,64,200,2,2,1,820.96
173,1,3,57,12,64,200,2,2,1,561.36
173,1,3,58,3,64,200,1,1,1,610.07
173,1,3,59,3,64,200,1,1,1,443.57
173,1,3,60,8,64,200,2,2,1,721.02
173,1,3,61,3,64,200,1,1,1,562.68
173,1,3,62,4,64,200,1,1,1,469.38
173,1,3,63,2,64,200,1,1,1,388.45
173,1,3,64,4,64,200,1,1,1,375.19
173,1,3,65,11,64,200,2,2,1,614.96
173,1,3,66,3,64,200,1,1,1,608.73
173,1,3,67,12,64,200,2,2,1,804.93
173,1,3,68,7,64,200,2,2,1,726.19
173,1,3,69,4,64,200,1,1,1,1106.8
173,1,3,70,4,64,200,1,1,1,669.88
173,1,3,71,12,64,200,2,2,1,692.23
173,1,3,72,6,64,200,2,2,1,700.82
173,1,3,73,1,64,200,1,1,1,874.34
173,1,3,74,2,64,200,1,1,1,1440.1
173,1,3,75,4,64,200,1,1,1,1132.8
173,1,3,76,13,64,200,2,2,1,2922
173,1,3,77,9,64,200,2,2,1,795.9
173,1,3,78,7,64,200,2,2,1,842.76
173,1,3,79,4,64,200,1,1,1,638.73
173,1,3,80,9,64,200,2,2,1,761.48
173,1,3,81,13,64,200,2,2,1,683.28
173,1,3,82,13,64,200,2,2,1,580.19
173,1,3,83,1,64,200,1,1,1,643.9
173,1,3,84,11,64,200,2,2,1,691.26
173,1,3,85,1,64,200,1,1,1,554.53
