103,1,5,1,4,64,200,2,1,0,1266.8
103,1,5,2,2,64,200,1,1,1,655.4
103,1,5,3,11,64,200,2,2,1,468.48
103,1,5,4,9,64,200,2,2,1,620.38
103,1,5,5,10,64,200,2,2,1,404.32
103,1,5,6,8,64,200,2,2,1,1135.1
103,1,5,7,3,64,200,1,1,1,704.05
103,1,5,8,1,64,200,1,1,1,446.21
103,1,5,9,2,64,200,1,1,1,574
103,1,5,10,6,64,200,2,2,1,503.03
103,1,5,11,12,64,200,2,2,1,351.71
103,1,5,12,3,64,200,1,1,1,519.8
103,1,5,13,7,64,200,2,2,1,507.52
103,1,5,14,1,64,200,1,1,1,467.31
103,1,5,15,4,64,200,1,1,1,658.29
103,1,5,16,5,64,200,2,2,1,507.85
103,1,5,17,13,64,200,2,2,1,355
103,1,5,18,9,64,200,2,2,1,484.28
103,1,5,19,11,64,200,2,2,1,508.91
103,1,5,20,3,64,200,1,1,1,570.18
103,1,5,21,1,64,200,1,1,1,502.26
103,1,5,22,1,64,200,1,1,1,483.51
103,1,5,23,13,64,200,2,2,1,395.71
103,1,5,24,5,64,200,2,2,1,571.67
103,1,5,25,9,64,200,2,2,1,664
103,1,5,26,12,64,200,2,2,1,448.2
103,1,5,27,11,64,200,2,2,1,394.09
103,1,5,28,5,64,200,2,2,1,545.86
103,1,5,29,2,64,200,1,1,1,657.01
103,1,5,30,7,64,200,2,2,1,479.98
103,1,5,31,2,64,200,1,1,1,751.16
103,1,5,32,5,64,200,2,2,1,567.06
103,1,5,33,3,64,200,1,1,1,690.55
103,1,5,34,12,64,200,2,2,1,417.87
103,1,5,35,5,64,200,2,2,1,717.02
103,1,5,36,5,64,200,2,2,1,566.14
103,1,5,37,8,64,200,2,2,1,589.11
103,1,5,38,11,64,200,2,2,1,563.16
103,1,5,39,13,64,200,2,2,1,387.66
103,1,5,40,3,64,200,1,1,1,769
103,1,5,41,12,64,200,2,2,1,501.67
103,1,5,42,4,64,200,1,1,1,779.82
103,1,5,43,2,64,200,1,1,1,682.28
103,1,5,44,4,64,200,1,1,1,644.01
103,1,5,45,9,64,200,2,2,1,452.88
103,1,5,46,2,64,200,1,1,1,560.73
103,1,5,47,4,64,200,1,1,1,968.97
103,1,5,48,3,64,200,1,1,1,744.38
103,1,5,49,6,64,200,2,2,1,564.13
103,1,5,50,10,64,200,2,2,1,434
103,1,5,51,12,64,200,2,2,1,453.83
103,1,5,52,10,64,200,2,2,1,371.85
103,1,5,53,12,64,200,2,2,1,344.02
103,1,5,54,13,64,200,2,2,1,317.64
103,1,5,55,6,64,200,2,2,1,553.84
103,1,5,56,6,64,200,2,2,1,515.9
103,1,5,57,2,64,200,1,1,1,638.36
103,1,5,58,2,64,200,1,1,1,522.42
103,1,5,59,13,64,200,2,2,1,434.58
103,1,5,60,10,64,200,2,2,1,380.98
103,1,5,61,4,64,200,1,1,1,641.11
103,1,5,62,3,64,200,1,1,1,634.92
103,1,5,63,7,64,200,2,2,1,537.01
103,1,5,64,13,64,200,2,2,1,459.94
103,1,5,65,4,64,200,1,1,1,574.23
103,1,5,66,9,64,200,2,2,1,542.73
103,1,5,67,7,64,200,2,2,1,528.38
103,1,5,68,11,64,200,2,2,1,637.23
103,1,5,69,8,64,200,2,2,1,546.67
103,1,5,70,2,64,200,1,1,1,598.64
103,1,5,71,1,64,200,1,1,1,553.31
103,1,5,72,11,64,200,2,2,1,545.44
103,1,5,73,1,64,200,1,1,1,596.47
103,1,5,74,3,64,200,1,1,1,595.67
103,1,5,75,4,64,200,1,1,1,707.51
103,1,5,76,9,64,200,2,2,1,628.57
103,1,5,77,3,64,200,1,1,1,621.8
103,1,5,78,1,64,200,1,1,1,701.91
103,1,5,79,1,64,200,1,1,1,549.94
103,1,5,80,2,64,200,1,1,1,787.09
103,1,5,81,2,64,200,1,1,1,674.88
103,1,5,82,4,64,200,1,1,1,552.56
103,1,5,83,7,64,200,2,2,1,566.18
103,1,5,84,8,64,200,2,2,1,453.22
103,1,5,85,6,64,200,2,2,1,649.93
103,1,5,86,10,64,200,2,2,1,436.19
103,1,5,87,4,64,200,1,1,1,669.05
103,1,5,88,7,64,200,2,2,1,640.5
103,1,5,89,3,64,200,2,1,0,720.73
103,1,5,90,4,64,200,1,1,1,936.9
103,1,5,91,1,64,200,1,1,1,599.18
103,1,5,92,3,64,200,1,1,1,509.44
103,1,5,93,8,64,200,2,2,1,574.57
103,1,5,94,4,64,200,1,1,1,913.01
103,1,5,95,8,64,200,2,2,1,591.7
103,1,5,96,1,64,200,1,1,1,607.2
103,1,5,97,6,64,200,2,2,1,504.16
103,1,5,98,2,64,200,1,1,1,702.7
103,1,5,99,1,64,200,1,1,1,458.64
103,1,5,100,3,64,200,1,1,1,514.82
103,1,5,101,1,64,200,1,1,1,534.36
103,1,5,102,10,64,200,2,2,1,436.98
103,1,5,1,11,64,200,2,2,1,308.42
103,1,5,2,13,64,200,2,2,1,344.92
103,1,5,3,3,64,200,1,1,1,590.25
103,1,5,4,4,64,200,1,1,1,823.98
103,1,5,5,12,64,200,2,2,1,324.65
103,1,5,6,3,64,200,1,1,1,490.74
103,1,5,7,2,64,200,1,1,1,557.04
103,1,5,8,2,64,200,1,1,1,499.23
103,1,5,9,4,64,200,1,1,1,437.4
103,1,5,10,13,64,200,2,2,1,414.5
103,1,5,11,9,64,200,2,2,1,616.72
103,1,5,12,1,64,200,1,1,1,668.8
103,1,5,13,13,64,200,2,2,1,348.58
103,1,5,14,10,64,200,2,2,1,352.98
103,1,5,15,6,64,200,2,2,1,1353.1
103,1,5,16,13,64,200,2,2,1,434.95
103,1,5,17,5,64,200,2,2,1,495.06
103,1,5,18,11,64,200,2,2,1,354.48
103,1,5,19,9,64,200,2,2,1,432.85
103,1,5,20,10,64,200,2,2,1,327.77
103,1,5,21,1,64,200,1,1,1,405.61
103,1,5,22,1,64,200,1,1,1,417.12
103,1,5,23,8,64,200,2,2,1,463.23
103,1,5,24,1,64,200,1,1,1,648.32
103,1,5,25,5,64,200,2,2,1,645.67
103,1,5,26,1,64,200,1,1,1,581.48
103,1,5,27,3,64,200,1,1,1,489.88
103,1,5,28,2,64,200,1,1,1,531.54
103,1,5,29,3,64,200,1,1,1,432.14
103,1,5,30,10,64,200,2,2,1,386.87
103,1,5,31,1,64,200,1,1,1,526.83
103,1,5,32,11,64,200,2,2,1,393.75
103,1,5,33,4,64,200,1,1,1,862.07
103,1,5,34,7,64,200,2,2,1,863.53
103,1,5,35,3,64,200,1,1,1,626.85
103,1,5,36,3,64,200,1,1,1,573.63
103,1,5,37,3,64,200,1,1,1,528.26
103,1,5,38,4,64,200,1,1,1,687.1
103,1,5,39,7,64,200,2,2,1,488.79
103,1,5,40,8,64,200,2,2,1,685.64
103,1,5,41,13,64,200,2,2,1,419.34
103,1,5,42,2,64,200,1,1,1,631.32
103,1,5,43,12,64,200,2,2,1,435.6
103,1,5,44,6,64,200,2,2,1,675.99
103,1,5,45,8,64,200,2,2,1,518.57
103,1,5,46,5,64,200,2,2,1,764.92
103,1,5,47,11,64,200,2,2,1,428.52
103,1,5,48,3,64,200,1,1,1,837.93
103,1,5,49,2,64,200,1,1,1,814.71
103,1,5,50,3,64,200,1,1,1,491.34
103,1,5,51,2,64,200,1,1,1,863.55
103,1,5,52,7,64,200,2,2,1,455.47
103,1,5,53,10,64,200,2,2,1,413.15
103,1,5,54,9,64,200,2,2,1,633.88
103,1,5,55,3,64,200,1,1,1,705.75
103,1,5,56,7,64,200,2,2,1,515.47
103,1,5,57,8,64,200,2,2,1,397.65
103,1,5,58,6,64,200,2,2,1,604.06
103,1,5,59,2,64,200,1,1,1,429.93
103,1,5,60,8,64,200,2,2,1,475.91
103,1,5,61,9,64,200,2,2,1,427.21
103,1,5,62,4,64,200,2,1,0,556.64
103,1,5,63,4,64,200,1,1,1,430.5
103,1,5,64,9,64,200,2,2,1,506.92
103,1,5,65,1,64,200,1,1,1,745.15
103,1,5,66,4,64,200,1,1,1,961.62
103,1,5,67,1,64,200,1,1,1,539.36
103,1,5,68,6,64,200,2,2,1,522.91
103,1,5,69,10,64,200,2,2,1,278.83
103,1,5,70,2,64,200,1,1,1,598.13
103,1,5,71,1,64,200,1,1,1,575.47
103,1,5,72,7,64,200,2,2,1,520.1
103,1,5,73,1,64,200,1,1,1,498.32
103,1,5,74,12,64,200,2,2,1,475.09
103,1,5,75,6,64,200,2,2,1,765.1
103,1,5,76,2,64,200,1,1,1,758.48
103,1,5,77,5,64,200,2,2,1,459.73
103,1,5,78,11,64,200,2,2,1,440.55
103,1,5,79,4,64,200,1,1,1,515.54
103,1,5,80,5,64,200,2,2,1,692.02
103,1,5,81,4,64,200,1,1,1,682.28
103,1,5,82,4,64,200,1,1,1,511.76
103,1,5,83,12,64,200,2,2,1,402.24
103,1,5,84,12,64,200,2,2,1,524.78
103,1,5,85,2,64,200,1,1,1,505.6
103,1,5,1,9,64,200,2,2,1,591.89
103,1,5,2,1,64,200,1,1,1,688.63
103,1,5,3,11,64,200,2,2,1,447.65
103,1,5,4,2,64,200,2,1,0,462.47
103,1,5,5,1,64,200,1,1,1,567.98
103,1,5,6,4,64,200,1,1,1,861.74
103,1,5,7,7,64,200,2,2,1,550.95
103,1,5,8,4,64,200,1,1,1,634.34
103,1,5,9,9,64,200,2,2,1,553.34
103,1,5,10,3,64,200,1,1,1,564.08
103,1,5,11,11,64,200,2,2,1,508.85
103,1,5,12,7,64,200,2,2,1,1183.1
103,1,5,13,8,64,200,2,2,1,719.14
103,1,5,14,13,64,200,2,2,1,497.02
103,1,5,15,4,64,200,1,1,1,710.57
103,1,5,16,3,64,200,1,1,1,1046.1
103,1,5,17,11,64,200,2,2,1,560
103,1,5,18,11,64,200,2,2,1,648.81
103,1,5,19,4,64,200,1,1,1,1020.4
103,1,5,20,2,64,200,1,1,1,588.26
103,1,5,21,10,64,200,2,2,1,608.03
103,1,5,22,8,64,200,2,2,1,1156.1
103,1,5,23,5,64,200,2,2,1,566.44
103,1,5,24,6,64,200,2,2,1,499.45
103,1,5,25,1,64,200,1,1,1,608.05
103,1,5,26,1,64,200,1,1,1,599.06
103,1,5,27,1,64,200,1,1,1,517.47
103,1,5,28,12,64,200,2,2,1,406.26
103,1,5,29,2,64,200,1,1,1,979.07
103,1,5,30,5,64,200,2,2,1,564.98
103,1,5,31,13,64,200,2,2,1,448.38
103,1,5,32,3,64,200,1,1,1,684.84
103,1,5,33,7,64,200,2,2,1,463.05
103,1,5,34,5,64,200,2,2,1,567.6
103,1,5,35,4,64,200,1,1,1,816.56
103,1,5,36,10,64,200,2,2,1,398.08
103,1,5,37,4,64,200,1,1,1,723.03
103,1,5,38,9,64,200,2,2,1,918.72
103,1,5,39,3,64,200,1,1,1,793.81
103,1,5,40,1,64,200,1,1,1,730.82
103,1,5,41,1,64,200,1,1,1,516.4
103,1,5,42,6,64,200,2,2,1,418.54
103,1,5,43,4,64,200,1,1,1,629.05
103,1,5,44,7,64,200,1,2,0,839.82
103,1,5,45,2,64,200,1,1,1,589.31
103,1,5,46,3,64,200,1,1,1,789.13
103,1,5,47,12,64,200,2,2,1,466.01
103,1,5,48,11,64,200,2,2,1,373.6
103,1,5,49,2,64,200,1,1,1,738.37
103,1,5,50,5,64,200,2,2,1,536.59
103,1,5,51,3,64,200,1,1,1,740.05
103,1,5,52,13,64,200,2,2,1,468.66
103,1,5,53,2,64,200,1,1,1,638.54
103,1,5,54,2,64,200,1,1,1,607.61
103,1,5,55,8,64,200,2,2,1,548.19
103,1,5,56,7,64,200,2,2,1,569.51
103,1,5,57,4,64,200,1,1,1,612.54
103,1,5,58,6,64,200,2,2,1,606.63
103,1,5,59,13,64,200,2,2,1,522.33
103,1,5,60,3,64,200,1,1,1,616.45
103,1,5,61,6,64,200,2,2,1,596.68
103,1,5,62,1,64,200,1,1,1,628.35
103,1,5,63,10,64,200,2,2,1,430.4
103,1,5,64,3,64,200,1,1,1,597.84
103,1,5,65,3,64,200,1,1,1,550.64
103,1,5,66,6,64,200,2,2,1,569.17
103,1,5,67,2,64,200,1,1,1,735.93
103,1,5,68,1,64,200,1,1,1,481.55
103,1,5,69,9,64,200,2,2,1,516.26
103,1,5,70,4,64,200,1,1,1,759.64
103,1,5,71,2,64,200,1,1,1,517.26
103,1,5,72,3,64,200,1,1,1,454.11
103,1,5,73,10,64,200,2,2,1,306.24
103,1,5,74,9,64,200,2,2,1,457.91
103,1,5,75,12,64,200,2,2,1,386.03
103,1,5,76,10,64,200,2,2,1,382.33
103,1,5,77,4,64,200,1,1,1,517.01
103,1,5,78,5,64,200,2,2,1,618.82
103,1,5,79,8,64,200,2,2,1,711.31
103,1,5,80,2,64,200,1,1,1,658.13
103,1,5,81,12,64,200,2,2,1,397.64
103,1,5,82,8,64,200,2,2,1,717.66
103,1,5,83,12,64,200,2,2,1,671.16
103,1,5,84,13,64,200,2,2,1,552.11
103,1,5,85,1,64,200,1,1,1,627.15
103,1,5,1,11,64,200,2,2,1,462.39
103,1,5,2,8,64,200,2,2,1,527.21
103,1,5,3,2,64,200,1,1,1,806.14
103,1,5,4,2,64,200,1,1,1,600.36
103,1,5,5,3,64,200,1,1,1,753.53
103,1,5,6,5,64,200,2,2,1,771.64
103,1,5,7,1,64,200,1,1,1,612.97
103,1,5,8,7,64,200,1,2,0,1063.9
103,1,5,9,2,64,200,1,1,1,836.52
103,1,5,10,5,64,200,2,2,1,559.73
103,1,5,11,3,64,200,1,1,1,838.9
103,1,5,12,11,64,200,2,2,1,439.6
103,1,5,13,4,64,200,1,1,1,1004.9
103,1,5,14,12,64,200,2,2,1,567.93
103,1,5,15,12,64,200,2,2,1,501.25
103,1,5,16,5,64,200,2,2,1,639.79
103,1,5,17,6,64,200,2,2,1,532.16
103,1,5,18,1,64,200,1,1,1,580.6
103,1,5,19,4,64,200,1,1,1,666.45
103,1,5,20,4,64,200,1,1,1,586.74
103,1,5,21,2,64,200,1,1,1,506.46
103,1,5,22,8,64,200,2,2,1,529.06
103,1,5,23,5,64,200,2,2,1,727.37
103,1,5,24,3,64,200,1,1,1,462.69
103,1,5,25,3,64,200,1,1,1,618.47
103,1,5,26,7,64,200,2,2,1,759.91
103,1,5,27,7,64,200,2,2,1,509.99
103,1,5,28,1,64,200,1,1,1,616.72
103,1,5,29,6,64,200,2,2,1,800.09
103,1,5,30,11,64,200,2,2,1,604.27
103,1,5,31,11,64,200,2,2,1,312.37
103,1,5,32,1,64,200,1,1,1,588.13
103,1,5,33,4,64,200,1,1,1,825.2
103,1,5,34,1,64,200,1,1,1,631.34
103,1,5,35,3,64,200,1,1,1,640.54
103,1,5,36,4,64,200,1,1,1,695.64
103,1,5,37,11,64,200,2,2,1,822.92
103,1,5,38,1,64,200,1,1,1,567.62
103,1,5,39,1,64,200,1,1,1,764.37
103,1,5,40,13,64,200,2,2,1,661.89
103,1,5,41,12,64,200,2,2,1,459.15
103,1,5,42,2,64,200,1,1,1,540.44
103,1,5,43,9,64,200,2,2,1,521.19
103,1,5,44,4,64,200,1,1,1,707.33
103,1,5,45,1,64,200,1,1,1,617.36
103,1,5,46,2,64,200,1,1,1,1039.9
103,1,5,47,13,64,200,2,2,1,524.1
103,1,5,48,13,64,200,2,2,1,776.4
103,1,5,49,2,64,200,1,1,1,552.19
103,1,5,50,4,64,200,1,1,1,518.16
103,1,5,51,1,64,200,1,1,1,662.19
103,1,5,52,3,64,200,1,1,1,601.19
103,1,5,53,10,64,200,2,2,1,430.25
103,1,5,54,1,64,200,1,1,1,518.14
103,1,5,55,10,64,200,2,2,1,925.33
103,1,5,56,3,64,200,1,1,1,921.47
103,1,5,57,4,64,200,1,1,1,592.82
103,1,5,58,13,64,200,2,2,1,474.2
103,1,5,59,6,64,200,2,2,1,1410.7
103,1,5,60,10,64,200,2,2,1,506.32
103,1,5,61,4,64,200,1,1,1,601.06
103,1,5,62,10,64,200,2,2,1,520.3
103,1,5,63,7,64,200,2,2,1,614.1
103,1,5,64,5,64,200,2,2,1,593.42
103,1,5,65,12,64,200,2,2,1,496.16
103,1,5,66,6,64,200,2,2,1,770.91
103,1,5,67,4,64,200,1,1,1,656.84
103,1,5,68,3,64,200,1,1,1,477.54
103,1,5,69,8,64,200,1,2,0,819.52
103,1,5,70,12,64,200,2,2,1,450.58
103,1,5,71,6,64,200,2,2,1,601.34
103,1,5,72,7,64,200,2,2,1,737.93
103,1,5,73,9,64,200,2,2,1,757.81
103,1,5,74,8,64,200,2,2,1,600.83
103,1,5,75,2,64,200,1,1,1,647.15
103,1,5,76,2,64,200,1,1,1,516.98
103,1,5,77,8,64,200,2,2,1,682.62
103,1,5,78,3,64,200,1,1,1,678.25
103,1,5,79,10,64,200,2,2,1,484.91
103,1,5,80,9,64,200,2,2,1,957.01
103,1,5,81,9,64,200,2,2,1,526.67
103,1,5,82,13,64,200,2,2,1,461.7
103,1,5,83,2,64,200,1,1,1,872.34
103,1,5,84,3,64,200,1,1,1,618.79
103,1,5,85,9,64,200,2,2,1,511.37
103,1,5,1,2,64,200,1,1,1,763.04
103,1,5,2,4,64,200,1,1,1,1585.4
103,1,5,3,12,64,200,2,2,1,483.89
103,1,5,4,10,64,200,2,2,1,474.57
103,1,5,5,3,64,200,1,1,1,632.22
103,1,5,6,4,64,200,1,1,1,585.14
103,1,5,7,2,64,200,1,1,1,549.55
103,1,5,8,3,64,200,1,1,1,877.33
103,1,5,9,12,64,200,2,2,1,372.95
103,1,5,10,6,64,200,2,2,1,644.29
103,1,5,11,12,64,200,2,2,1,454.34
103,1,5,12,10,64,200,2,2,1,426.34
103,1,5,13,6,64,200,2,2,1,554.89
103,1,5,14,3,64,200,1,1,1,672.04
103,1,5,15,4,64,200,1,1,1,1331.2
103,1,5,16,3,64,200,1,1,1,846.06
103,1,5,17,1,64,200,1,1,1,715.67
103,1,5,18,1,64,200,1,1,1,604.89
103,1,5,19,13,64,200,2,2,1,533.02
103,1,5,20,12,64,200,2,2,1,448.03
103,1,5,21,7,64,200,2,2,1,946.86
103,1,5,22,4,64,200,1,1,1,947.26
103,1,5,23,5,64,200,2,2,1,766.99
103,1,5,24,5,64,200,2,2,1,609.57
103,1,5,25,7,64,200,2,2,1,725.14
103,1,5,26,9,64,200,2,2,1,577.42
103,1,5,27,6,64,200,2,2,1,536.34
103,1,5,28,9,64,200,2,2,1,533.24
103,1,5,29,8,64,200,2,2,1,789.02
103,1,5,30,3,64,200,1,1,1,573.19
103,1,5,31,13,64,200,2,2,1,556.7
103,1,5,32,4,64,200,1,1,1,811.65
103,1,5,33,1,64,200,1,1,1,727.22
103,1,5,34,11,64,200,2,2,1,432.96
103,1,5,35,11,64,200,2,2,1,496.16
103,1,5,36,8,64,200,2,2,1,956.92
103,1,5,37,5,64,200,2,2,1,902.59
103,1,5,38,13,64,200,2,2,1,576.33
103,1,5,39,8,64,200,2,2,1,965.43
103,1,5,40,10,64,200,2,2,1,496.2
103,1,5,41,1,64,200,1,1,1,881.04
103,1,5,42,1,64,200,1,1,1,462.43
103,1,5,43,2,64,200,1,1,1,462.15
103,1,5,44,1,64,200,1,1,1,488.32
103,1,5,45,13,64,200,2,2,1,494.15
103,1,5,46,7,64,200,2,2,1,767.87
103,1,5,47,12,64,200,2,2,1,479.82
103,1,5,48,2,64,200,1,1,1,961.76
103,1,5,49,11,64,200,2,2,1,468.48
103,1,5,50,1,64,200,1,1,1,639.12
103,1,5,51,4,64,200,1,1,1,837.45
103,1,5,52,3,64,200,1,1,1,495.54
103,1,5,53,11,64,200,2,2,1,476.46
103,1,5,54,7,64,200,2,2,1,845.99
103,1,5,55,5,64,200,2,2,1,680.54
103,1,5,56,9,64,200,2,2,1,519.44
103,1,5,57,4,64,200,1,1,1,944.1
103,1,5,58,11,64,200,2,2,1,444.84
103,1,5,59,10,64,200,2,2,1,536.72
103,1,5,60,8,64,200,2,2,1,824
103,1,5,61,3,64,200,1,1,1,713.1
103,1,5,62,4,64,200,1,1,1,807.42
103,1,5,63,8,64,200,2,2,1,834.58
103,1,5,64,2,64,200,1,1,1,887.85
103,1,5,65,6,64,200,2,2,1,654.94
103,1,5,66,9,64,200,2,2,1,480.69
103,1,5,67,2,64,200,1,1,1,581.41
103,1,5,68,3,64,200,1,1,1,604.95
103,1,5,69,10,64,200,2,2,1,410.93
103,1,5,70,1,64,200,1,1,1,530.23
103,1,5,71,1,64,200,1,1,1,717.02
103,1,5,72,3,64,200,1,1,1,608.02
103,1,5,73,2,64,200,1,1,1,698.66
103,1,5,74,2,64,200,1,1,1,578.87
103,1,5,75,2,64,200,1,1,1,574.54
103,1,5,76,6,64,200,2,2,1,577.57
103,1,5,77,4,64,200,1,1,1,622.32
103,1,5,78,9,64,200,2,2,1,537.31
103,1,5,79,7,64,200,2,2,1,644.31
103,1,5,80,2,64,200,1,1,1,720.81
103,1,5,81,4,64,200,1,1,1,584.77
103,1,5,82,5,64,200,2,2,1,536.6
103,1,5,83,13,64,200,2,2,1,453.09
103,1,5,84,1,64,200,1,1,1,621.6
103,1,5,85,3,64,200,1,1,1,804.52
103,1,5,1,8,64,200,2,2,1,814
103,1,5,2,4,64,200,1,1,1,771.96
103,1,5,3,1,64,200,1,1,1,508.81
103,1,5,4,12,64,200,2,2,1,504.61
103,1,5,5,13,64,200,2,2,1,357.53
103,1,5,6,5,64,200,2,2,1,605.2
103,1,5,7,13,64,200,2,2,1,336.08
103,1,5,8,3,64,200,1,1,1,491.55
103,1,5,9,4,64,200,1,1,1,593.5
103,1,5,10,2,64,200,1,1,1,528.77
103,1,5,11,5,64,200,2,2,1,633.83
103,1,5,12,7,64,200,2,2,1,599.4
103,1,5,13,3,64,200,1,1,1,816.01
103,1,5,14,8,64,200,2,2,1,516.26
103,1,5,15,3,64,200,1,1,1,704.53
103,1,5,16,2,64,200,1,1,1,660.14
103,1,5,17,2,64,200,1,1,1,588.56
103,1,5,18,1,64,200,1,1,1,796.93
103,1,5,19,4,64,200,1,1,1,531.5
103,1,5,20,7,64,200,2,2,1,552.37
103,1,5,21,8,64,200,2,2,1,512.8
103,1,5,22,3,64,200,1,1,1,779.67
103,1,5,23,4,64,200,1,1,1,638.42
103,1,5,24,6,64,200,2,2,1,870.96
103,1,5,25,1,64,200,1,1,1,604.74
103,1,5,26,11,64,200,2,2,1,553.5
103,1,5,27,13,64,200,2,2,1,416.49
103,1,5,28,9,64,200,2,2,1,509.2
103,1,5,29,13,64,200,2,2,1,596.63
103,1,5,30,7,64,200,2,2,1,759.55
103,1,5,31,12,64,200,2,2,1,592.84
103,1,5,32,12,64,200,2,2,1,493.44
103,1,5,33,3,64,200,1,1,1,448.32
103,1,5,34,9,64,200,2,2,1,488.96
103,1,5,35,4,64,200,1,1,1,672.36
103,1,5,36,10,64,200,2,2,1,462.48
103,1,5,37,6,64,200,2,2,1,723.05
103,1,5,38,2,64,200,1,1,1,523.6
103,1,5,39,1,64,200,1,1,1,715.46
103,1,5,40,9,64,200,2,2,1,626.25
103,1,5,41,3,64,200,1,1,1,642.1
103,1,5,42,1,64,200,1,1,1,625.76
103,1,5,43,4,64,200,1,1,1,968.38
103,1,5,44,1,64,200,1,1,1,731.45
103,1,5,45,3,64,200,1,1,1,570.88
103,1,5,46,6,64,200,2,2,1,816.52
103,1,5,47,7,64,200,2,2,1,621.79
103,1,5,48,2,64,200,1,1,1,544.17
103,1,5,49,1,64,200,1,1,1,611.47
103,1,5,50,12,64,200,2,2,1,460.94
103,1,5,51,2,64,200,1,1,1,692.76
103,1,5,52,4,64,200,1,1,1,745.23
103,1,5,53,11,64,200,2,2,1,559.79
103,1,5,54,12,64,200,2,2,1,435.76
103,1,5,55,5,64,200,2,2,1,667.26
103,1,5,56,5,64,200,2,2,1,707.98
103,1,5,57,11,64,200,2,2,1,496.74
103,1,5,58,9,64,200,2,2,1,559.67
103,1,5,59,1,64,200,1,1,1,738.84
103,1,5,60,4,64,200,1,1,1,611.04
103,1,5,61,5,64,200,2,2,1,588.01
103,1,5,62,11,64,200,2,2,1,430.33
103,1,5,63,4,64,200,1,1,1,777.74
103,1,5,64,3,64,200,1,1,1,609.7
103,1,5,65,9,64,200,2,2,1,563.63
103,1,5,66,10,64,200,2,2,1,405.38
103,1,5,67,6,64,200,2,2,1,509.55
103,1,5,68,1,64,200,1,1,1,573.7
103,1,5,69,13,64,200,2,2,1,753.47
103,1,5,70,3,64,200,1,1,1,643.11
103,1,5,71,2,64,200,1,1,1,703.49
103,1,5,72,10,64,200,2,2,1,516.53
103,1,5,73,10,64,200,2,2,1,365.97
103,1,5,74,2,64,200,1,1,1,741.49
103,1,5,75,8,64,200,2,2,1,582.82
103,1,5,76,4,64,200,1,1,1,578.9
103,1,5,77,2,64,200,1,1,1,631.81
103,1,5,78,10,64,200,2,2,1,533.02
103,1,5,79,11,64,200,2,2,1,378.12
103,1,5,80,3,64,200,1,1,1,569.46
103,1,5,81,8,64,200,2,2,1,522.58
103,1,5,82,6,64,200,2,2,1,620.87
103,1,5,83,7,64,200,2,2,1,658.67
103,1,5,84,2,64,200,1,1,1,621.59
103,1,5,85,1,64,200,1,1,1,707.04
103,1,5,1,1,64,200,1,1,1,791.1
103,1,5,2,1,64,200,1,1,1,557.75
103,1,5,3,12,64,200,2,2,1,445.98
103,1,5,4,2,64,200,1,1,1,786.48
103,1,5,5,9,64,200,2,2,1,663.85
103,1,5,6,5,64,200,2,2,1,565.82
103,1,5,7,13,64,200,2,2,1,400.74
103,1,5,8,1,64,200,1,1,1,662.21
103,1,5,9,1,64,200,1,1,1,936.23
103,1,5,10,10,64,200,2,2,1,519.13
103,1,5,11,12,64,200,2,2,1,436.61
103,1,5,12,13,64,200,2,2,1,383.87
103,1,5,13,2,64,200,1,1,1,613.11
103,1,5,14,4,64,200,1,1,1,869.23
103,1,5,15,5,64,200,2,2,1,632.55
103,1,5,16,1,64,200,1,1,1,711.01
103,1,5,17,2,64,200,1,1,1,878.45
103,1,5,18,13,64,200,2,2,1,436.75
103,1,5,19,8,64,200,2,2,1,700.61
103,1,5,20,1,64,200,1,1,1,613.21
103,1,5,21,6,64,200,2,2,1,587.25
103,1,5,22,11,64,200,2,2,1,561.78
103,1,5,23,8,64,200,2,2,1,594.83
103,1,5,24,9,64,200,2,2,1,437.08
103,1,5,25,13,64,200,2,2,1,462.66
103,1,5,26,3,64,200,1,1,1,663.26
103,1,5,27,3,64,200,1,1,1,737.53
103,1,5,28,5,64,200,2,2,1,493.36
103,1,5,29,6,64,200,2,2,1,597.4
103,1,5,30,11,64,200,2,2,1,1331.3
103,1,5,31,7,64,200,2,2,1,834.41
103,1,5,32,4,64,200,1,1,1,724.45
103,1,5,33,9,64,200,2,2,1,544.15
103,1,5,34,5,64,200,2,2,1,872.02
103,1,5,35,9,64,200,2,2,1,522.84
103,1,5,36,2,64,200,1,1,1,789.57
103,1,5,37,8,64,200,2,2,1,507.49
103,1,5,38,11,64,200,2,2,1,430.26
103,1,5,39,2,64,200,1,1,1,858.21
103,1,5,40,8,64,200,2,2,1,499.6
103,1,5,41,13,64,200,2,2,1,442.48
103,1,5,42,12,64,200,2,2,1,518.87
103,1,5,43,4,64,200,1,1,1,663.33
103,1,5,44,3,64,200,1,1,1,747.18
103,1,5,45,7,64,200,2,2,1,543.42
103,1,5,46,3,64,200,1,1,1,626.32
103,1,5,47,10,64,200,2,2,1,401.14
103,1,5,48,6,64,200,2,2,1,717.8
103,1,5,49,2,64,200,1,1,1,697.15
103,1,5,50,3,64,200,1,1,1,917.9
103,1,5,51,7,64,200,2,2,1,771.7
103,1,5,52,7,64,200,2,2,1,1069
103,1,5,53,4,64,200,1,1,1,826.65
103,1,5,54,4,64,200,1,1,1,813.61
103,1,5,55,1,64,200,1,1,1,690.25
103,1,5,56,12,64,200,2,2,1,435.24
103,1,5,57,2,64,200,1,1,1,620.89
103,1,5,58,3,64,200,1,1,1,945.8
103,1,5,59,6,64,200,2,2,1,506.47
103,1,5,60,3,64,200,1,1,1,642.52
103,1,5,61,10,64,200,2,2,1,508.07
103,1,5,62,5,64,200,2,2,1,552.91
103,1,5,63,12,64,200,2,2,1,430.98
103,1,5,64,4,64,200,1,1,1,716
103,1,5,65,1,64,200,1,1,1,661.48
103,1,5,66,4,64,200,1,1,1,766.83
103,1,5,67,3,64,200,1,1,1,686.61
103,1,5,68,4,64,200,1,1,1,724.37
103,1,5,69,8,64,200,2,2,1,580.85
103,1,5,70,11,64,200,2,2,1,535.65
103,1,5,71,4,64,200,1,1,1,716.32
103,1,5,72,10,64,200,2,2,1,396.69
103,1,5,73,3,64,200,1,1,1,630.69
103,1,5,74,3,64,200,1,1,1,576.6
103,1,5,75,2,64,200,1,1,1,868.91
103,1,5,76,9,64,200,2,2,1,555.76
103,1,5,77,2,64,200,1,1,1,630.31
103,1,5,78,6,64,200,2,2,1,608.21
103,1,5,79,10,64,200,2,2,1,489.71
103,1,5,80,4,64,200,1,1,1,587.56
103,1,5,81,7,64,200,2,2,1,691.88
103,1,5,82,11,64,200,2,2,1,501.1
103,1,5,83,1,64,200,1,1,1,729.28
103,1,5,84,2,64,200,1,1,1,853.14
103,1,5,85,1,64,200,1,1,1,811.73
103,1,5,1,6,64,200,2,2,1,642.85
103,1,5,2,8,64,200,2,2,1,548.2
103,1,5,3,1,64,200,1,1,1,634.28
103,1,5,4,8,64,200,2,2,1,630.97
103,1,5,5,2,64,200,1,1,1,583.68
103,1,5,6,12,64,200,2,2,1,436.36
103,1,5,7,6,64,200,2,2,1,774.55
103,1,5,8,2,64,200,1,1,1,665.58
103,1,5,9,10,64,200,2,2,1,603.17
103,1,5,10,5,64,200,2,2,1,849.08
103,1,5,11,5,64,200,2,2,1,540.59
103,1,5,12,3,64,200,1,1,1,665.48
103,1,5,13,2,64,200,1,1,1,967.66
103,1,5,14,7,64,200,2,2,1,807.46
103,1,5,15,7,64,200,2,2,1,510.31
103,1,5,16,11,64,200,2,2,1,482.66
103,1,5,17,4,64,200,1,1,1,751.2
103,1,5,18,5,64,200,2,2,1,653.42
103,1,5,19,10,64,200,2,2,1,424.07
103,1,5,20,6,64,200,2,2,1,619.09
103,1,5,21,3,64,200,1,1,1,751.64
103,1,5,22,11,64,200,2,2,1,475.61
103,1,5,23,2,64,200,1,1,1,702.32
103,1,5,24,2,64,200,1,1,1,743.7
103,1,5,25,3,64,200,1,1,1,721.43
103,1,5,26,10,64,200,2,2,1,430.81
103,1,5,27,1,64,200,1,1,1,1170.1
103,1,5,28,4,64,200,1,1,1,692.98
103,1,5,29,2,64,200,1,1,1,619.98
103,1,5,30,4,64,200,1,1,1,782.85
103,1,5,31,5,64,200,2,2,1,554.44
103,1,5,32,1,64,200,1,1,1,653.28
103,1,5,33,2,64,200,1,1,1,777.12
103,1,5,34,9,64,200,2,2,1,535.54
103,1,5,35,4,64,200,1,1,1,772.22
103,1,5,36,3,64,200,1,1,1,739.07
103,1,5,37,4,64,200,1,1,1,581.13
103,1,5,38,2,64,200,1,1,1,541.91
103,1,5,39,2,64,200,1,1,1,593.28
103,1,5,40,5,64,200,2,2,1,606.33
103,1,5,41,13,64,200,2,2,1,512.14
103,1,5,42,4,64,200,1,1,1,603.11
103,1,5,43,1,64,200,1,1,1,557.73
103,1,5,44,11,64,200,2,2,1,663.54
103,1,5,45,3,64,200,1,1,1,578.05
103,1,5,46,11,64,200,2,2,1,429.87
103,1,5,47,3,64,200,1,1,1,588.26
103,1,5,48,1,64,200,1,1,1,643.79
103,1,5,49,1,64,200,1,1,1,571.77
103,1,5,50,12,64,200,2,2,1,443.86
103,1,5,51,4,64,200,1,1,1,645.17
103,1,5,52,13,64,200,2,2,1,435.68
103,1,5,53,9,64,200,2,2,1,591.57
103,1,5,54,3,64,200,1,1,1,745.83
103,1,5,55,6,64,200,2,2,1,597.28
103,1,5,56,1,64,200,1,1,1,563.35
103,1,5,57,12,64,200,2,2,1,469.27
103,1,5,58,7,64,200,2,2,1,974.94
103,1,5,59,13,64,200,2,2,1,411.03
103,1,5,60,7,64,200,2,2,1,731.91
103,1,5,61,3,64,200,1,1,1,688.38
103,1,5,62,4,64,200,1,1,1,940.07
103,1,5,63,3,64,200,1,1,1,646.96
103,1,5,64,7,64,200,2,2,1,631.61
103,1,5,65,9,64,200,2,2,1,756.03
103,1,5,66,4,64,200,1,1,1,683.5
103,1,5,67,13,64,200,2,2,1,469.12
103,1,5,68,3,64,200,1,1,1,489.25
103,1,5,69,1,64,200,1,1,1,594.49
103,1,5,70,2,64,200,1,1,1,667.48
103,1,5,71,1,64,200,1,1,1,1126.2
103,1,5,72,4,64,200,1,1,1,798.18
103,1,5,73,10,64,200,2,2,1,557.68
103,1,5,74,6,64,200,2,2,1,651.86
103,1,5,75,12,64,200,2,2,1,435.29
103,1,5,76,1,64,200,1,1,1,732.63
103,1,5,77,12,64,200,2,2,1,526.15
103,1,5,78,8,64,200,2,2,1,467.38
103,1,5,79,10,64,200,2,2,1,450.19
103,1,5,80,9,64,200,2,2,1,557.97
103,1,5,81,11,64,200,2,2,1,548.96
103,1,5,82,9,64,200,2,2,1,576.92
103,1,5,83,8,64,200,2,2,1,757.13
103,1,5,84,13,64,200,2,2,1,759.69
103,1,5,85,8,64,200,2,2,1,628.39
103,1,5,1,9,64,200,2,2,1,605.89
103,1,5,2,5,64,200,2,2,1,648.03
103,1,5,3,12,64,200,2,2,1,457.82
103,1,5,4,6,64,200,2,2,1,546.71
103,1,5,5,4,64,200,2,1,0,738.32
103,1,5,6,2,64,200,1,1,1,614.36
103,1,5,7,8,64,200,2,2,1,714.88
103,1,5,8,1,64,200,1,1,1,530.48
103,1,5,9,2,64,200,1,1,1,732.49
103,1,5,10,1,64,200,1,1,1,578.68
103,1,5,11,3,64,200,1,1,1,662.21
103,1,5,12,6,64,200,2,2,1,487.86
103,1,5,13,1,64,200,1,1,1,618.31
103,1,5,14,3,64,200,1,1,1,587.24
103,1,5,15,1,64,200,1,1,1,542.47
103,1,5,16,8,64,200,2,2,1,580.99
103,1,5,17,11,64,200,2,2,1,405.3
103,1,5,18,5,64,200,2,2,1,647.89
103,1,5,19,10,64,200,2,2,1,478.3
103,1,5,20,6,64,200,2,2,1,719.28
103,1,5,21,13,64,200,2,2,1,722.95
103,1,5,22,1,64,200,1,1,1,632.8
103,1,5,23,4,64,200,1,1,1,600.93
103,1,5,24,5,64,200,2,2,1,591.89
103,1,5,25,7,64,200,2,2,1,875.84
103,1,5,26,8,64,200,2,2,1,652.39
103,1,5,27,4,64,200,2,1,0,647
103,1,5,28,6,64,200,2,2,1,884.58
103,1,5,29,13,64,200,2,2,1,541.33
103,1,5,30,8,64,200,2,2,1,550.11
103,1,5,31,4,64,200,1,1,1,696.34
103,1,5,32,10,64,200,2,2,1,419.08
103,1,5,33,12,64,200,2,2,1,381.67
103,1,5,34,1,64,200,1,1,1,544.1
103,1,5,35,13,64,200,2,2,1,439.79
103,1,5,36,2,64,200,1,1,1,687.02
103,1,5,37,6,64,200,2,2,1,798.37
103,1,5,38,4,64,200,1,1,1,932.7
103,1,5,39,13,64,200,2,2,1,519.44
103,1,5,40,3,64,200,1,1,1,615.99
103,1,5,41,12,64,200,2,2,1,592.34
103,1,5,42,11,64,200,2,2,1,354.18
103,1,5,43,2,64,200,1,1,1,584.48
103,1,5,44,11,64,200,2,2,1,497.26
103,1,5,45,4,64,200,1,1,1,575.97
103,1,5,46,10,64,200,2,2,1,453.07
103,1,5,47,3,64,200,1,1,1,623.83
103,1,5,48,4,64,200,1,1,1,524.29
103,1,5,49,11,64,200,2,2,1,394.48
103,1,5,50,3,64,200,1,1,1,580.28
103,1,5,51,4,64,200,1,1,1,715.58
103,1,5,52,1,64,200,1,1,1,591.27
103,1,5,53,10,64,200,2,2,1,423.45
103,1,5,54,2,64,200,1,1,1,615.84
103,1,5,55,11,64,200,2,2,1,421.92
103,1,5,56,4,64,200,1,1,1,710.72
103,1,5,57,7,64,200,2,2,1,814.37
103,1,5,58,3,64,200,1,1,1,682.72
103,1,5,59,1,64,200,1,1,1,475.14
103,1,5,60,3,64,200,1,1,1,621.79
103,1,5,61,1,64,200,1,1,1,773.19
103,1,5,62,12,64,200,2,2,1,471.99
103,1,5,63,9,64,200,2,2,1,785.99
103,1,5,64,5,64,200,2,2,1,657
103,1,5,65,8,64,200,2,2,1,572.8
103,1,5,66,1,64,200,1,1,1,577.72
103,1,5,67,5,64,200,2,2,1,577.3
103,1,5,68,9,64,200,2,2,1,663.51
103,1,5,69,4,64,200,1,1,1,869.1
103,1,5,70,7,64,200,2,2,1,534.38
103,1,5,71,2,64,200,1,1,1,797.7
103,1,5,72,9,64,200,2,2,1,619.7
103,1,5,73,10,64,200,2,2,1,467.13
103,1,5,74,2,64,200,1,1,1,638.28
103,1,5,75,7,64,200,2,2,1,830.69
103,1,5,76,7,64,200,2,2,1,475.96
103,1,5,77,3,64,200,1,1,1,647.33
103,1,5,78,3,64,200,1,1,1,574.14
103,1,5,79,12,64,200,2,2,1,436.41
103,1,5,80,2,64,200,1,1,1,523.49
103,1,5,81,13,64,200,2,2,1,454.55
103,1,5,82,2,64,200,1,1,1,640.58
103,1,5,83,9,64,200,2,2,1,486.78
103,1,5,84,2,64,200,1,1,1,497.35
103,1,5,85,3,64,200,1,1,1,706.19
103,1,5,1,7,64,200,2,2,1,668.87
103,1,5,2,4,64,200,1,1,1,1486.6
103,1,5,3,3,64,200,1,1,1,925.09
103,1,5,4,11,64,200,2,2,1,490.09
103,1,5,5,11,64,200,2,2,1,461.56
103,1,5,6,2,64,200,1,1,1,861.92
103,1,5,7,13,64,200,2,2,1,470.61
103,1,5,8,4,64,200,1,1,1,664.95
103,1,5,9,10,64,200,2,2,1,400.03
103,1,5,10,8,64,200,2,2,1,963.56
103,1,5,11,1,64,200,1,1,1,555.16
103,1,5,12,1,64,200,1,1,1,554.8
103,1,5,13,2,64,200,1,1,1,472.6
103,1,5,14,1,64,200,1,1,1,430.68
103,1,5,15,4,64,200,1,1,1,629.26
103,1,5,16,4,64,200,1,1,1,475.9
103,1,5,17,8,64,200,2,2,1,588.7
103,1,5,18,12,64,200,2,2,1,451.27
103,1,5,19,2,64,200,1,1,1,533.57
103,1,5,20,2,64,200,1,1,1,527.75
103,1,5,21,2,64,200,1,1,1,476.94
103,1,5,22,9,64,200,2,2,1,514.14
103,1,5,23,9,64,200,2,2,1,475.2
103,1,5,24,11,64,200,2,2,1,512.44
103,1,5,25,6,64,200,2,2,1,564.94
103,1,5,26,2,64,200,1,1,1,605.94
103,1,5,27,12,64,200,2,2,1,477.01
103,1,5,28,1,64,200,1,1,1,486.95
103,1,5,29,5,64,200,2,2,1,591.23
103,1,5,30,3,64,200,1,1,1,497.96
103,1,5,31,2,64,200,1,1,1,698.9
103,1,5,32,4,64,200,1,1,1,520.98
103,1,5,33,9,64,200,2,2,1,668.23
103,1,5,34,3,64,200,1,1,1,554.34
103,1,5,35,2,64,200,1,1,1,501.07
103,1,5,36,13,64,200,2,2,1,417.52
103,1,5,37,1,64,200,1,1,1,486.49
103,1,5,38,10,64,200,2,2,1,391.05
103,1,5,39,6,64,200,2,2,1,499.53
103,1,5,40,3,64,200,1,1,1,458.09
103,1,5,41,13,64,200,2,2,1,387.95
103,1,5,42,4,64,200,1,1,1,481.31
103,1,5,43,8,64,200,1,2,0,747.7
103,1,5,44,7,64,200,2,2,1,592.07
103,1,5,45,9,64,200,2,2,1,568.59
103,1,5,46,3,64,200,1,1,1,631.37
103,1,5,47,2,64,200,1,1,1,620.81
103,1,5,48,3,64,200,1,1,1,483.85
103,1,5,49,7,64,200,2,2,1,575.27
103,1,5,50,6,64,200,2,2,1,700.17
103,1,5,51,2,64,200,1,1,1,750.36
103,1,5,52,3,64,200,1,1,1,754.46
103,1,5,53,5,64,200,2,2,1,527.09
103,1,5,54,5,64,200,2,2,1,475.56
103,1,5,55,8,64,200,2,2,1,745.26
103,1,5,56,8,64,200,2,2,1,972.39
103,1,5,57,10,64,200,2,2,1,512.19
103,1,5,58,11,64,200,2,2,1,316.79
103,1,5,59,4,64,200,1,1,1,718.58
103,1,5,60,1,64,200,1,1,1,606.54
103,1,5,61,4,64,200,1,1,1,594.59
103,1,5,62,1,64,200,1,1,1,418.79
103,1,5,63,3,64,200,1,1,1,597.06
103,1,5,64,1,64,200,1,1,1,412.4
103,1,5,65,13,64,200,2,2,1,527.52
103,1,5,66,10,64,200,2,2,1,324.54
103,1,5,67,1,64,200,1,1,1,461.14
103,1,5,68,1,64,200,1,1,1,434.53
103,1,5,69,10,64,200,2,2,1,852.68
103,1,5,70,5,64,200,2,2,1,644.5
103,1,5,71,4,64,200,2,1,0,944.66
103,1,5,72,11,64,200,2,2,1,372.98
103,1,5,73,6,64,200,2,2,1,892.76
103,1,5,74,12,64,200,2,2,1,342.81
103,1,5,75,6,64,200,2,2,1,571.13
103,1,5,76,5,64,200,2,2,1,693.79
103,1,5,77,12,64,200,2,2,1,501.59
103,1,5,78,9,64,200,2,2,1,534.21
103,1,5,79,13,64,200,2,2,1,411.1
103,1,5,80,3,64,200,1,1,1,583.07
103,1,5,81,7,64,200,2,2,1,565.08
103,1,5,82,4,64,200,1,1,1,720.74
103,1,5,83,7,64,200,2,2,1,610.13
103,1,5,84,12,64,200,2,2,1,400.92
103,1,5,85,3,64,200,1,1,1,815.17
