173,1,5,1,6,64,200,2,2,1,641.42
173,1,5,2,10,64,200,2,2,1,600.87
173,1,5,3,7,64,200,2,2,1,834.45
173,1,5,4,5,64,200,2,2,1,561.54
173,1,5,5,4,64,200,1,1,1,618.21
173,1,5,6,13,64,200,2,2,1,543.38
173,1,5,7,8,64,200,2,2,1,831.37
173,1,5,8,2,64,200,1,1,1,703.83
173,1,5,9,3,64,200,1,1,1,596.52
173,1,5,10,9,64,200,2,2,1,436.78
173,1,5,11,11,64,200,2,2,1,507.52
173,1,5,12,1,64,200,1,1,1,619.2
173,1,5,13,2,64,200,1,1,1,933.1
173,1,5,14,1,64,200,1,1,1,540.99
173,1,5,15,4,64,200,1,1,1,962.88
173,1,5,16,12,64,200,2,2,1,444.91
173,1,5,17,3,64,200,1,1,1,621.82
173,1,5,18,10,64,200,2,2,1,655.37
173,1,5,19,7,64,200,2,2,1,751.63
173,1,5,20,7,64,200,2,2,1,452.56
173,1,5,21,12,64,200,2,2,1,586.46
173,1,5,22,12,64,200,2,2,1,423.47
173,1,5,23,1,64,200,1,1,1,1359.6
173,1,5,24,1,64,200,1,1,1,509.37
173,1,5,25,12,64,200,2,2,1,454.22
173,1,5,26,5,64,200,2,2,1,444.58
173,1,5,27,4,64,200,1,1,1,751.57
173,1,5,28,9,64,200,2,2,1,462.84
173,1,5,29,8,64,200,2,2,1,613.18
173,1,5,30,5,64,200,2,2,1,571.99
173,1,5,31,3,64,200,1,1,1,746.29
173,1,5,32,2,64,200,1,1,1,811.71
173,1,5,33,13,64,200,2,2,1,559.26
173,1,5,34,11,64,200,2,2,1,729.56
173,1,5,35,9,64,200,2,2,1,682.29
173,1,5,36,4,64,200,1,1,1,779.59
173,1,5,37,1,64,200,1,1,1,574.22
173,1,5,38,3,64,200,1,1,1,453.57
173,1,5,39,3,64,200,1,1,1,467.03
173,1,5,40,9,64,200,2,2,1,512.69
173,1,5,41,3,64,200,1,1,1,761.47
173,1,5,42,7,64,200,2,2,1,666.5
173,1,5,43,1,64,200,1,1,1,722.73
173,1,5,44,4,64,200,1,1,1,800.95
173,1,5,45,8,64,200,2,2,1,743.09
173,1,5,46,2,64,200,1,1,1,753.8
173,1,5,47,11,64,200,2,2,1,463.16
173,1,5,48,6,64,200,2,2,1,571.85
173,1,5,49,4,64,200,1,1,1,582.12
173,1,5,50,2,64,200,1,1,1,447.85
173,1,5,51,1,64,200,1,1,1,472.43
173,1,5,52,4,64,200,1,1,1,358.44
173,1,5,53,3,64,200,1,1,1,538.4
173,1,5,54,2,64,200,1,1,1,381.35
173,1,5,55,2,64,200,1,1,1,423.55
173,1,5,56,2,64,200,1,1,1,465.57
173,1,5,57,11,64,200,2,2,1,556.65
173,1,5,58,3,64,200,1,1,1,528.94
173,1,5,59,13,64,200,2,2,1,399.99
173,1,5,60,4,64,200,1,1,1,1269
173,1,5,61,2,64,200,1,1,1,558.99
173,1,5,62,7,64,200,2,2,1,585.68
173,1,5,63,11,64,200,2,2,1,489.14
173,1,5,64,4,64,200,1,1,1,670.24
173,1,5,65,12,64,200,2,2,1,484.32
173,1,5,66,2,64,200,1,1,1,654.17
173,1,5,67,6,64,200,2,2,1,647.77
173,1,5,68,2,64,200,1,1,1,666.49
173,1,5,69,7,64,200,2,2,1,824.76
173,1,5,70,9,64,200,2,2,1,629.83
173,1,5,71,13,64,200,2,2,1,535.07
173,1,5,72,10,64,200,2,2,1,754.2
173,1,5,73,1,64,200,1,1,1,890.11
173,1,5,74,1,64,200,1,1,1,644.15
173,1,5,75,3,64,200,1,1,1,450.64
173,1,5,76,5,64,200,2,2,1,496.46
173,1,5,77,4,64,200,1,1,1,558.2
173,1,5,78,10,64,200,2,2,1,465.74
173,1,5,79,4,64,200,1,1,1,558.25
173,1,5,80,8,64,200,2,2,1,512.79
173,1,5,81,1,64,200,1,1,1,534.76
173,1,5,82,1,64,200,1,1,1,517
173,1,5,83,13,64,200,2,2,1,524.14
173,1,5,84,11,64,200,2,2,1,542.7
173,1,5,85,12,64,200,2,2,1,493.45
173,1,5,86,6,64,200,2,2,1,462.77
173,1,5,87,5,64,200,2,2,1,512.22
173,1,5,88,13,64,200,2,2,1,500.76
173,1,5,89,1,64,200,1,1,1,880.55
173,1,5,90,3,64,200,1,1,1,396.96
173,1,5,91,6,64,200,2,2,1,435.73
173,1,5,92,3,64,200,1,1,1,548.3
173,1,5,93,8,64,200,2,2,1,483.09
173,1,5,94,10,64,200,2,2,1,487.67
173,1,5,95,5,64,200,2,2,1,448.53
173,1,5,96,6,64,200,2,2,1,489.95
173,1,5,97,10,64,200,2,2,1,521.42
173,1,5,98,9,64,200,2,2,1,447.96
173,1,5,99,8,64,200,2,2,1,574.88
173,1,5,100,4,64,200,1,1,1,1202.1
173,1,5,101,2,64,200,1,1,1,572.05
173,1,5,102,3,64,200,1,1,1,482.55
173,1,5,1,13,64,200,2,2,1,606.84
173,1,5,2,8,64,200,2,2,1,680.95
173,1,5,3,1,64,200,1,1,1,550.91
173,1,5,4,1,64,200,1,1,1,660.89
173,1,5,5,5,64,200,2,2,1,564.05
173,1,5,6,4,64,200,1,1,1,568.25
173,1,5,7,8,64,200,2,2,1,672.05
173,1,5,8,2,64,200,1,1,1,517.69
173,1,5,9,4,64,200,1,1,1,771.81
173,1,5,10,7,64,200,2,2,1,589.32
173,1,5,11,4,64,200,1,1,1,488.41
173,1,5,12,1,64,200,1,1,1,451.98
173,1,5,13,5,64,200,2,2,1,520.78
173,1,5,14,4,64,200,1,1,1,472.19
173,1,5,15,1,64,200,1,1,1,566
173,1,5,16,12,64,200,2,2,1,749.56
173,1,5,17,1,64,200,1,1,1,586.92
173,1,5,18,12,64,200,2,2,1,441.07
173,1,5,19,2,64,200,1,1,1,988.32
173,1,5,20,4,64,200,1,1,1,460.14
173,1,5,21,3,64,200,1,1,1,570.01
173,1,5,22,10,64,200,2,2,1,490.6
173,1,5,23,5,64,200,2,2,1,574.38
173,1,5,24,10,64,200,2,2,1,529.9
173,1,5,25,4,64,200,1,1,1,597.26
173,1,5,26,2,64,200,1,1,1,661.84
173,1,5,27,12,64,200,2,2,1,469.06
173,1,5,28,10,64,200,2,2,1,1107.2
173,1,5,29,1,64,200,1,1,1,492.75
173,1,5,30,13,64,200,2,2,1,393.23
173,1,5,31,11,64,200,2,2,1,482.45
173,1,5,32,10,64,200,2,2,1,477.39
173,1,5,33,3,64,200,1,1,1,660.81
173,1,5,34,13,64,200,2,2,1,436.53
173,1,5,35,2,64,200,1,1,1,699.49
173,1,5,36,3,64,200,1,1,1,584.82
173,1,5,37,2,64,200,1,1,1,712.71
173,1,5,38,11,64,200,2,2,1,670.86
173,1,5,39,9,64,200,2,2,1,694.58
173,1,5,40,4,64,200,1,1,1,1035.5
173,1,5,41,3,64,200,1,1,1,561.23
173,1,5,42,9,64,200,2,2,1,475.06
173,1,5,43,11,64,200,2,2,1,661.93
173,1,5,44,12,64,200,2,2,1,450.08
173,1,5,45,11,64,200,2,2,1,760.27
173,1,5,46,13,64,200,2,2,1,592.58
173,1,5,47,3,64,200,1,1,1,525.08
173,1,5,48,2,64,200,1,1,1,651.81
173,1,5,49,13,64,200,2,2,1,657.14
173,1,5,50,5,64,200,2,2,1,659.29
173,1,5,51,6,64,200,2,2,1,495.12
173,1,5,52,3,64,200,1,1,1,815.97
173,1,5,53,4,64,200,1,1,1,366.25
173,1,5,54,7,64,200,1,2,0,382.74
173,1,5,55,2,64,200,1,1,1,800.38
173,1,5,56,2,64,200,1,1,1,482.7
173,1,5,57,7,64,200,2,2,1,547.29
173,1,5,58,9,64,200,2,2,1,566.46
173,1,5,59,5,64,200,2,2,1,1662.1
173,1,5,60,9,64,200,2,2,1,656.82
173,1,5,61,3,64,200,1,1,1,585.42
173,1,5,62,4,64,200,1,1,1,465.06
173,1,5,63,9,64,200,2,2,1,594.74
173,1,5,64,1,64,200,1,1,1,553.11
173,1,5,65,8,64,200,2,2,1,1631.3
173,1,5,66,1,64,200,1,1,1,676.71
173,1,5,67,6,64,200,2,2,1,742.08
173,1,5,68,6,64,200,2,2,1,473.49
173,1,5,69,12,64,200,2,2,1,823.3
173,1,5,70,7,64,200,2,2,1,699.67
173,1,5,71,2,64,200,1,1,1,543.09
173,1,5,72,2,64,200,1,1,1,463.73
173,1,5,73,3,64,200,1,1,1,580.59
173,1,5,74,1,64,200,1,1,1,713.15
173,1,5,75,3,64,200,1,1,1,427.59
173,1,5,76,8,64,200,2,2,1,667.54
173,1,5,77,8,64,200,2,2,1,609.36
173,1,5,78,10,64,200,2,2,1,703.67
173,1,5,79,1,64,200,1,1,1,703.75
173,1,5,80,11,64,200,2,2,1,478.59
173,1,5,81,7,64,200,2,2,1,712.83
173,1,5,82,3,64,200,1,1,1,654.86
173,1,5,83,6,64,200,2,2,1,748.41
173,1,5,84,4,64,200,1,1,1,1097.4
173,1,5,85,6,64,200,2,2,1,774.8
173,1,5,1,3,64,200,1,1,1,1501.3
173,1,5,2,7,64,200,2,2,1,648.25
173,1,5,3,1,64,200,1,1,1,780.57
173,1,5,4,2,64,200,1,1,1,1285.6
173,1,5,5,8,64,200,2,2,1,564.35
173,1,5,6,3,64,200,1,1,1,605.19
173,1,5,7,9,64,200,2,2,1,482.05
173,1,5,8,4,64,200,1,1,1,626.04
173,1,5,9,4,64,200,1,1,1,1551
173,1,5,10,7,64,200,2,2,1,611.62
173,1,5,11,1,64,200,1,1,1,600.88
173,1,5,12,4,64,200,1,1,1,1293.1
173,1,5,13,1,64,200,1,1,1,973.35
173,1,5,14,4,64,200,1,1,1,527.26
173,1,5,15,2,64,200,1,1,1,640.44
173,1,5,16,6,64,200,2,2,1,589.26
173,1,5,17,10,64,200,2,2,1,669.33
173,1,5,18,8,64,200,2,2,1,1211.8
173,1,5,19,11,64,200,2,2,1,891.05
173,1,5,20,3,64,200,1,1,1,875.2
173,1,5,21,2,64,200,1,1,1,479.04
173,1,5,22,1,64,200,1,1,1,505.98
173,1,5,23,13,64,200,2,2,1,448.65
173,1,5,24,6,64,200,2,2,1,573.62
173,1,5,25,13,64,200,2,2,1,511.38
173,1,5,26,3,64,200,1,1,1,2084.9
173,1,5,27,9,64,200,2,2,1,522.79
173,1,5,28,4,64,200,1,1,1,966.31
173,1,5,29,6,64,200,1,2,0,825.5
173,1,5,30,5,64,200,2,2,1,549.74
173,1,5,31,8,64,200,2,2,1,923.68
173,1,5,32,8,64,200,2,2,1,415.32
173,1,5,33,3,64,200,1,1,1,980.31
173,1,5,34,6,64,200,2,2,1,832.31
173,1,5,35,5,64,200,2,2,1,1280.4
173,1,5,36,4,64,200,1,1,1,1593.3
173,1,5,37,12,64,200,2,2,1,918.98
173,1,5,38,3,64,200,1,1,1,985.46
173,1,5,39,2,64,200,1,1,1,578.81
173,1,5,40,4,64,200,1,1,1,587.44
173,1,5,41,1,64,200,1,1,1,709.34
173,1,5,42,8,64,200,2,2,1,553.23
173,1,5,43,5,64,200,2,2,1,497.91
173,1,5,44,12,64,200,2,2,1,898.24
173,1,5,45,1,64,200,1,1,1,555.63
173,1,5,46,11,64,200,2,2,1,487.41
173,1,5,47,12,64,200,2,2,1,524.31
173,1,5,48,13,64,200,2,2,1,509.9
173,1,5,49,12,64,200,2,2,1,466.86
173,1,5,50,1,64,200,1,1,1,532.55
173,1,5,51,13,64,200,2,2,1,435.36
173,1,5,52,1,64,200,1,1,1,1216.1
173,1,5,53,9,64,200,2,2,1,431.84
173,1,5,54,10,64,200,2,2,1,716.02
173,1,5,55,11,64,200,2,2,1,445.07
173,1,5,56,1,64,200,1,1,1,570.22
173,1,5,57,12,64,200,2,2,1,462.15
173,1,5,58,3,64,200,1,1,1,611.38
173,1,5,59,2,64,200,1,1,1,563.68
173,1,5,60,9,64,200,2,2,1,446.07
173,1,5,61,5,64,200,2,2,1,532.42
173,1,5,62,5,64,200,2,2,1,555.36
173,1,5,63,7,64,200,2,2,1,587.97
173,1,5,64,11,64,200,2,2,1,664.35
173,1,5,65,10,64,200,2,2,1,558.56
173,1,5,66,3,64,200,1,1,1,920.48
173,1,5,67,7,64,200,2,2,1,1142.6
173,1,5,68,2,64,200,1,1,1,1035.2
173,1,5,69,2,64,200,1,1,1,1494.3
173,1,5,70,2,64,200,1,1,1,904.85
173,1,5,71,4,64,200,1,1,1,604.95
173,1,5,72,3,64,200,1,1,1,749.83
173,1,5,73,4,64,200,1,1,1,448.36
173,1,5,74,9,64,200,2,2,1,501.84
173,1,5,75,4,64,200,1,1,1,558.11
173,1,5,76,11,64,200,2,2,1,898.96
173,1,5,77,10,64,200,2,2,1,507.47
173,1,5,78,6,64,200,2,2,1,956.54
173,1,5,79,2,64,200,1,1,1,645.74
173,1,5,80,7,64,200,2,2,1,604.14
173,1,5,81,10,64,200,2,2,1,575.53
173,1,5,82,3,64,200,1,1,1,584.14
173,1,5,83,2,64,200,1,1,1,595.67
173,1,5,84,1,64,200,1,1,1,378.45
173,1,5,85,13,64,200,2,2,1,427.75
173,1,5,1,7,64,200,2,2,1,631.73
173,1,5,2,5,64,200,2,2,1,367.63
173,1,5,3,9,64,200,2,2,1,445.18
173,1,5,4,10,64,200,2,2,1,453.54
173,1,5,5,3,64,200,1,1,1,413.98
173,1,5,6,2,64,200,1,1,1,535.18
173,1,5,7,6,64,200,2,2,1,476.07
173,1,5,8,4,64,200,1,1,1,598.74
173,1,5,9,4,64,200,1,1,1,465.94
173,1,5,10,10,64,200,2,2,1,506.56
173,1,5,11,9,64,200,2,2,1,567.31
173,1,5,12,11,64,200,2,2,1,728.29
173,1,5,13,2,64,200,1,1,1,457.11
173,1,5,14,1,64,200,1,1,1,560.42
173,1,5,15,8,64,200,2,2,1,593.74
173,1,5,16,13,64,200,2,2,1,411.92
173,1,5,17,7,64,200,1,2,0,434.42
173,1,5,18,2,64,200,1,1,1,551.31
173,1,5,19,2,64,200,1,1,1,562.54
173,1,5,20,4,64,200,1,1,1,620.47
173,1,5,21,2,64,200,1,1,1,414.85
173,1,5,22,11,64,200,2,2,1,417.05
173,1,5,23,3,64,200,1,1,1,434.96
173,1,5,24,11,64,200,2,2,1,533.98
173,1,5,25,4,64,200,1,1,1,567.05
173,1,5,26,7,64,200,2,2,1,582.63
173,1,5,27,6,64,200,2,2,1,478.58
173,1,5,28,12,64,200,2,2,1,509.67
173,1,5,29,5,64,200,2,2,1,540.04
173,1,5,30,9,64,200,2,2,1,434.29
173,1,5,31,3,64,200,1,1,1,479.43
173,1,5,32,1,64,200,1,1,1,499.63
173,1,5,33,13,64,200,2,2,1,443.6
173,1,5,34,7,64,200,2,2,1,683.3
173,1,5,35,1,64,200,1,1,1,445.94
173,1,5,36,2,64,200,1,1,1,438.99
173,1,5,37,13,64,200,2,2,1,471.39
173,1,5,38,2,64,200,1,1,1,681.56
173,1,5,39,7,64,200,2,2,1,463.48
173,1,5,40,1,64,200,1,1,1,392.98
173,1,5,41,5,64,200,2,2,1,468.33
173,1,5,42,12,64,200,2,2,1,468.04
173,1,5,43,1,64,200,1,1,1,462.64
173,1,5,44,10,64,200,2,2,1,394.81
173,1,5,45,1,64,200,1,1,1,418.09
173,1,5,46,5,64,200,2,2,1,728.02
173,1,5,47,9,64,200,2,2,1,496.64
173,1,5,48,4,64,200,1,1,1,516.07
173,1,5,49,12,64,200,2,2,1,406.48
173,1,5,50,3,64,200,1,1,1,530.62
173,1,5,51,4,64,200,1,1,1,495
173,1,5,52,4,64,200,1,1,1,457.18
173,1,5,53,3,64,200,1,1,1,420.44
173,1,5,54,3,64,200,1,1,1,432.87
173,1,5,55,8,64,200,1,2,0,475.81
173,1,5,56,2,64,200,1,1,1,513.58
173,1,5,57,8,64,200,2,2,1,427.56
173,1,5,58,10,64,200,2,2,1,554.11
173,1,5,59,1,64,200,1,1,1,478.57
173,1,5,60,11,64,200,2,2,1,380.23
173,1,5,61,1,64,200,1,1,1,477.37
173,1,5,62,3,64,200,1,1,1,462.34
173,1,5,63,4,64,200,1,1,1,499.39
173,1,5,64,12,64,200,2,2,1,550.53
173,1,5,65,3,64,200,1,1,1,478.14
173,1,5,66,13,64,200,2,2,1,417.94
173,1,5,67,13,64,200,2,2,1,486.95
173,1,5,68,4,64,200,1,1,1,592.57
173,1,5,69,3,64,200,1,1,1,542.08
173,1,5,70,11,64,200,2,2,1,522.2
173,1,5,71,8,64,200,2,2,1,724.91
173,1,5,72,6,64,200,2,2,1,574.36
173,1,5,73,9,64,200,2,2,1,456.88
173,1,5,74,2,64,200,1,1,1,666.55
173,1,5,75,1,64,200,1,1,1,426.25
173,1,5,76,10,64,200,2,2,1,562.01
173,1,5,77,12,64,200,2,2,1,487.01
173,1,5,78,8,64,200,2,2,1,882.62
173,1,5,79,5,64,200,2,2,1,627.59
173,1,5,80,3,64,200,1,1,1,716.08
173,1,5,81,1,64,200,1,1,1,443.8
173,1,5,82,6,64,200,2,2,1,606.32
173,1,5,83,4,64,200,1,1,1,493.33
173,1,5,84,2,64,200,1,1,1,521.5
173,1,5,85,6,64,200,2,2,1,508.39
173,1,5,1,10,64,200,2,2,1,742.21
173,1,5,2,4,64,200,1,1,1,717.08
173,1,5,3,2,64,200,1,1,1,566.74
173,1,5,4,7,64,200,2,2,1,487.86
173,1,5,5,9,64,200,2,2,1,422.16
173,1,5,6,3,64,200,1,1,1,570.58
173,1,5,7,1,64,200,1,1,1,555.53
173,1,5,8,1,64,200,1,1,1,440.08
173,1,5,9,12,64,200,2,2,1,430.97
173,1,5,10,2,64,200,1,1,1,722.72
173,1,5,11,5,64,200,2,2,1,518.37
173,1,5,12,6,64,200,2,2,1,427.18
173,1,5,13,7,64,200,2,2,1,582.01
173,1,5,14,2,64,200,1,1,1,677.04
173,1,5,15,3,64,200,1,1,1,603.85
173,1,5,16,6,64,200,2,2,1,487.29
173,1,5,17,1,64,200,1,1,1,1072.6
173,1,5,18,12,64,200,2,2,1,520.44
173,1,5,19,11,64,200,2,2,1,545.29
173,1,5,20,8,64,200,2,2,1,581.47
173,1,5,21,3,64,200,1,1,1,562.13
173,1,5,22,10,64,200,2,2,1,483.55
173,1,5,23,2,64,200,1,1,1,454.73
173,1,5,24,9,64,200,2,2,1,487.28
173,1,5,25,12,64,200,2,2,1,444.18
173,1,5,26,4,64,200,1,1,1,744.02
173,1,5,27,4,64,200,1,1,1,424.77
173,1,5,28,3,64,200,1,1,1,427.91
173,1,5,29,5,64,200,1,2,0,870.79
173,1,5,30,1,64,200,1,1,1,451.97
173,1,5,31,1,64,200,1,1,1,506.59
173,1,5,32,12,64,200,2,2,1,448.55
173,1,5,33,2,64,200,1,1,1,518.72
173,1,5,34,3,64,200,1,1,1,504.81
173,1,5,35,4,64,200,1,1,1,529.55
173,1,5,36,12,64,200,2,2,1,511.21
173,1,5,37,8,64,200,2,2,1,692.31
173,1,5,38,1,64,200,1,1,1,457.03
173,1,5,39,13,64,200,2,2,1,535.66
173,1,5,40,4,64,200,1,1,1,602.22
173,1,5,41,11,64,200,2,2,1,553.97
173,1,5,42,1,64,200,1,1,1,668.08
173,1,5,43,6,64,200,2,2,1,706.51
173,1,5,44,5,64,200,2,2,1,437.32
173,1,5,45,2,64,200,1,1,1,808.16
173,1,5,46,13,64,200,2,2,1,562.62
173,1,5,47,3,64,200,1,1,1,1272.9
173,1,5,48,10,64,200,2,2,1,466.97
173,1,5,49,13,64,200,2,2,1,533.87
173,1,5,50,10,64,200,2,2,1,507.35
173,1,5,51,4,64,200,1,1,1,1289.7
173,1,5,52,11,64,200,2,2,1,497.16
173,1,5,53,9,64,200,2,2,1,660.13
173,1,5,54,1,64,200,1,1,1,821.57
173,1,5,55,11,64,200,2,2,1,548.21
173,1,5,56,3,64,200,1,1,1,801.81
173,1,5,57,1,64,200,1,1,1,484.73
173,1,5,58,8,64,200,2,2,1,546.36
173,1,5,59,4,64,200,1,1,1,596.1
173,1,5,60,8,64,200,2,2,1,598.73
173,1,5,61,3,64,200,1,1,1,587.86
173,1,5,62,4,64,200,1,1,1,493.1
173,1,5,63,3,64,200,1,1,1,457.08
173,1,5,64,8,64,200,2,2,1,623.71
173,1,5,65,6,64,200,2,2,1,648.73
173,1,5,66,6,64,200,2,2,1,500.09
173,1,5,67,3,64,200,1,1,1,591.76
173,1,5,68,4,64,200,1,1,1,592.69
173,1,5,69,2,64,200,1,1,1,507.92
173,1,5,70,7,64,200,2,2,1,709.13
173,1,5,71,13,64,200,2,2,1,1773.9
173,1,5,72,10,64,200,2,2,1,535.66
173,1,5,73,1,64,200,1,1,1,701.51
173,1,5,74,2,64,200,1,1,1,602.25
173,1,5,75,9,64,200,2,2,1,939.12
173,1,5,76,11,64,200,2,2,1,931.75
173,1,5,77,13,64,200,2,2,1,470.75
173,1,5,78,7,64,200,2,2,1,542.63
173,1,5,79,9,64,200,2,2,1,584.12
173,1,5,80,7,64,200,2,2,1,881.12
173,1,5,81,4,64,200,1,1,1,939.45
173,1,5,82,2,64,200,1,1,1,635.58
173,1,5,83,5,64,200,2,2,1,460.53
173,1,5,84,2,64,200,1,1,1,717.99
173,1,5,85,5,64,200,2,2,1,521.47
173,1,5,1,12,64,200,2,2,1,511.81
173,1,5,2,8,64,200,2,2,1,883.14
173,1,5,3,3,64,200,1,1,1,527.34
173,1,5,4,5,64,200,2,2,1,685.01
173,1,5,5,3,64,200,1,1,1,628.9
173,1,5,6,12,64,200,2,2,1,539.23
173,1,5,7,6,64,200,2,2,1,616.15
173,1,5,8,2,64,200,1,1,1,833.04
173,1,5,9,10,64,200,2,2,1,822.09
173,1,5,10,10,64,200,2,2,1,595.07
173,1,5,11,9,64,200,2,2,1,874.16
173,1,5,12,6,64,200,2,2,1,755.55
173,1,5,13,13,64,200,2,2,1,718.26
173,1,5,14,9,64,200,2,2,1,929.12
173,1,5,15,6,64,200,2,2,1,535.54
173,1,5,16,1,64,200,1,1,1,1345.8
173,1,5,17,9,64,200,2,2,1,517.49
173,1,5,18,3,64,200,1,1,1,513.65
173,1,5,19,4,64,200,1,1,1,751.07
173,1,5,20,1,64,200,1,1,1,529.95
173,1,5,21,5,64,200,2,2,1,1494.8
173,1,5,22,1,64,200,1,1,1,632.81
173,1,5,23,7,64,200,2,2,1,529.69
173,1,5,24,2,64,200,1,1,1,671.59
173,1,5,25,13,64,200,2,2,1,472.04
173,1,5,26,1,64,200,1,1,1,619.61
173,1,5,27,1,64,200,1,1,1,745.67
173,1,5,28,10,64,200,2,2,1,1351.2
173,1,5,29,1,64,200,1,1,1,848.81
173,1,5,30,7,64,200,2,2,1,526.47
173,1,5,31,3,64,200,1,1,1,534.48
173,1,5,32,3,64,200,1,1,1,570.27
173,1,5,33,11,64,200,2,2,1,518.35
173,1,5,34,8,64,200,2,2,1,663.47
173,1,5,35,6,64,200,2,2,1,631.62
173,1,5,36,12,64,200,2,2,1,525.59
173,1,5,37,5,64,200,2,2,1,689.54
173,1,5,38,2,64,200,1,1,1,735.25
173,1,5,39,3,64,200,1,1,1,765.24
173,1,5,40,3,64,200,1,1,1,730.24
173,1,5,41,8,64,200,2,2,1,592.08
173,1,5,42,10,64,200,2,2,1,505.93
173,1,5,43,7,64,200,2,2,1,1408.3
173,1,5,44,12,64,200,2,2,1,1124
173,1,5,45,4,64,200,1,1,1,660.8
173,1,5,46,4,64,200,1,1,1,725.8
173,1,5,47,2,64,200,1,1,1,519.3
173,1,5,48,4,64,200,1,1,1,381.04
173,1,5,49,7,64,200,2,2,1,565.4
173,1,5,50,1,64,200,1,1,1,481.02
173,1,5,51,8,64,200,2,2,1,467.78
173,1,5,52,6,64,200,2,2,1,407.75
173,1,5,53,11,64,200,2,2,1,516.61
173,1,5,54,9,64,200,2,2,1,413.26
173,1,5,55,5,64,200,2,2,1,455.89
173,1,5,56,1,64,200,1,1,1,604.62
173,1,5,57,13,64,200,2,2,1,486.99
173,1,5,58,2,64,200,1,1,1,726.29
173,1,5,59,1,64,200,1,1,1,727.46
173,1,5,60,11,64,200,2,2,1,477.27
173,1,5,61,13,64,200,2,2,1,440.27
173,1,5,62,4,64,200,1,1,1,487.63
173,1,5,63,2,64,200,1,1,1,470.48
173,1,5,64,11,64,200,2,2,1,968.1
173,1,5,65,11,64,200,2,2,1,616.06
173,1,5,66,4,64,200,1,1,1,894.18
173,1,5,67,4,64,200,1,1,1,706.51
173,1,5,68,2,64,200,1,1,1,944.6
173,1,5,69,12,64,200,2,2,1,1639.5
173,1,5,70,4,64,200,1,1,1,644.75
173,1,5,71,3,64,200,1,1,1,455.59
173,1,5,72,8,64,200,2,2,1,443.45
173,1,5,73,13,64,200,2,2,1,701.16
173,1,5,74,7,64,200,2,2,1,608.64
173,1,5,75,10,64,200,2,2,1,1373.7
173,1,5,76,4,64,200,1,1,1,697.02
173,1,5,77,9,64,200,2,2,1,631.31
173,1,5,78,1,64,200,2,1,0,1151
173,1,5,79,5,64,200,2,2,1,733.33
173,1,5,80,4,64,200,1,1,1,1623.8
173,1,5,81,2,64,200,1,1,1,499.38
173,1,5,82,3,64,200,1,1,1,473.31
173,1,5,83,3,64,200,1,1,1,472.2
173,1,5,84,2,64,200,1,1,1,526.58
173,1,5,85,2,64,200,1,1,1,419.43
173,1,5,1,6,64,200,2,2,1,1229.1
173,1,5,2,4,64,200,1,1,1,903.5
173,1,5,3,3,64,200,1,1,1,481.55
173,1,5,4,8,64,200,2,2,1,690.28
173,1,5,5,9,64,200,2,2,1,729.2
173,1,5,6,2,64,200,1,1,1,924.59
173,1,5,7,5,64,200,2,2,1,554.8
173,1,5,8,7,64,200,2,2,1,707.72
173,1,5,9,12,64,200,2,2,1,879.32
173,1,5,10,13,64,200,2,2,1,614.91
173,1,5,11,2,64,200,1,1,1,850.62
173,1,5,12,10,64,200,2,2,1,512.27
173,1,5,13,2,64,200,2,1,0,1579.8
173,1,5,14,12,64,200,2,2,1,2667
173,1,5,15,3,64,200,1,1,1,2793.4
173,1,5,16,1,64,200,1,1,1,545.42
173,1,5,17,7,64,200,2,2,1,1486.1
173,1,5,18,9,64,200,2,2,1,466.97
173,1,5,19,13,64,200,2,2,1,1173.9
173,1,5,20,12,64,200,2,2,1,467.25
173,1,5,21,2,64,200,1,1,1,551.12
173,1,5,22,1,64,200,1,1,1,1106.3
173,1,5,23,2,64,200,2,1,0,1346.5
173,1,5,24,7,64,200,2,2,1,669.73
173,1,5,25,7,64,200,2,2,1,636.36
173,1,5,26,11,64,200,2,2,1,788.19
173,1,5,27,3,64,200,1,1,1,587.86
173,1,5,28,2,64,200,1,1,1,1046.4
173,1,5,29,2,64,200,1,1,1,606.39
173,1,5,30,11,64,200,2,2,1,436.92
173,1,5,31,3,64,200,1,1,1,553.05
173,1,5,32,4,64,200,1,1,1,525.65
173,1,5,33,12,64,200,2,2,1,441.07
173,1,5,34,8,64,200,2,2,1,573.67
173,1,5,35,5,64,200,2,2,1,633.36
173,1,5,36,1,64,200,1,1,1,509.73
173,1,5,37,6,64,200,2,2,1,761.71
173,1,5,38,5,64,200,2,2,1,593.92
173,1,5,39,11,64,200,2,2,1,1264.7
173,1,5,40,2,64,200,1,1,1,1191.3
173,1,5,41,3,64,200,1,1,1,597.98
173,1,5,42,13,64,200,2,2,1,479.89
173,1,5,43,12,64,200,2,2,1,547.77
173,1,5,44,6,64,200,2,2,1,798.45
173,1,5,45,4,64,200,1,1,1,634.48
173,1,5,46,8,64,200,2,2,1,683.58
173,1,5,47,6,64,200,2,2,1,440.9
173,1,5,48,6,64,200,2,2,1,450.35
173,1,5,49,9,64,200,2,2,1,363.67
173,1,5,50,4,64,200,1,1,1,979.76
173,1,5,51,10,64,200,2,2,1,852.21
173,1,5,52,1,64,200,1,1,1,596.78
173,1,5,53,11,64,200,2,2,1,551.46
173,1,5,54,1,64,200,1,1,1,531.91
173,1,5,55,4,64,200,1,1,1,619.27
173,1,5,56,3,64,200,1,1,1,441.15
173,1,5,57,2,64,200,1,1,1,541.17
173,1,5,58,5,64,200,2,2,1,434.76
173,1,5,59,8,64,200,2,2,1,535.86
173,1,5,60,9,64,200,2,2,1,456.41
173,1,5,61,1,64,200,1,1,1,528.65
173,1,5,62,3,64,200,1,1,1,445.76
173,1,5,63,4,64,200,1,1,1,495.84
173,1,5,64,2,64,200,1,1,1,689.41
173,1,5,65,4,64,200,1,1,1,495.39
173,1,5,66,10,64,200,2,2,1,775.73
173,1,5,67,10,64,200,2,2,1,438.68
173,1,5,68,13,64,200,2,2,1,474.98
173,1,5,69,1,64,200,1,1,1,510.58
173,1,5,70,1,64,200,1,1,1,406.12
173,1,5,71,11,64,200,2,2,1,477.32
173,1,5,72,4,64,200,1,1,1,1046.2
173,1,5,73,10,64,200,2,2,1,429.67
173,1,5,74,3,64,200,1,1,1,506.69
173,1,5,75,9,64,200,2,2,1,478.12
173,1,5,76,1,64,200,1,1,1,573.83
173,1,5,77,3,64,200,1,1,1,484.74
173,1,5,78,4,64,200,1,1,1,914.93
173,1,5,79,7,64,200,2,2,1,524.46
173,1,5,80,4,64,200,1,1,1,1164.8
173,1,5,81,8,64,200,2,2,1,530.29
173,1,5,82,13,64,200,2,2,1,1133.3
173,1,5,83,1,64,200,1,1,1,520.93
173,1,5,84,3,64,200,1,1,1,502.27
173,1,5,85,5,64,200,2,2,1,466.57
173,1,5,1,7,64,200,2,2,1,546.62
173,1,5,2,12,64,200,2,2,1,511.3
173,1,5,3,2,64,200,1,1,1,719.69
173,1,5,4,5,64,200,2,2,1,521.85
173,1,5,5,6,64,200,2,2,1,429.76
173,1,5,6,8,64,200,2,2,1,887.97
173,1,5,7,11,64,200,2,2,1,773.71
173,1,5,8,2,64,200,1,1,1,1479.8
173,1,5,9,13,64,200,2,2,1,451.26
173,1,5,10,1,64,200,1,1,1,1159.3
173,1,5,11,5,64,200,2,2,1,552.36
173,1,5,12,1,64,200,1,1,1,2161.6
173,1,5,13,4,64,200,1,1,1,1466.7
173,1,5,14,4,64,200,1,1,1,584.4
173,1,5,15,3,64,200,1,1,1,479.83
173,1,5,16,1,64,200,1,1,1,456.4
173,1,5,17,8,64,200,2,2,1,579.2
173,1,5,18,6,64,200,2,2,1,500.6
173,1,5,19,10,64,200,2,2,1,582.45
173,1,5,20,5,64,200,2,2,1,501.5
173,1,5,21,13,64,200,2,2,1,596.79
173,1,5,22,2,64,200,1,1,1,1587.9
173,1,5,23,6,64,200,2,2,1,1070.7
173,1,5,24,4,64,200,1,1,1,862.77
173,1,5,25,9,64,200,2,2,1,538.95
173,1,5,26,9,64,200,2,2,1,608.53
173,1,5,27,12,64,200,2,2,1,542.9
173,1,5,28,1,64,200,1,1,1,641.73
173,1,5,29,6,64,200,2,2,1,572.31
173,1,5,30,3,64,200,1,1,1,654.93
173,1,5,31,12,64,200,2,2,1,650.78
173,1,5,32,4,64,200,1,1,1,869.1
173,1,5,33,8,64,200,2,2,1,682.57
173,1,5,34,7,64,200,2,2,1,969.33
173,1,5,35,13,64,200,2,2,1,523.28
173,1,5,36,9,64,200,2,2,1,422.55
173,1,5,37,4,64,200,2,1,0,1230.9
173,1,5,38,7,64,200,1,2,0,459.45
173,1,5,39,9,64,200,2,2,1,706.61
173,1,5,40,3,64,200,1,1,1,1600.5
173,1,5,41,3,64,200,1,1,1,473.73
173,1,5,42,5,64,200,2,2,1,463.92
173,1,5,43,8,64,200,2,2,1,848.26
173,1,5,44,1,64,200,1,1,1,731.33
173,1,5,45,1,64,200,1,1,1,473.47
173,1,5,46,1,64,200,1,1,1,529.96
173,1,5,47,11,64,200,2,2,1,469.57
173,1,5,48,4,64,200,1,1,1,684.56
173,1,5,49,8,64,200,2,2,1,511.54
173,1,5,50,2,64,200,1,1,1,522.2
173,1,5,51,11,64,200,2,2,1,503.47
173,1,5,52,11,64,200,2,2,1,531.32
173,1,5,53,11,64,200,2,2,1,580.04
173,1,5,54,4,64,200,1,1,1,623.38
173,1,5,55,9,64,200,2,2,1,527
173,1,5,56,10,64,200,2,2,1,504.22
173,1,5,57,1,64,200,1,1,1,502.18
173,1,5,58,1,64,200,1,1,1,717.24
173,1,5,59,2,64,200,1,1,1,613.75
173,1,5,60,2,64,200,1,1,1,512.37
173,1,5,61,7,64,200,2,2,1,544.52
173,1,5,62,12,64,200,2,2,1,487.26
173,1,5,63,10,64,200,2,2,1,832.14
173,1,5,64,5,64,200,2,2,1,416.51
173,1,5,65,3,64,200,1,1,1,840.23
173,1,5,66,13,64,200,2,2,1,390.11
173,1,5,67,4,64,200,2,1,0,583.22
173,1,5,68,1,64,200,1,1,1,527.22
173,1,5,69,4,64,200,1,1,1,641.31
173,1,5,70,3,64,200,1,1,1,484.86
173,1,5,71,6,64,200,2,2,1,527.56
173,1,5,72,10,64,200,2,2,1,550.28
173,1,5,73,3,64,200,1,1,1,642.59
173,1,5,74,13,64,200,2,2,1,512.74
173,1,5,75,12,64,200,2,2,1,419.05
173,1,5,76,4,64,200,1,1,1,835.63
173,1,5,77,2,64,200,1,1,1,620.96
173,1,5,78,2,64,200,1,1,1,533.36
173,1,5,79,2,64,200,1,1,1,541.6
173,1,5,80,2,64,200,1,1,1,472.54
173,1,5,81,3,64,200,1,1,1,416.36
173,1,5,82,7,64,200,2,2,1,548.86
173,1,5,83,10,64,200,2,2,1,514.52
173,1,5,84,3,64,200,1,1,1,611.46
173,1,5,85,3,64,200,1,1,1,1037.3
173,1,5,1,1,64,200,1,1,1,1097.6
173,1,5,2,2,64,200,1,1,1,723.2
173,1,5,3,11,64,200,2,2,1,461.12
173,1,5,4,4,64,200,1,1,1,554.97
173,1,5,5,6,64,200,2,2,1,599.51
173,1,5,6,9,64,200,2,2,1,415.08
173,1,5,7,4,64,200,1,1,1,693.58
173,1,5,8,1,64,200,1,1,1,478.03
173,1,5,9,10,64,200,2,2,1,465.4
173,1,5,10,2,64,200,1,1,1,399.14
173,1,5,11,8,64,200,2,2,1,477.69
173,1,5,12,1,64,200,1,1,1,396.56
173,1,5,13,1,64,200,1,1,1,380.54
173,1,5,14,2,64,200,1,1,1,367.78
173,1,5,15,8,64,200,2,2,1,748.04
173,1,5,16,10,64,200,2,2,1,462.49
173,1,5,17,3,64,200,1,1,1,696.24
173,1,5,18,13,64,200,2,2,1,479.65
173,1,5,19,8,64,200,2,2,1,1182.2
173,1,5,20,6,64,200,2,2,1,1870.1
173,1,5,21,2,64,200,1,1,1,673.73
173,1,5,22,2,64,200,1,1,1,622.53
173,1,5,23,2,64,200,1,1,1,416.3
173,1,5,24,5,64,200,2,2,1,513.26
173,1,5,25,8,64,200,2,2,1,817.33
173,1,5,26,3,64,200,1,1,1,912.64
173,1,5,27,11,64,200,2,2,1,547.14
173,1,5,28,12,64,200,2,2,1,549.15
173,1,5,29,5,64,200,1,2,0,1053.7
173,1,5,30,9,64,200,2,2,1,634.61
173,1,5,31,5,64,200,2,2,1,687.16
173,1,5,32,4,64,200,1,1,1,928.14
173,1,5,33,13,64,200,2,2,1,504.48
173,1,5,34,12,64,200,2,2,1,859.6
173,1,5,35,12,64,200,2,2,1,463.73
173,1,5,36,11,64,200,2,2,1,531.85
173,1,5,37,5,64,200,2,2,1,2379.6
173,1,5,38,13,64,200,2,2,1,596.47
173,1,5,39,1,64,200,1,1,1,1600.3
173,1,5,40,3,64,200,1,1,1,485.83
173,1,5,41,7,64,200,2,2,1,746.02
173,1,5,42,13,64,200,2,2,1,479.65
173,1,5,43,11,64,200,2,2,1,1362.5
173,1,5,44,2,64,200,1,1,1,919.54
173,1,5,45,6,64,200,2,2,1,1369.6
173,1,5,46,4,64,200,1,1,1,1348.8
173,1,5,47,7,64,200,2,2,1,614.81
173,1,5,48,7,64,200,2,2,1,431.7
173,1,5,49,3,64,200,1,1,1,976.17
173,1,5,50,1,64,200,1,1,1,702.17
173,1,5,51,4,64,200,1,1,1,634.16
173,1,5,52,9,64,200,2,2,1,849.44
173,1,5,53,3,64,200,1,1,1,634.67
173,1,5,54,10,64,200,2,2,1,542.76
173,1,5,55,11,64,200,2,2,1,588.42
173,1,5,56,3,64,200,1,1,1,607.24
173,1,5,57,10,64,200,2,2,1,444.89
173,1,5,58,4,64,200,1,1,1,714.66
173,1,5,59,3,64,200,1,1,1,497.81
173,1,5,60,4,64,200,1,1,1,491.3
173,1,5,61,12,64,200,2,2,1,523.33
173,1,5,62,2,64,200,1,1,1,526.74
173,1,5,63,7,64,200,2,2,1,545.08
173,1,5,64,1,64,200,1,1,1,636.87
173,1,5,65,13,64,200,2,2,1,447.74
173,1,5,66,6,64,200,2,2,1,455.88
173,1,5,67,2,64,200,1,1,1,526.77
173,1,5,68,2,64,200,1,1,1,440.1
173,1,5,69,4,64,200,1,1,1,487.25
173,1,5,70,10,64,200,2,2,1,446.48
173,1,5,71,4,64,200,1,1,1,581.69
173,1,5,72,1,64,200,1,1,1,622.79
173,1,5,73,8,64,200,2,2,1,485.67
173,1,5,74,6,64,200,2,2,1,610.91
173,1,5,75,9,64,200,2,2,1,370.2
173,1,5,76,9,64,200,2,2,1,416.64
173,1,5,77,1,64,200,1,1,1,1268
173,1,5,78,5,64,200,2,2,1,943.1
173,1,5,79,3,64,200,1,1,1,744.61
173,1,5,80,1,64,200,1,1,1,1153.7
173,1,5,81,3,64,200,1,1,1,738.22
173,1,5,82,7,64,200,2,2,1,645.53
173,1,5,83,12,64,200,2,2,1,766.14
173,1,5,84,4,64,200,1,1,1,1405.5
173,1,5,85,3,64,200,1,1,1,1208.4
173,1,5,1,1,64,200,1,1,1,813.54
173,1,5,2,2,64,200,1,1,1,386.03
173,1,5,3,6,64,200,2,2,1,489.76
173,1,5,4,12,64,200,2,2,1,626.89
173,1,5,5,13,64,200,2,2,1,461.92
173,1,5,6,2,64,200,1,1,1,1093.1
173,1,5,7,6,64,200,2,2,1,554.97
173,1,5,8,8,64,200,2,2,1,696.32
173,1,5,9,4,64,200,1,1,1,585.17
173,1,5,10,2,64,200,1,1,1,382.71
173,1,5,11,12,64,200,2,2,1,378.8
173,1,5,12,9,64,200,2,2,1,407.5
173,1,5,13,8,64,200,2,2,1,741.96
173,1,5,14,6,64,200,2,2,1,478.08
173,1,5,15,6,64,200,2,2,1,399.31
173,1,5,16,4,64,200,1,1,1,524.49
173,1,5,17,9,64,200,2,2,1,425.43
173,1,5,18,1,64,200,1,1,1,556.77
173,1,5,19,2,64,200,1,1,1,463.67
173,1,5,20,1,64,200,1,1,1,542.36
173,1,5,21,12,64,200,2,2,1,464.31
173,1,5,22,13,64,200,2,2,1,477.41
173,1,5,23,9,64,200,2,2,1,475.13
173,1,5,24,3,64,200,1,1,1,478.09
173,1,5,25,9,64,200,2,2,1,392.45
173,1,5,26,3,64,200,1,1,1,643.82
173,1,5,27,3,64,200,1,1,1,1370.2
173,1,5,28,10,64,200,2,2,1,434.8
173,1,5,29,1,64,200,1,1,1,579.54
173,1,5,30,4,64,200,1,1,1,583.15
173,1,5,31,12,64,200,2,2,1,510.33
173,1,5,32,10,64,200,2,2,1,762.78
173,1,5,33,4,64,200,1,1,1,1136
173,1,5,34,4,64,200,1,1,1,545.36
173,1,5,35,1,64,200,1,1,1,1075.6
173,1,5,36,4,64,200,1,1,1,428.37
173,1,5,37,4,64,200,1,1,1,385.45
173,1,5,38,10,64,200,2,2,1,479.48
173,1,5,39,7,64,200,1,2,0,411.9
173,1,5,40,5,64,200,2,2,1,447.59
173,1,5,41,4,64,200,1,1,1,1162.9
173,1,5,42,1,64,200,1,1,1,486.61
173,1,5,43,11,64,200,2,2,1,413.22
173,1,5,44,9,64,200,2,2,1,456.79
173,1,5,45,4,64,200,1,1,1,660.51
173,1,5,46,5,64,200,2,2,1,549.36
173,1,5,47,7,64,200,2,2,1,647.76
173,1,5,48,8,64,200,2,2,1,478.01
173,1,5,49,3,64,200,1,1,1,723.58
173,1,5,50,1,64,200,1,1,1,491.85
173,1,5,51,5,64,200,2,2,1,499.21
173,1,5,52,7,64,200,2,2,1,672.78
173,1,5,53,13,64,200,2,2,1,454.26
173,1,5,54,3,64,200,1,1,1,755.07
173,1,5,55,2,64,200,1,1,1,536.47
173,1,5,56,2,64,200,1,1,1,355.07
173,1,5,57,2,64,200,1,1,1,336.39
173,1,5,58,8,64,200,2,2,1,597.95
173,1,5,59,5,64,200,2,2,1,560.28
173,1,5,60,3,64,200,1,1,1,429.92
173,1,5,61,2,64,200,1,1,1,489.63
173,1,5,62,11,64,200,2,2,1,495.02
173,1,5,63,4,64,200,1,1,1,592.09
173,1,5,64,12,64,200,2,2,1,462.41
173,1,5,65,11,64,200,2,2,1,607.76
173,1,5,66,2,64,200,1,1,1,685.72
173,1,5,67,3,64,200,1,1,1,816.77
173,1,5,68,8,64,200,2,2,1,720.23
173,1,5,69,1,64,200,1,1,1,530.15
173,1,5,70,7,64,200,2,2,1,622.69
173,1,5,71,5,64,200,2,2,1,616.52
173,1,5,72,7,64,200,2,2,1,558.46
173,1,5,73,10,64,200,2,2,1,1095.8
173,1,5,74,3,64,200,1,1,1,905.94
173,1,5,75,10,64,200,2,2,1,476.66
173,1,5,76,3,64,200,1,1,1,506.36
173,1,5,77,13,64,200,2,2,1,429.81
173,1,5,78,1,64,200,1,1,1,1340.8
173,1,5,79,1,64,200,1,1,1,545.73
173,1,5,80,11,64,200,2,2,1,540.19
173,1,5,81,13,64,200,2,2,1,771.52
173,1,5,82,3,64,200,1,1,1,1102.6
173,1,5,83,11,64,200,2,2,1,524.39
173,1,5,84,6,64,200,2,2,1,593.65
173,1,5,85,2,64,200,1,1,1,624.6
