174,1,5,1,1,64,200,1,1,1,1880.5
174,1,5,2,4,64,200,1,1,1,1504.7
174,1,5,3,13,64,200,2,2,1,1370.5
174,1,5,4,5,64,200,2,2,1,808.91
174,1,5,5,1,64,200,1,1,1,800
174,1,5,6,8,64,200,2,2,1,697.33
174,1,5,7,2,64,200,1,1,1,1750.5
174,1,5,8,2,64,200,1,1,1,1261
174,1,5,9,11,64,200,2,2,1,916.3
174,1,5,10,9,64,200,2,2,1,1581.4
174,1,5,11,3,64,200,1,1,1,1325.1
174,1,5,12,6,64,200,2,2,1,654.5
174,1,5,13,10,64,200,2,2,1,843.03
174,1,5,14,12,64,200,2,2,1,1022.1
174,1,5,15,3,64,200,1,1,1,750.41
174,1,5,16,4,64,200,1,1,1,890.24
174,1,5,17,7,64,200,2,2,1,1246.1
174,1,5,18,3,64,200,1,1,1,1523.3
174,1,5,19,3,64,200,1,1,1,1050
174,1,5,20,1,64,200,1,1,1,652.88
174,1,5,21,1,64,200,1,1,1,780.69
174,1,5,22,4,64,200,1,1,1,818.82
174,1,5,23,5,64,200,2,2,1,713.73
174,1,5,24,4,64,200,1,1,1,1604.3
174,1,5,25,11,64,200,2,2,1,1019
174,1,5,26,2,64,200,1,1,1,1725.8
174,1,5,27,13,64,200,2,2,1,528.37
174,1,5,28,3,64,200,1,1,1,829.26
174,1,5,29,6,64,200,2,2,1,574.92
174,1,5,30,12,64,200,2,2,1,1010.1
174,1,5,31,2,64,200,1,1,1,863.43
174,1,5,32,10,64,200,2,2,1,610.08
174,1,5,33,9,64,200,2,2,1,1632.7
174,1,5,34,12,64,200,2,2,1,1048.5
174,1,5,35,3,64,200,1,1,1,638.49
174,1,5,36,11,64,200,2,2,1,2022.7
174,1,5,37,12,64,200,2,2,1,912.94
174,1,5,38,5,64,200,2,2,1,706.78
174,1,5,39,4,64,200,1,1,1,907.36
174,1,5,40,1,64,200,1,1,1,559.35
174,1,5,41,8,64,200,2,2,1,700.01
174,1,5,42,1,64,200,1,1,1,631.85
174,1,5,43,2,64,200,1,1,1,840.84
174,1,5,44,9,64,200,2,2,1,583.51
174,1,5,45,7,64,200,2,2,1,1120.2
174,1,5,46,5,64,200,2,2,1,1202.3
174,1,5,47,9,64,200,2,2,1,1505.1
174,1,5,48,10,64,200,2,2,1,1175
174,1,5,49,4,64,200,1,1,1,1115.1
174,1,5,50,1,64,200,1,1,1,1784.9
174,1,5,51,8,64,200,2,2,1,1186.9
174,1,5,52,10,64,200,2,2,1,1530
174,1,5,53,6,64,200,2,2,1,2777.4
174,1,5,54,7,64,200,2,2,1,1254.4
174,1,5,55,1,64,200,1,1,1,1203.1
174,1,5,56,11,64,200,2,2,1,1053
174,1,5,57,2,64,200,1,1,1,1290.7
174,1,5,58,7,64,200,2,2,1,1131.6
174,1,5,59,13,64,200,2,2,1,1150.5
174,1,5,60,4,64,200,1,1,1,1214.2
174,1,5,61,10,64,200,2,2,1,847.91
174,1,5,62,8,64,200,2,2,1,939.69
174,1,5,63,13,64,200,2,2,1,938.54
174,1,5,64,6,64,200,2,2,1,1027.8
174,1,5,65,11,64,200,2,2,1,997.17
174,1,5,66,2,64,200,1,1,1,1384.2
174,1,5,67,2,64,200,1,1,1,733.92
174,1,5,68,4,64,200,1,1,1,1276.1
174,1,5,69,1,64,200,1,1,1,672.77
174,1,5,70,2,64,200,1,1,1,926.63
174,1,5,71,9,64,200,2,2,1,982.85
174,1,5,72,10,64,200,2,2,1,1175
174,1,5,73,2,64,200,1,1,1,669.88
174,1,5,74,4,64,200,1,1,1,576.94
174,1,5,75,3,64,200,1,1,1,1148.8
174,1,5,76,4,64,200,1,1,1,548.52
174,1,5,77,1,64,200,1,1,1,1606.8
174,1,5,78,13,64,200,2,2,1,1283.5
174,1,5,79,12,64,200,2,2,1,891.36
174,1,5,80,5,64,200,2,2,1,581.21
174,1,5,81,6,64,200,2,2,1,789.28
174,1,5,82,7,64,200,2,2,1,912.99
174,1,5,83,4,64,200,1,1,1,1878.3
174,1,5,84,5,64,200,2,2,1,912.77
174,1,5,85,7,64,200,1,2,0,1607.2
174,1,5,86,2,64,200,1,1,1,1357.9
174,1,5,87,11,64,200,2,2,1,670.69
174,1,5,88,3,64,200,1,1,1,1635.8
174,1,5,89,8,64,200,2,2,1,1450
174,1,5,90,3,64,200,1,1,1,1745.5
174,1,5,91,8,64,200,1,2,0,1543.7
174,1,5,92,12,64,200,2,2,1,730.22
174,1,5,93,3,64,200,1,1,1,1051
174,1,5,94,4,64,200,1,1,1,803.15
174,1,5,95,1,64,200,1,1,1,1188.2
174,1,5,96,2,64,200,1,1,1,1224.3
174,1,5,97,3,64,200,1,1,1,1645.1
174,1,5,98,3,64,200,1,1,1,793.2
174,1,5,99,1,64,200,1,1,1,2218.5
174,1,5,100,9,64,200,2,2,1,1306.4
174,1,5,101,13,64,200,2,2,1,1931.8
174,1,5,102,6,64,200,2,2,1,1781.2
174,1,5,1,13,64,200,2,2,1,2115.4
174,1,5,2,10,64,200,2,2,1,992.05
174,1,5,3,3,64,200,1,1,1,1250.8
174,1,5,4,1,64,200,1,1,1,1889.2
174,1,5,5,10,64,200,2,2,1,715.34
174,1,5,6,8,64,200,2,2,1,1246.6
174,1,5,7,9,64,200,2,2,1,1578.6
174,1,5,8,6,64,200,2,2,1,890.91
174,1,5,9,4,64,200,1,1,1,1905.2
174,1,5,10,4,64,200,1,1,1,1117.7
174,1,5,11,4,64,200,1,1,1,581.28
174,1,5,12,5,64,200,2,2,1,1025.5
174,1,5,13,7,64,200,2,2,1,1485.7
174,1,5,14,12,64,200,2,2,1,1876.9
174,1,5,15,2,64,200,1,1,1,973.46
174,1,5,16,4,64,200,1,1,1,1351.1
174,1,5,17,2,64,200,1,1,1,592.04
174,1,5,18,9,64,200,2,2,1,904.41
174,1,5,19,2,64,200,1,1,1,1017.5
174,1,5,20,3,64,200,1,1,1,1667.3
174,1,5,21,3,64,200,1,1,1,1146.3
174,1,5,22,8,64,200,2,2,1,1018
174,1,5,23,9,64,200,2,2,1,1550.2
174,1,5,24,9,64,200,2,2,1,1414.6
174,1,5,25,13,64,200,2,2,1,952.23
174,1,5,26,9,64,200,2,2,1,691.17
174,1,5,27,3,64,200,1,1,1,1589.1
174,1,5,28,3,64,200,1,1,1,1070.3
174,1,5,29,5,64,200,2,2,1,1200.3
174,1,5,30,2,64,200,1,1,1,579.93
174,1,5,31,5,64,200,2,2,1,2042.8
174,1,5,32,12,64,200,2,2,1,687.09
174,1,5,33,7,64,200,2,2,1,992.52
174,1,5,34,11,64,200,2,2,1,1256.9
174,1,5,35,6,64,200,2,2,1,687.68
174,1,5,36,2,64,200,1,1,1,1204.2
174,1,5,37,2,64,200,1,1,1,1592.3
174,1,5,38,8,64,200,2,2,1,1562.6
174,1,5,39,2,64,200,1,1,1,1008.4
174,1,5,40,10,64,200,2,2,1,723.91
174,1,5,41,11,64,200,2,2,1,633.56
174,1,5,42,3,64,200,1,1,1,1124.5
174,1,5,43,10,64,200,2,2,1,1847.7
174,1,5,44,6,64,200,2,2,1,1373.9
174,1,5,45,12,64,200,2,2,1,1416
174,1,5,46,1,64,200,1,1,1,785.75
174,1,5,47,1,64,200,1,1,1,598.29
174,1,5,48,4,64,200,1,1,1,1205
174,1,5,49,7,64,200,2,2,1,731.5
174,1,5,50,13,64,200,2,2,1,865.69
174,1,5,51,6,64,200,2,2,1,652.64
174,1,5,52,6,64,200,2,2,1,1483.3
174,1,5,53,11,64,200,2,2,1,2219.3
174,1,5,54,3,64,200,1,1,1,1410.3
174,1,5,55,4,64,200,1,1,1,1374
174,1,5,56,13,64,200,2,2,1,1015.5
174,1,5,57,8,64,200,2,2,1,956.2
174,1,5,58,1,64,200,1,1,1,957.71
174,1,5,59,10,64,200,2,2,1,1133.7
174,1,5,60,12,64,200,2,2,1,1014.6
174,1,5,61,4,64,200,1,1,1,830.34
174,1,5,62,11,64,200,2,2,1,1022.1
174,1,5,63,1,64,200,1,1,1,1128.6
174,1,5,64,3,64,200,1,1,1,1520.6
174,1,5,65,5,64,200,2,2,1,1052.7
174,1,5,66,4,64,200,1,1,1,905.58
174,1,5,67,4,64,200,1,1,1,1196.4
174,1,5,68,2,64,200,1,1,1,1084.4
174,1,5,69,12,64,200,2,2,1,711.01
174,1,5,70,4,64,200,1,1,1,1245.6
174,1,5,71,1,64,200,1,1,1,1879.6
174,1,5,72,7,64,200,2,2,1,1464.6
174,1,5,73,1,64,200,1,1,1,832.13
174,1,5,74,7,64,200,2,2,1,1428.8
174,1,5,75,11,64,200,2,2,1,1298.5
174,1,5,76,2,64,200,1,1,1,2283.6
174,1,5,77,8,64,200,2,2,1,636.1
174,1,5,78,2,64,200,1,1,1,1624.6
174,1,5,79,3,64,200,1,1,1,764.96
174,1,5,80,13,64,200,2,2,1,930.42
174,1,5,81,3,64,200,1,1,1,1452.1
174,1,5,82,5,64,200,2,2,1,910.25
174,1,5,83,1,64,200,1,1,1,814.52
174,1,5,84,1,64,200,1,1,1,635.49
174,1,5,85,1,64,200,1,1,1,484.21
174,1,5,1,8,64,200,2,2,1,1249.8
174,1,5,2,2,64,200,1,1,1,505.07
174,1,5,3,4,64,200,1,1,1,856.46
174,1,5,4,4,64,200,1,1,1,1015.4
174,1,5,5,9,64,200,2,2,1,1018.5
174,1,5,6,4,64,200,1,1,1,1148.4
174,1,5,7,11,64,200,2,2,1,1204.7
174,1,5,8,5,64,200,2,2,1,573.64
174,1,5,9,9,64,200,2,2,1,489.39
174,1,5,10,10,64,200,2,2,1,511.61
174,1,5,11,13,64,200,2,2,1,932.47
174,1,5,12,2,64,200,1,1,1,979.68
174,1,5,13,12,64,200,2,2,1,873.11
174,1,5,14,3,64,200,1,1,1,1047.5
174,1,5,15,4,64,200,1,1,1,935.04
174,1,5,16,3,64,200,1,1,1,1073.2
174,1,5,17,1,64,200,1,1,1,1476
174,1,5,18,2,64,200,1,1,1,2793.3
174,1,5,19,12,64,200,2,2,1,1705.6
174,1,5,20,2,64,200,1,1,1,1229.9
174,1,5,21,7,64,200,2,2,1,1203.1
174,1,5,22,3,64,200,1,1,1,1018.6
174,1,5,23,6,64,200,2,2,1,902.7
174,1,5,24,8,64,200,2,2,1,1106.1
174,1,5,25,6,64,200,2,2,1,593.39
174,1,5,26,13,64,200,2,2,1,876.11
174,1,5,27,2,64,200,1,1,1,1362.7
174,1,5,28,4,64,200,1,1,1,904.06
174,1,5,29,2,64,200,1,1,1,1375.8
174,1,5,30,5,64,200,2,2,1,756.76
174,1,5,31,13,64,200,2,2,1,1227.3
174,1,5,32,1,64,200,1,1,1,685.88
174,1,5,33,10,64,200,2,2,1,1441.6
174,1,5,34,3,64,200,1,1,1,1145.6
174,1,5,35,4,64,200,1,1,1,741.74
174,1,5,36,3,64,200,1,1,1,1165
174,1,5,37,3,64,200,1,1,1,790.13
174,1,5,38,10,64,200,2,2,1,971.68
174,1,5,39,7,64,200,2,2,1,1419
174,1,5,40,6,64,200,2,2,1,1138.7
174,1,5,41,4,64,200,1,1,1,1681
174,1,5,42,6,64,200,2,2,1,1222.2
174,1,5,43,9,64,200,2,2,1,1221.7
174,1,5,44,1,64,200,1,1,1,1341.6
174,1,5,45,1,64,200,1,1,1,550.86
174,1,5,46,9,64,200,2,2,1,1082.7
174,1,5,47,3,64,200,1,1,1,1353.3
174,1,5,48,8,64,200,2,2,1,2300.1
174,1,5,49,3,64,200,1,1,1,1631.4
174,1,5,50,4,64,200,1,1,1,1371.6
174,1,5,51,1,64,200,1,1,1,1489.1
174,1,5,52,1,64,200,1,1,1,1577.1
174,1,5,53,4,64,200,1,1,1,2643.9
174,1,5,54,1,64,200,1,1,1,2172.8
174,1,5,55,11,64,200,2,2,1,896.88
174,1,5,56,6,64,200,2,2,1,858.9
174,1,5,57,2,64,200,1,1,1,976.27
174,1,5,58,3,64,200,1,1,1,1850.8
174,1,5,59,13,64,200,2,2,1,597.73
174,1,5,60,5,64,200,2,2,1,1268.4
174,1,5,61,11,64,200,2,2,1,560.89
174,1,5,62,2,64,200,1,1,1,919.79
174,1,5,63,13,64,200,2,2,1,886.25
174,1,5,64,12,64,200,2,2,1,1147.9
174,1,5,65,1,64,200,1,1,1,953.34
174,1,5,66,2,64,200,1,1,1,1842.9
174,1,5,67,12,64,200,2,2,1,919.49
174,1,5,68,10,64,200,2,2,1,1001
174,1,5,69,11,64,200,2,2,1,793.83
174,1,5,70,7,64,200,2,2,1,1882
174,1,5,71,3,64,200,1,1,1,958.69
174,1,5,72,7,64,200,2,2,1,1298.7
174,1,5,73,10,64,200,2,2,1,1649.8
174,1,5,74,8,64,200,2,2,1,845.97
174,1,5,75,2,64,200,1,1,1,1068
174,1,5,76,8,64,200,2,2,1,1870
174,1,5,77,1,64,200,1,1,1,750.19
174,1,5,78,11,64,200,2,2,1,1872
174,1,5,79,12,64,200,2,2,1,2017.8
174,1,5,80,4,64,200,1,1,1,860.22
174,1,5,81,5,64,200,2,2,1,1169.2
174,1,5,82,5,64,200,2,2,1,661.21
174,1,5,83,9,64,200,2,2,1,1488.2
174,1,5,84,7,64,200,2,2,1,1740.9
174,1,5,85,1,64,200,1,1,1,977.82
174,1,5,1,10,64,200,2,2,1,893.2
174,1,5,2,4,64,200,1,1,1,1573
174,1,5,3,3,64,200,1,1,1,2195.3
174,1,5,4,2,64,200,1,1,1,2343.8
174,1,5,5,1,64,200,1,1,1,1125.9
174,1,5,6,7,64,200,2,2,1,1619.9
174,1,5,7,4,64,200,1,1,1,1323.1
174,1,5,8,13,64,200,2,2,1,1023.4
174,1,5,9,6,64,200,2,2,1,1081.5
174,1,5,10,3,64,200,1,1,1,1165.8
174,1,5,11,6,64,200,2,2,1,1111.9
174,1,5,12,6,64,200,2,2,1,643.26
174,1,5,13,10,64,200,2,2,1,2050.9
174,1,5,14,10,64,200,2,2,1,2136.9
174,1,5,15,4,64,200,1,1,1,1109
174,1,5,16,2,64,200,1,1,1,1201.8
174,1,5,17,13,64,200,2,2,1,783.09
174,1,5,18,4,64,200,1,1,1,1491.1
174,1,5,19,2,64,200,1,1,1,1514.1
174,1,5,20,8,64,200,2,2,1,1179.1
174,1,5,21,5,64,200,2,2,1,2552.7
174,1,5,22,6,64,200,2,2,1,848.72
174,1,5,23,4,64,200,1,1,1,1901.2
174,1,5,24,4,64,200,1,1,1,990.39
174,1,5,25,10,64,200,2,2,1,1575.3
174,1,5,26,11,64,200,2,2,1,952.82
174,1,5,27,1,64,200,1,1,1,1381.9
174,1,5,28,8,64,200,2,2,1,1733.5
174,1,5,29,12,64,200,2,2,1,911.55
174,1,5,30,1,64,200,1,1,1,954.14
174,1,5,31,3,64,200,1,1,1,965.2
174,1,5,32,12,64,200,2,2,1,1161.7
174,1,5,33,11,64,200,2,2,1,1301.6
174,1,5,34,12,64,200,2,2,1,529.09
174,1,5,35,3,64,200,1,1,1,1176.8
174,1,5,36,2,64,200,1,1,1,1728.4
174,1,5,37,3,64,200,1,1,1,1665.2
174,1,5,38,1,64,200,1,1,1,2511.1
174,1,5,39,3,64,200,1,1,1,644.16
174,1,5,40,2,64,200,1,1,1,1495.7
174,1,5,41,7,64,200,2,2,1,2629.3
174,1,5,42,2,64,200,1,1,1,2378.4
174,1,5,43,6,64,200,2,2,1,1965.9
174,1,5,44,8,64,200,2,2,1,2043.5
174,1,5,45,4,64,200,1,1,1,1598.3
174,1,5,46,5,64,200,2,2,1,863.99
174,1,5,47,13,64,200,2,2,1,2327.1
174,1,5,48,11,64,200,2,2,1,688.59
174,1,5,49,11,64,200,2,2,1,573.16
174,1,5,50,5,64,200,2,2,1,1240.2
174,1,5,51,1,64,200,1,1,1,1141.7
174,1,5,52,8,64,200,2,2,1,1321.9
174,1,5,53,13,64,200,2,2,1,821.27
174,1,5,54,2,64,200,1,1,1,1442.3
174,1,5,55,13,64,200,2,2,1,1048.5
174,1,5,56,1,64,200,1,1,1,1333.4
174,1,5,57,1,64,200,1,1,1,785.34
174,1,5,58,11,64,200,2,2,1,894.82
174,1,5,59,12,64,200,2,2,1,1870.6
174,1,5,60,7,64,200,2,2,1,621.59
174,1,5,61,9,64,200,2,2,1,652.8
174,1,5,62,9,64,200,2,2,1,883.94
174,1,5,63,1,64,200,1,1,1,768.83
174,1,5,64,3,64,200,1,1,1,1593.3
174,1,5,65,4,64,200,1,1,1,2162.7
174,1,5,66,9,64,200,2,2,1,1071.9
174,1,5,67,9,64,200,2,2,1,867.97
174,1,5,68,1,64,200,1,1,1,905.93
174,1,5,69,8,64,200,2,2,1,1256.8
174,1,5,70,7,64,200,2,2,1,1061
174,1,5,71,4,64,200,1,1,1,1613.5
174,1,5,72,3,64,200,1,1,1,1257.5
174,1,5,73,2,64,200,1,1,1,895.65
174,1,5,74,7,64,200,2,2,1,875.94
174,1,5,75,2,64,200,1,1,1,901.44
174,1,5,76,9,64,200,2,2,1,570.98
174,1,5,77,12,64,200,2,2,1,1094.2
174,1,5,78,3,64,200,1,1,1,1326
174,1,5,79,10,64,200,2,2,1,839.58
174,1,5,80,3,64,200,1,1,1,2197.5
174,1,5,81,4,64,200,1,1,1,1018.8
174,1,5,82,5,64,200,2,2,1,1785.7
174,1,5,83,5,64,200,2,2,1,914.19
174,1,5,84,2,64,200,1,1,1,1266.2
174,1,5,85,1,64,200,1,1,1,1878.9
174,1,5,1,4,64,200,1,1,1,921.52
174,1,5,2,4,64,200,1,1,1,615.45
174,1,5,3,4,64,200,1,1,1,978.69
174,1,5,4,5,64,200,2,2,1,971.49
174,1,5,5,3,64,200,1,1,1,528.54
174,1,5,6,5,64,200,2,2,1,484.29
174,1,5,7,3,64,200,1,1,1,630.14
174,1,5,8,12,64,200,2,2,1,504.3
174,1,5,9,8,64,200,2,2,1,998.73
174,1,5,10,2,64,200,1,1,1,704.18
174,1,5,11,8,64,200,2,2,1,919.08
174,1,5,12,1,64,200,1,1,1,1519.6
174,1,5,13,1,64,200,1,1,1,539.96
174,1,5,14,13,64,200,2,2,1,554.83
174,1,5,15,4,64,200,1,1,1,1573.8
174,1,5,16,10,64,200,2,2,1,2017.3
174,1,5,17,11,64,200,2,2,1,1031.7
174,1,5,18,5,64,200,2,2,1,1580
174,1,5,19,6,64,200,2,2,1,504.45
174,1,5,20,2,64,200,1,1,1,1106.4
174,1,5,21,1,64,200,1,1,1,1413.6
174,1,5,22,1,64,200,1,1,1,954.64
174,1,5,23,6,64,200,2,2,1,963.51
174,1,5,24,3,64,200,1,1,1,1948.5
174,1,5,25,12,64,200,2,2,1,1236
174,1,5,26,1,64,200,1,1,1,1017.6
174,1,5,27,11,64,200,2,2,1,1515.1
174,1,5,28,13,64,200,2,2,1,1167.3
174,1,5,29,9,64,200,2,2,1,896.06
174,1,5,30,1,64,200,1,1,1,1873.7
174,1,5,31,3,64,200,1,1,1,2795.7
174,1,5,32,3,64,200,1,1,1,1014.9
174,1,5,33,10,64,200,2,2,1,1121.7
174,1,5,34,4,64,200,1,1,1,829.09
174,1,5,35,4,64,200,1,1,1,798.47
174,1,5,36,2,64,200,1,1,1,1426.5
174,1,5,37,2,64,200,1,1,1,2706.5
174,1,5,38,2,64,200,1,1,1,1191.9
174,1,5,39,6,64,200,2,2,1,954.93
174,1,5,40,2,64,200,1,1,1,855.85
174,1,5,41,6,64,200,2,2,1,623.93
174,1,5,42,9,64,200,2,2,1,576.77
174,1,5,43,1,64,200,1,1,1,1695.6
174,1,5,44,13,64,200,2,2,1,831.41
174,1,5,45,2,64,200,1,1,1,2042.3
174,1,5,46,10,64,200,2,2,1,730.66
174,1,5,47,10,64,200,2,2,1,682.85
174,1,5,48,13,64,200,2,2,1,1441.5
174,1,5,49,4,64,200,1,1,1,1433.2
174,1,5,50,12,64,200,2,2,1,912.55
174,1,5,51,3,64,200,1,1,1,1308.1
174,1,5,52,8,64,200,2,2,1,1301.3
174,1,5,53,5,64,200,2,2,1,1509.2
174,1,5,54,4,64,200,1,1,1,816.45
174,1,5,55,9,64,200,2,2,1,951
174,1,5,56,9,64,200,2,2,1,785.65
174,1,5,57,3,64,200,1,1,1,1243.2
174,1,5,58,13,64,200,2,2,1,1443.4
174,1,5,59,12,64,200,2,2,1,1101.1
174,1,5,60,3,64,200,1,1,1,651.66
174,1,5,61,7,64,200,2,2,1,3168.4
174,1,5,62,5,64,200,2,2,1,1497.5
174,1,5,63,9,64,200,2,2,1,795.14
174,1,5,64,1,64,200,1,1,1,1422.4
174,1,5,65,4,64,200,1,1,1,945.4
174,1,5,66,7,64,200,2,2,1,1261.9
174,1,5,67,11,64,200,2,2,1,1226.1
174,1,5,68,1,64,200,1,1,1,1788.4
174,1,5,69,8,64,200,2,2,1,2715.4
174,1,5,70,2,64,200,1,1,1,1778
174,1,5,71,3,64,200,1,1,1,753.43
174,1,5,72,11,64,200,2,2,1,1161.7
174,1,5,73,10,64,200,2,2,1,896.43
174,1,5,74,3,64,200,1,1,1,869.13
174,1,5,75,4,64,200,1,1,1,1311.8
174,1,5,76,6,64,200,2,2,1,623.9
174,1,5,77,2,64,200,1,1,1,1580.2
174,1,5,78,1,64,200,1,1,1,1579.3
174,1,5,79,8,64,200,2,2,1,829.43
174,1,5,80,11,64,200,2,2,1,1209.6
174,1,5,81,7,64,200,2,2,1,1281.6
174,1,5,82,2,64,200,1,1,1,2513.8
174,1,5,83,12,64,200,2,2,1,1434.1
174,1,5,84,7,64,200,2,2,1,1565.5
174,1,5,85,7,64,200,2,2,1,1185.9
174,1,5,1,7,64,200,2,2,1,1089.2
174,1,5,2,6,64,200,2,2,1,609.54
174,1,5,3,13,64,200,2,2,1,1356.7
174,1,5,4,4,64,200,1,1,1,1697.7
174,1,5,5,7,64,200,2,2,1,1423.3
174,1,5,6,11,64,200,2,2,1,1134.6
174,1,5,7,10,64,200,2,2,1,1737
174,1,5,8,5,64,200,2,2,1,583.49
174,1,5,9,3,64,200,1,1,1,1103.8
174,1,5,10,1,64,200,1,1,1,1272.3
174,1,5,11,10,64,200,2,2,1,1683.9
174,1,5,12,7,64,200,2,2,1,913.07
174,1,5,13,3,64,200,1,1,1,1235.6
174,1,5,14,11,64,200,2,2,1,867.77
174,1,5,15,12,64,200,2,2,1,2396.9
174,1,5,16,3,64,200,1,1,1,3634.3
174,1,5,17,4,64,200,1,1,1,775.32
174,1,5,18,10,64,200,2,2,1,806.41
174,1,5,19,5,64,200,2,2,1,1430.6
174,1,5,20,1,64,200,1,1,1,1211.8
174,1,5,21,11,64,200,2,2,1,766.7
174,1,5,22,13,64,200,2,2,1,1886.1
174,1,5,23,13,64,200,2,2,1,471.68
174,1,5,24,3,64,200,1,1,1,1496.1
174,1,5,25,6,64,200,2,2,1,2035.7
174,1,5,26,1,64,200,1,1,1,1771.4
174,1,5,27,8,64,200,2,2,1,1469
174,1,5,28,3,64,200,1,1,1,1468.5
174,1,5,29,8,64,200,2,2,1,1675.9
174,1,5,30,3,64,200,1,1,1,1398.1
174,1,5,31,4,64,200,1,1,1,2291.8
174,1,5,32,10,64,200,2,2,1,1603.9
174,1,5,33,7,64,200,2,2,1,2122.5
174,1,5,34,4,64,200,1,1,1,2508.6
174,1,5,35,2,64,200,1,1,1,1305.9
174,1,5,36,6,64,200,2,2,1,1334.1
174,1,5,37,1,64,200,1,1,1,1502.3
174,1,5,38,2,64,200,1,1,1,1368.1
174,1,5,39,2,64,200,1,1,1,1836.9
174,1,5,40,1,64,200,1,1,1,1793.3
174,1,5,41,4,64,200,1,1,1,2693.2
174,1,5,42,3,64,200,1,1,1,1093.9
174,1,5,43,1,64,200,1,1,1,1574.7
174,1,5,44,8,64,200,2,2,1,1706.8
174,1,5,45,12,64,200,2,2,1,727.69
174,1,5,46,1,64,200,1,1,1,1130
174,1,5,47,2,64,200,1,1,1,1430.5
174,1,5,48,13,64,200,2,2,1,1573.7
174,1,5,49,11,64,200,2,2,1,1153.7
174,1,5,50,4,64,200,1,1,1,1902.7
174,1,5,51,5,64,200,2,2,1,1133.3
174,1,5,52,12,64,200,2,2,1,1869.4
174,1,5,53,6,64,200,2,2,1,1750.5
174,1,5,54,9,64,200,2,2,1,1436.3
174,1,5,55,9,64,200,2,2,1,1922.3
174,1,5,56,3,64,200,1,1,1,2899.1
174,1,5,57,12,64,200,2,2,1,1303.9
174,1,5,58,8,64,200,2,2,1,1318.4
174,1,5,59,1,64,200,1,1,1,3697.3
174,1,5,60,8,64,200,2,2,1,1611.9
174,1,5,61,2,64,200,1,1,1,3175
174,1,5,62,4,64,200,1,1,1,1287.3
174,1,5,63,10,64,200,2,2,1,1650.4
174,1,5,64,5,64,200,2,2,1,2725.6
174,1,5,65,3,64,200,1,1,1,2546.4
174,1,5,66,2,64,200,1,1,1,1220.3
174,1,5,67,6,64,200,2,2,1,1953.3
174,1,5,68,2,64,200,1,1,1,3650.8
174,1,5,69,1,64,200,1,1,1,2248.4
174,1,5,70,2,64,200,1,1,1,2114.9
174,1,5,71,1,64,200,1,1,1,1960.4
174,1,5,72,12,64,200,2,2,1,1629.8
174,1,5,73,9,64,200,2,2,1,3671.1
174,1,5,74,11,64,200,2,2,1,1357.7
174,1,5,75,7,64,200,2,2,1,2228.3
174,1,5,76,2,64,200,1,1,1,2987.1
174,1,5,77,4,64,200,1,1,1,2792.3
174,1,5,78,5,64,200,2,2,1,2767.1
174,1,5,79,9,64,200,2,2,1,3152.3
174,1,5,80,3,64,200,1,1,1,2004
174,1,5,81,13,64,200,2,2,1,1362.1
174,1,5,82,9,64,200,2,2,1,2429.2
174,1,5,83,4,64,200,1,1,1,2876.8
174,1,5,84,2,64,200,1,1,1,2636.5
174,1,5,85,4,64,200,1,1,1,2913.8
174,1,5,1,4,64,200,1,1,1,2539.7
174,1,5,2,3,64,200,1,1,1,1916.9
174,1,5,3,1,64,200,1,1,1,2314.9
174,1,5,4,2,64,200,1,1,1,1824
174,1,5,5,6,64,200,2,2,1,1232.8
174,1,5,6,1,64,200,1,1,1,3274.7
174,1,5,7,3,64,200,1,1,1,2310
174,1,5,8,3,64,200,1,1,1,2463.7
174,1,5,9,7,64,200,2,2,1,3088.4
174,1,5,10,9,64,200,2,2,1,1642.9
174,1,5,11,2,64,200,1,1,1,1112
174,1,5,12,10,64,200,2,2,1,1112
174,1,5,13,1,64,200,1,1,1,1613.5
174,1,5,14,5,64,200,2,2,1,2659
174,1,5,15,4,64,200,1,1,1,2570.6
174,1,5,16,12,64,200,2,2,1,1606.5
174,1,5,17,5,64,200,2,2,1,1069.5
174,1,5,18,7,64,200,2,2,1,2228.7
174,1,5,19,11,64,200,2,2,1,3800.2
174,1,5,20,12,64,200,2,2,1,1039.8
174,1,5,21,4,64,200,1,1,1,2835.2
174,1,5,22,2,64,200,1,1,1,2084.2
174,1,5,23,6,64,200,2,2,1,1390.9
174,1,5,24,8,64,200,2,2,1,2338.1
174,1,5,25,13,64,200,2,2,1,1805.3
174,1,5,26,7,64,200,2,2,1,3667.9
174,1,5,27,10,64,200,2,2,1,1036.5
174,1,5,28,10,64,200,2,2,1,784.23
174,1,5,29,7,64,200,2,2,1,2754.7
174,1,5,30,7,64,200,2,2,1,1280.1
174,1,5,31,10,64,200,2,2,1,1803.1
174,1,5,32,13,64,200,2,2,1,2909.8
174,1,5,33,13,64,200,2,2,1,845.2
174,1,5,34,1,64,200,1,1,1,2992.7
174,1,5,35,2,64,200,1,1,1,2933.2
174,1,5,36,4,64,200,1,1,1,1671.1
174,1,5,37,6,64,200,2,2,1,1704.7
174,1,5,38,9,64,200,2,2,1,646.01
174,1,5,39,5,64,200,2,2,1,828.64
174,1,5,40,10,64,200,2,2,1,909.42
174,1,5,41,3,64,200,1,1,1,1786.1
174,1,5,42,2,64,200,1,1,1,1849.5
174,1,5,43,13,64,200,2,2,1,2155.3
174,1,5,44,8,64,200,2,2,1,1454.4
174,1,5,45,1,64,200,1,1,1,1240.5
174,1,5,46,4,64,200,1,1,1,1229.2
174,1,5,47,13,64,200,2,2,1,1274.7
174,1,5,48,9,64,200,2,2,1,1836.1
174,1,5,49,5,64,200,2,2,1,1100.4
174,1,5,50,1,64,200,1,1,1,718
174,1,5,51,2,64,200,1,1,1,617.62
174,1,5,52,2,64,200,1,1,1,1688.3
174,1,5,53,3,64,200,1,1,1,957.93
174,1,5,54,4,64,200,1,1,1,2179.1
174,1,5,55,8,64,200,2,2,1,2030.6
174,1,5,56,9,64,200,2,2,1,2172.2
174,1,5,57,8,64,200,2,2,1,2213.5
174,1,5,58,6,64,200,2,2,1,2522.2
174,1,5,59,11,64,200,2,2,1,2981.1
174,1,5,60,12,64,200,2,2,1,2478.2
174,1,5,61,1,64,200,1,1,1,1155.3
174,1,5,62,2,64,200,1,1,1,617.62
174,1,5,63,4,64,200,1,1,1,807.72
174,1,5,64,2,64,200,1,1,1,906.38
174,1,5,65,3,64,200,1,1,1,1506.2
174,1,5,66,8,64,200,2,2,1,2052.9
174,1,5,67,3,64,200,1,1,1,2240.7
174,1,5,68,3,64,200,1,1,1,1111.3
174,1,5,69,4,64,200,1,1,1,1409.3
174,1,5,70,6,64,200,2,2,1,1609.2
174,1,5,71,9,64,200,2,2,1,775.93
174,1,5,72,3,64,200,1,1,1,993.04
174,1,5,73,3,64,200,1,1,1,1984.5
174,1,5,74,1,64,200,1,1,1,779.58
174,1,5,75,11,64,200,2,2,1,1155.5
174,1,5,76,2,64,200,1,1,1,1046.7
174,1,5,77,5,64,200,2,2,1,863.51
174,1,5,78,1,64,200,1,1,1,1974.8
174,1,5,79,1,64,200,1,1,1,1160.9
174,1,5,80,12,64,200,2,2,1,1863.6
174,1,5,81,4,64,200,1,1,1,850.36
174,1,5,82,11,64,200,2,2,1,1213.2
174,1,5,83,11,64,200,2,2,1,597.08
174,1,5,84,4,64,200,1,1,1,1203.3
174,1,5,85,12,64,200,2,2,1,1276
174,1,5,1,6,64,200,2,2,1,861.99
174,1,5,2,6,64,200,2,2,1,1115.2
174,1,5,3,3,64,200,1,1,1,884.01
174,1,5,4,13,64,200,2,2,1,944.32
174,1,5,5,3,64,200,1,1,1,2154.5
174,1,5,6,4,64,200,1,1,1,4113.6
174,1,5,7,3,64,200,1,1,1,2735.8
174,1,5,8,4,64,200,1,1,1,2017
174,1,5,9,3,64,200,1,1,1,1918.2
174,1,5,10,2,64,200,1,1,1,4024.7
174,1,5,11,12,64,200,2,2,1,4789.6
174,1,5,12,1,64,200,NaN,1,9,NaN
174,1,5,13,12,64,200,2,2,1,1193.5
174,1,5,14,8,64,200,2,2,1,1754.9
174,1,5,15,2,64,200,1,1,1,738.93
174,1,5,16,4,64,200,1,1,1,557.52
174,1,5,17,9,64,200,2,2,1,1329.4
174,1,5,18,13,64,200,2,2,1,2343.2
174,1,5,19,2,64,200,1,1,1,2493.8
174,1,5,20,2,64,200,1,1,1,766.58
174,1,5,21,13,64,200,2,2,1,1582.3
174,1,5,22,3,64,200,1,1,1,2043.8
174,1,5,23,10,64,200,2,2,1,2460.6
174,1,5,24,13,64,200,2,2,1,2138
174,1,5,25,8,64,200,2,2,1,3403.2
174,1,5,26,1,64,200,1,1,1,2633.5
174,1,5,27,12,64,200,2,2,1,2643.8
174,1,5,28,1,64,200,1,1,1,1995.6
174,1,5,29,4,64,200,1,1,1,3304.8
174,1,5,30,1,64,200,1,1,1,3913.9
174,1,5,31,11,64,200,2,2,1,3359.3
174,1,5,32,2,64,200,1,1,1,1849.4
174,1,5,33,1,64,200,1,1,1,2875.5
174,1,5,34,5,64,200,2,2,1,3597.2
174,1,5,35,3,64,200,1,1,1,3080.3
174,1,5,36,5,64,200,2,2,1,1374.3
174,1,5,37,2,64,200,1,1,1,1560.2
174,1,5,38,12,64,200,2,2,1,2357.5
174,1,5,39,7,64,200,2,2,1,1599.6
174,1,5,40,2,64,200,1,1,1,2933.8
174,1,5,41,7,64,200,2,2,1,3617.2
174,1,5,42,8,64,200,2,2,1,1202.7
174,1,5,43,3,64,200,1,1,1,2969.1
174,1,5,44,4,64,200,1,1,1,1815.8
174,1,5,45,5,64,200,2,2,1,1018.2
174,1,5,46,1,64,200,1,1,1,1627.2
174,1,5,47,6,64,200,2,2,1,1694.9
174,1,5,48,9,64,200,2,2,1,1257.5
174,1,5,49,1,64,200,1,1,1,1908.1
174,1,5,50,5,64,200,2,2,1,1417.5
174,1,5,51,4,64,200,1,1,1,3213.5
174,1,5,52,8,64,200,2,2,1,2791.5
174,1,5,53,9,64,200,2,2,1,2020.7
174,1,5,54,11,64,200,2,2,1,4875.2
174,1,5,55,10,64,200,2,2,1,4119.3
174,1,5,56,7,64,200,2,2,1,2329.8
174,1,5,57,3,64,200,1,1,1,1818.3
174,1,5,58,4,64,200,1,1,1,1876.8
174,1,5,59,7,64,200,2,2,1,782.83
174,1,5,60,2,64,200,1,1,1,1659.5
174,1,5,61,2,64,200,1,1,1,1228.1
174,1,5,62,2,64,200,1,1,1,2580.7
174,1,5,63,4,64,200,1,1,1,1369.2
174,1,5,64,6,64,200,2,2,1,1654.2
174,1,5,65,1,64,200,1,1,1,1541.6
174,1,5,66,6,64,200,2,2,1,2005.4
174,1,5,67,8,64,200,2,2,1,739.05
174,1,5,68,11,64,200,2,2,1,1690.6
174,1,5,69,3,64,200,1,1,1,2359
174,1,5,70,3,64,200,1,1,1,1399
174,1,5,71,13,64,200,2,2,1,922.6
174,1,5,72,12,64,200,2,2,1,1378.9
174,1,5,73,9,64,200,2,2,1,2064.6
174,1,5,74,1,64,200,1,1,1,1960.3
174,1,5,75,1,64,200,1,1,1,1758.9
174,1,5,76,11,64,200,NaN,2,9,NaN
174,1,5,77,5,64,200,2,2,1,1184.2
174,1,5,78,4,64,200,1,1,1,1555.4
174,1,5,79,7,64,200,2,2,1,1158
174,1,5,80,10,64,200,2,2,1,1434.2
174,1,5,81,4,64,200,1,1,1,1127.2
174,1,5,82,11,64,200,2,2,1,2364.2
174,1,5,83,10,64,200,2,2,1,1535.6
174,1,5,84,10,64,200,2,2,1,2552.4
174,1,5,85,9,64,200,2,2,1,3845.3
174,1,5,1,3,64,200,1,1,1,3637.5
174,1,5,2,4,64,200,1,1,1,1325.5
174,1,5,3,1,64,200,1,1,1,2005.9
174,1,5,4,4,64,200,1,1,1,1259.6
174,1,5,5,5,64,200,2,2,1,1035.2
174,1,5,6,2,64,200,1,1,1,1229.7
174,1,5,7,1,64,200,1,1,1,659.92
174,1,5,8,8,64,200,2,2,1,2153.7
174,1,5,9,3,64,200,1,1,1,2795
174,1,5,10,7,64,200,2,2,1,2854.8
174,1,5,11,9,64,200,2,2,1,1284.6
174,1,5,12,4,64,200,1,1,1,1896.8
174,1,5,13,10,64,200,2,2,1,1709.8
174,1,5,14,6,64,200,2,2,1,3015.9
174,1,5,15,2,64,200,1,1,1,2577.1
174,1,5,16,9,64,200,2,2,1,1428.9
174,1,5,17,12,64,200,2,2,1,3448.8
174,1,5,18,2,64,200,1,1,1,3011
174,1,5,19,1,64,200,1,1,1,1712.4
174,1,5,20,13,64,200,2,2,1,1334.3
174,1,5,21,4,64,200,1,1,1,2179.8
174,1,5,22,7,64,200,2,2,1,1978.3
174,1,5,23,11,64,200,2,2,1,3197.4
174,1,5,24,6,64,200,2,2,1,2599.1
174,1,5,25,5,64,200,2,2,1,771.31
174,1,5,26,2,64,200,1,1,1,2458.8
174,1,5,27,10,64,200,2,2,1,1179
174,1,5,28,9,64,200,2,2,1,1717.2
174,1,5,29,7,64,200,2,2,1,903.52
174,1,5,30,3,64,200,1,1,1,3862.3
174,1,5,31,11,64,200,2,2,1,1692.1
174,1,5,32,6,64,200,2,2,1,1688.8
174,1,5,33,12,64,200,2,2,1,3320.8
174,1,5,34,1,64,200,1,1,1,3200.9
174,1,5,35,2,64,200,1,1,1,1177.4
174,1,5,36,8,64,200,2,2,1,2210
174,1,5,37,11,64,200,2,2,1,2884.7
174,1,5,38,3,64,200,1,1,1,1217
174,1,5,39,13,64,200,2,2,1,1010.1
174,1,5,40,1,64,200,1,1,1,2291.6
174,1,5,41,1,64,200,1,1,1,1103.8
174,1,5,42,3,64,200,1,1,1,1471.7
174,1,5,43,4,64,200,1,1,1,2110.1
174,1,5,44,10,64,200,2,2,1,629.63
174,1,5,45,12,64,200,2,2,1,1524.6
174,1,5,46,9,64,200,2,2,1,1933.1
174,1,5,47,11,64,200,2,2,1,2577.1
174,1,5,48,10,64,200,2,2,1,795.6
174,1,5,49,8,64,200,2,2,1,940.21
174,1,5,50,13,64,200,2,2,1,2823.1
174,1,5,51,3,64,200,1,1,1,3055.3
174,1,5,52,11,64,200,2,2,1,1557.4
174,1,5,53,12,64,200,2,2,1,1247.2
174,1,5,54,3,64,200,1,1,1,1676.1
174,1,5,55,5,64,200,2,2,1,1734.1
174,1,5,56,2,64,200,1,1,1,2025.8
174,1,5,57,12,64,200,2,2,1,893.44
174,1,5,58,5,64,200,2,2,1,3014.8
174,1,5,59,13,64,200,2,2,1,4579.5
174,1,5,60,4,64,200,1,1,1,3949.8
174,1,5,61,4,64,200,1,1,1,4010.5
174,1,5,62,2,64,200,1,1,1,1230.5
174,1,5,63,1,64,200,1,1,1,1581.8
174,1,5,64,6,64,200,2,2,1,1770
174,1,5,65,1,64,200,1,1,1,1445.8
174,1,5,66,1,64,200,1,1,1,1987.7
174,1,5,67,2,64,200,1,1,1,965.75
174,1,5,68,5,64,200,2,2,1,2738.1
174,1,5,69,13,64,200,2,2,1,1742
174,1,5,70,2,64,200,1,1,1,2839.1
174,1,5,71,10,64,200,2,2,1,2351.1
174,1,5,72,4,64,200,1,1,1,743.97
174,1,5,73,3,64,200,1,1,1,1652
174,1,5,74,4,64,200,1,1,1,3185.5
174,1,5,75,7,64,200,2,2,1,2572.3
174,1,5,76,8,64,200,2,2,1,1647
174,1,5,77,4,64,200,1,1,1,2450.3
174,1,5,78,1,64,200,1,1,1,1381.1
174,1,5,79,7,64,200,2,2,1,2530.6
174,1,5,80,3,64,200,1,1,1,3369
174,1,5,81,3,64,200,1,1,1,2386.7
174,1,5,82,2,64,200,1,1,1,1297.8
174,1,5,83,6,64,200,2,2,1,3870.7
174,1,5,84,9,64,200,2,2,1,4474.8
174,1,5,85,8,64,200,2,2,1,1934.3
174,1,5,1,2,64,200,1,1,1,2488.3
174,1,5,2,10,64,200,2,2,1,1620.2
174,1,5,3,1,64,200,1,1,1,757.23
174,1,5,4,4,64,200,1,1,1,1236.3
174,1,5,5,13,64,200,2,2,1,613.87
174,1,5,6,9,64,200,2,2,1,1992.9
174,1,5,7,1,64,200,1,1,1,1697.2
174,1,5,8,3,64,200,1,1,1,2511.6
174,1,5,9,12,64,200,2,2,1,1473.3
174,1,5,10,3,64,200,1,1,1,3021.8
174,1,5,11,4,64,200,1,1,1,1942.4
174,1,5,12,5,64,200,2,2,1,2345.6
174,1,5,13,3,64,200,2,1,0,696.49
174,1,5,14,7,64,200,2,2,1,962.72
174,1,5,15,4,64,200,1,1,1,1245.2
174,1,5,16,10,64,200,2,2,1,2624.7
174,1,5,17,2,64,200,1,1,1,2745.1
174,1,5,18,12,64,200,2,2,1,2977.5
174,1,5,19,12,64,200,2,2,1,3559
174,1,5,20,11,64,200,NaN,2,9,NaN
174,1,5,21,2,64,200,1,1,1,1936.5
174,1,5,22,1,64,200,1,1,1,3137.3
174,1,5,23,1,64,200,1,1,1,1273.3
174,1,5,24,13,64,200,2,2,1,1302.5
174,1,5,25,4,64,200,1,1,1,1957.8
174,1,5,26,4,64,200,1,1,1,2337.1
174,1,5,27,3,64,200,1,1,1,956.54
174,1,5,28,3,64,200,1,1,1,909.19
174,1,5,29,1,64,200,1,1,1,2938.6
174,1,5,30,9,64,200,2,2,1,3020.9
174,1,5,31,5,64,200,2,2,1,4108.1
174,1,5,32,8,64,200,2,2,1,2240.6
174,1,5,33,6,64,200,2,2,1,1062.7
174,1,5,34,6,64,200,2,2,1,2443.2
174,1,5,35,12,64,200,2,2,1,3702.4
174,1,5,36,4,64,200,1,1,1,3314.3
174,1,5,37,1,64,200,1,1,1,1390.5
174,1,5,38,9,64,200,2,2,1,3106
174,1,5,39,4,64,200,1,1,1,1926
174,1,5,40,3,64,200,1,1,1,743.44
174,1,5,41,1,64,200,1,1,1,1568.3
174,1,5,42,1,64,200,1,1,1,1345.5
174,1,5,43,9,64,200,2,2,1,2327.5
174,1,5,44,10,64,200,2,2,1,2790
174,1,5,45,3,64,200,1,1,1,1589.8
174,1,5,46,11,64,200,2,2,1,3537.6
174,1,5,47,1,64,200,1,1,1,1595.3
174,1,5,48,10,64,200,2,2,1,1698.3
174,1,5,49,2,64,200,NaN,1,9,NaN
174,1,5,50,1,64,200,1,1,1,1754.9
174,1,5,51,6,64,200,2,2,1,629.71
174,1,5,52,8,64,200,2,2,1,1003.8
174,1,5,53,2,64,200,1,1,1,1243
174,1,5,54,5,64,200,2,2,1,1012.7
174,1,5,55,3,64,200,1,1,1,1593.3
174,1,5,56,2,64,200,1,1,1,1423.9
174,1,5,57,2,64,200,1,1,1,1219
174,1,5,58,7,64,200,2,2,1,1712.9
174,1,5,59,8,64,200,2,2,1,1045.9
174,1,5,60,4,64,200,1,1,1,659.69
174,1,5,61,4,64,200,1,1,1,1098.7
174,1,5,62,6,64,200,2,2,1,1207.7
174,1,5,63,3,64,200,1,1,1,1186.7
174,1,5,64,12,64,200,2,2,1,1011.9
174,1,5,65,6,64,200,2,2,1,2090.1
174,1,5,66,11,64,200,2,2,1,1184.5
174,1,5,67,11,64,200,2,2,1,1492.1
174,1,5,68,5,64,200,2,2,1,2049.9
174,1,5,69,7,64,200,2,2,1,1678
174,1,5,70,4,64,200,1,1,1,1073.3
174,1,5,71,8,64,200,2,2,1,3267
174,1,5,72,8,64,200,2,2,1,1161.9
174,1,5,73,13,64,200,2,2,1,1544
174,1,5,74,2,64,200,1,1,1,1835.5
174,1,5,75,5,64,200,2,2,1,1099.6
174,1,5,76,2,64,200,1,1,1,1851
174,1,5,77,9,64,200,2,2,1,2030.9
174,1,5,78,7,64,200,2,2,1,1460.2
174,1,5,79,7,64,200,2,2,1,2347.1
174,1,5,80,13,64,200,2,2,1,1903
174,1,5,81,2,64,200,1,1,1,4571.1
174,1,5,82,3,64,200,1,1,1,596.71
174,1,5,83,13,64,200,2,2,1,708.35
174,1,5,84,11,64,200,2,2,1,2065.8
174,1,5,85,10,64,200,2,2,1,1442.4
