173,1,6,1,9,64,200,2,2,1,919.19
173,1,6,2,11,64,200,2,2,1,728.48
173,1,6,3,12,64,200,2,2,1,506.71
173,1,6,4,3,64,200,1,1,1,2125.4
173,1,6,5,2,64,200,1,1,1,1999.6
173,1,6,6,1,64,200,1,1,1,1665.9
173,1,6,7,5,64,200,2,2,1,522.7
173,1,6,8,7,64,200,2,2,1,709.74
173,1,6,9,4,64,200,2,1,0,551.63
173,1,6,10,10,64,200,2,2,1,559.97
173,1,6,11,8,64,200,2,2,1,1053.3
173,1,6,12,6,64,200,2,2,1,490.26
173,1,6,13,13,64,200,2,2,1,664.04
173,1,6,14,2,64,200,1,1,1,2492.7
173,1,6,15,4,64,200,1,1,1,1948.7
173,1,6,16,3,64,200,1,1,1,1019.6
173,1,6,17,1,64,200,1,1,1,638.97
173,1,6,18,5,64,200,2,2,1,473.21
173,1,6,19,6,64,200,2,2,1,591.33
173,1,6,20,9,64,200,2,2,1,408.11
173,1,6,21,2,64,200,1,1,1,461.58
173,1,6,22,9,64,200,2,2,1,479.65
173,1,6,23,2,64,200,1,1,1,589.1
173,1,6,24,4,64,200,1,1,1,792.58
173,1,6,25,4,64,200,1,1,1,493.19
173,1,6,26,5,64,200,2,2,1,555.65
173,1,6,27,3,64,200,1,1,1,517.68
173,1,6,28,9,64,200,2,2,1,454.62
173,1,6,29,6,64,200,2,2,1,436.19
173,1,6,30,2,64,200,1,1,1,552.33
173,1,6,31,4,64,200,1,1,1,481.94
173,1,6,32,7,64,200,2,2,1,523.84
173,1,6,33,2,64,200,1,1,1,774.22
173,1,6,34,10,64,200,2,2,1,538.61
173,1,6,35,10,64,200,2,2,1,515.33
173,1,6,36,9,64,200,2,2,1,509.61
173,1,6,37,8,64,200,2,2,1,653.16
173,1,6,38,10,64,200,2,2,1,528.61
173,1,6,39,10,64,200,2,2,1,537.21
173,1,6,40,9,64,200,2,2,1,468.3
173,1,6,41,2,64,200,1,1,1,1352
173,1,6,42,12,64,200,2,2,1,633.36
173,1,6,43,7,64,200,2,2,1,515.83
173,1,6,44,1,64,200,1,1,1,590.98
173,1,6,45,3,64,200,1,1,1,601.61
173,1,6,46,3,64,200,1,1,1,496.87
173,1,6,47,7,64,200,2,2,1,588.86
173,1,6,48,4,64,200,1,1,1,1745.8
173,1,6,49,3,64,200,1,1,1,706.83
173,1,6,50,4,64,200,1,1,1,562.38
173,1,6,51,1,64,200,1,1,1,436.01
173,1,6,52,2,64,200,1,1,1,403.14
173,1,6,53,12,64,200,2,2,1,686.4
173,1,6,54,1,64,200,1,1,1,579.06
173,1,6,55,4,64,200,1,1,1,528.71
173,1,6,56,4,64,200,1,1,1,461.15
173,1,6,57,3,64,200,1,1,1,512.88
173,1,6,58,1,64,200,1,1,1,533.46
173,1,6,59,2,64,200,1,1,1,444.01
173,1,6,60,11,64,200,2,2,1,402.39
173,1,6,61,8,64,200,2,2,1,553.2
173,1,6,62,2,64,200,1,1,1,624.64
173,1,6,63,6,64,200,2,2,1,509.16
173,1,6,64,12,64,200,2,2,1,370.01
173,1,6,65,4,64,200,1,1,1,476.26
173,1,6,66,4,64,200,1,1,1,597.67
173,1,6,67,12,64,200,2,2,1,439.66
173,1,6,68,3,64,200,1,1,1,832.56
173,1,6,69,2,64,200,1,1,1,531.04
173,1,6,70,1,64,200,1,1,1,493.86
173,1,6,71,11,64,200,2,2,1,467.67
173,1,6,72,1,64,200,1,1,1,495.47
173,1,6,73,13,64,200,2,2,1,568.49
173,1,6,74,4,64,200,1,1,1,565.05
173,1,6,75,11,64,200,2,2,1,528.4
173,1,6,76,13,64,200,2,2,1,561.73
173,1,6,77,1,64,200,1,1,1,545.64
173,1,6,78,1,64,200,1,1,1,458.46
173,1,6,79,8,64,200,2,2,1,542.56
173,1,6,80,2,64,200,1,1,1,470.19
173,1,6,81,3,64,200,1,1,1,885.38
173,1,6,82,6,64,200,2,2,1,622.91
173,1,6,83,8,64,200,1,2,0,715.15
173,1,6,84,12,64,200,2,2,1,482.73
173,1,6,85,3,64,200,1,1,1,747.01
173,1,6,86,1,64,200,1,1,1,541.35
173,1,6,87,8,64,200,2,2,1,660.91
173,1,6,88,13,64,200,2,2,1,439.62
173,1,6,89,5,64,200,2,2,1,740.96
173,1,6,90,11,64,200,2,2,1,532.05
173,1,6,91,10,64,200,2,2,1,521.68
173,1,6,92,13,64,200,2,2,1,454.14
173,1,6,93,11,64,200,2,2,1,365.65
173,1,6,94,6,64,200,2,2,1,733.53
173,1,6,95,5,64,200,2,2,1,413.7
173,1,6,96,7,64,200,2,2,1,531.1
173,1,6,97,3,64,200,1,1,1,702.26
173,1,6,98,7,64,200,2,2,1,578.3
173,1,6,99,5,64,200,2,2,1,520.28
173,1,6,100,3,64,200,1,1,1,691.84
173,1,6,101,13,64,200,2,2,1,519.76
173,1,6,102,1,64,200,1,1,1,713.17
173,1,6,1,12,64,200,2,2,1,476.73
173,1,6,2,3,64,200,1,1,1,552.67
173,1,6,3,9,64,200,2,2,1,431.37
173,1,6,4,11,64,200,2,2,1,446.29
173,1,6,5,1,64,200,1,1,1,559.36
173,1,6,6,1,64,200,1,1,1,566.08
173,1,6,7,2,64,200,1,1,1,656.78
173,1,6,8,9,64,200,2,2,1,383.83
173,1,6,9,1,64,200,1,1,1,382.53
173,1,6,10,10,64,200,2,2,1,465.57
173,1,6,11,12,64,200,2,2,1,456.61
173,1,6,12,2,64,200,1,1,1,412.27
173,1,6,13,2,64,200,1,1,1,440.8
173,1,6,14,13,64,200,2,2,1,374.08
173,1,6,15,3,64,200,1,1,1,447.07
173,1,6,16,1,64,200,1,1,1,411.99
173,1,6,17,3,64,200,1,1,1,427.39
173,1,6,18,4,64,200,1,1,1,639.19
173,1,6,19,4,64,200,1,1,1,433.27
173,1,6,20,9,64,200,2,2,1,405.29
173,1,6,21,1,64,200,1,1,1,354.2
173,1,6,22,1,64,200,1,1,1,439.95
173,1,6,23,8,64,200,2,2,1,611.84
173,1,6,24,1,64,200,1,1,1,509.72
173,1,6,25,12,64,200,2,2,1,509.05
173,1,6,26,3,64,200,1,1,1,503.38
173,1,6,27,2,64,200,1,1,1,585.05
173,1,6,28,1,64,200,1,1,1,557.23
173,1,6,29,10,64,200,2,2,1,429.92
173,1,6,30,3,64,200,1,1,1,854.07
173,1,6,31,4,64,200,1,1,1,695.97
173,1,6,32,3,64,200,1,1,1,556.65
173,1,6,33,10,64,200,2,2,1,830.96
173,1,6,34,11,64,200,2,2,1,567.01
173,1,6,35,13,64,200,2,2,1,486.98
173,1,6,36,4,64,200,1,1,1,617.94
173,1,6,37,4,64,200,1,1,1,432.46
173,1,6,38,8,64,200,2,2,1,533.69
173,1,6,39,6,64,200,2,2,1,468.2
173,1,6,40,2,64,200,1,1,1,768.28
173,1,6,41,3,64,200,1,1,1,649.02
173,1,6,42,9,64,200,2,2,1,638.03
173,1,6,43,2,64,200,1,1,1,598.75
173,1,6,44,7,64,200,2,2,1,579.6
173,1,6,45,2,64,200,1,1,1,658.6
173,1,6,46,8,64,200,2,2,1,549.47
173,1,6,47,9,64,200,2,2,1,460.66
173,1,6,48,13,64,200,2,2,1,489.59
173,1,6,49,2,64,200,1,1,1,927.24
173,1,6,50,5,64,200,2,2,1,545.9
173,1,6,51,7,64,200,2,2,1,710.48
173,1,6,52,5,64,200,2,2,1,463.57
173,1,6,53,11,64,200,2,2,1,811.04
173,1,6,54,7,64,200,2,2,1,540.45
173,1,6,55,6,64,200,2,2,1,829.76
173,1,6,56,4,64,200,1,1,1,1810.9
173,1,6,57,8,64,200,2,2,1,706.98
173,1,6,58,13,64,200,2,2,1,568.51
173,1,6,59,3,64,200,1,1,1,582.96
173,1,6,60,5,64,200,2,2,1,656.94
173,1,6,61,4,64,200,1,1,1,874.69
173,1,6,62,12,64,200,2,2,1,1108.2
173,1,6,63,4,64,200,1,1,1,761.49
173,1,6,64,7,64,200,2,2,1,469.26
173,1,6,65,2,64,200,1,1,1,623.27
173,1,6,66,4,64,200,1,1,1,702.09
173,1,6,67,4,64,200,1,1,1,1148.2
173,1,6,68,11,64,200,2,2,1,497.12
173,1,6,69,7,64,200,2,2,1,628.82
173,1,6,70,5,64,200,2,2,1,439.4
173,1,6,71,8,64,200,2,2,1,484.68
173,1,6,72,2,64,200,1,1,1,728.12
173,1,6,73,1,64,200,1,1,1,587.58
173,1,6,74,6,64,200,2,2,1,559.92
173,1,6,75,3,64,200,1,1,1,487.27
173,1,6,76,1,64,200,1,1,1,586.93
173,1,6,77,3,64,200,1,1,1,478.63
173,1,6,78,11,64,200,2,2,1,646.35
173,1,6,79,10,64,200,2,2,1,494.18
173,1,6,80,10,64,200,2,2,1,939.43
173,1,6,81,12,64,200,2,2,1,801.15
173,1,6,82,5,64,200,2,2,1,486.53
173,1,6,83,6,64,200,2,2,1,447.09
173,1,6,84,6,64,200,2,2,1,360.81
173,1,6,85,13,64,200,2,2,1,395.89
173,1,6,1,12,64,200,2,2,1,1486.7
173,1,6,2,2,64,200,1,1,1,737.93
173,1,6,3,6,64,200,2,2,1,708.72
173,1,6,4,3,64,200,1,1,1,531.8
173,1,6,5,2,64,200,1,1,1,583.48
173,1,6,6,2,64,200,1,1,1,432.06
173,1,6,7,1,64,200,1,1,1,507.34
173,1,6,8,7,64,200,2,2,1,690.45
173,1,6,9,3,64,200,1,1,1,568.72
173,1,6,10,4,64,200,1,1,1,937.09
173,1,6,11,8,64,200,2,2,1,599.62
173,1,6,12,2,64,200,1,1,1,605.23
173,1,6,13,9,64,200,2,2,1,456.18
173,1,6,14,1,64,200,1,1,1,503.88
173,1,6,15,7,64,200,2,2,1,1148.2
173,1,6,16,13,64,200,2,2,1,551.64
173,1,6,17,3,64,200,1,1,1,633.83
173,1,6,18,4,64,200,1,1,1,529.08
173,1,6,19,4,64,200,1,1,1,540.79
173,1,6,20,9,64,200,2,2,1,531.74
173,1,6,21,4,64,200,1,1,1,652.43
173,1,6,22,8,64,200,2,2,1,570.84
173,1,6,23,1,64,200,1,1,1,762.87
173,1,6,24,3,64,200,1,1,1,735.75
173,1,6,25,9,64,200,2,2,1,424.66
173,1,6,26,1,64,200,1,1,1,639.94
173,1,6,27,2,64,200,1,1,1,558.98
173,1,6,28,3,64,200,1,1,1,504.58
173,1,6,29,7,64,200,2,2,1,881.88
173,1,6,30,10,64,200,1,2,0,734.34
173,1,6,31,2,64,200,1,1,1,627.43
173,1,6,32,3,64,200,1,1,1,400.61
173,1,6,33,8,64,200,2,2,1,574.4
173,1,6,34,10,64,200,2,2,1,499.7
173,1,6,35,1,64,200,1,1,1,586.71
173,1,6,36,11,64,200,2,2,1,443.74
173,1,6,37,11,64,200,2,2,1,466.52
173,1,6,38,10,64,200,2,2,1,456.05
173,1,6,39,5,64,200,2,2,1,446.6
173,1,6,40,1,64,200,1,1,1,2439.2
173,1,6,41,1,64,200,1,1,1,735.82
173,1,6,42,5,64,200,2,2,1,572.56
173,1,6,43,3,64,200,1,1,1,987.31
173,1,6,44,9,64,200,2,2,1,902.76
173,1,6,45,3,64,200,1,1,1,1152.1
173,1,6,46,5,64,200,2,2,1,643.2
173,1,6,47,1,64,200,1,1,1,1753.5
173,1,6,48,5,64,200,2,2,1,821.18
173,1,6,49,1,64,200,1,1,1,735.13
173,1,6,50,4,64,200,1,1,1,1828.6
173,1,6,51,8,64,200,2,2,1,600.7
173,1,6,52,4,64,200,1,1,1,634.65
173,1,6,53,12,64,200,2,2,1,439.61
173,1,6,54,13,64,200,2,2,1,418.26
173,1,6,55,7,64,200,2,2,1,668.43
173,1,6,56,13,64,200,2,2,1,577.31
173,1,6,57,5,64,200,2,2,1,510.98
173,1,6,58,8,64,200,2,2,1,595.74
173,1,6,59,11,64,200,2,2,1,1762.1
173,1,6,60,4,64,200,1,1,1,760.32
173,1,6,61,11,64,200,2,2,1,466.16
173,1,6,62,11,64,200,2,2,1,465.25
173,1,6,63,12,64,200,2,2,1,479.96
173,1,6,64,6,64,200,2,2,1,749.24
173,1,6,65,3,64,200,1,1,1,707.16
173,1,6,66,4,64,200,1,1,1,642.78
173,1,6,67,7,64,200,2,2,1,936.89
173,1,6,68,6,64,200,2,2,1,503.61
173,1,6,69,6,64,200,2,2,1,491.38
173,1,6,70,3,64,200,1,1,1,674.8
173,1,6,71,4,64,200,1,1,1,926.8
173,1,6,72,2,64,200,1,1,1,1079.4
173,1,6,73,13,64,200,2,2,1,398.02
173,1,6,74,12,64,200,2,2,1,543.07
173,1,6,75,2,64,200,1,1,1,723.17
173,1,6,76,6,64,200,2,2,1,592.59
173,1,6,77,13,64,200,2,2,1,405.64
173,1,6,78,9,64,200,2,2,1,469.32
173,1,6,79,12,64,200,2,2,1,608.5
173,1,6,80,10,64,200,2,2,1,459.61
173,1,6,81,4,64,200,1,1,1,943.43
173,1,6,82,2,64,200,1,1,1,576.78
173,1,6,83,10,64,200,2,2,1,648.7
173,1,6,84,1,64,200,1,1,1,668.07
173,1,6,85,2,64,200,1,1,1,603.95
173,1,6,1,2,64,200,1,1,1,1805.7
173,1,6,2,10,64,200,2,2,1,467.42
173,1,6,3,3,64,200,1,1,1,1167.5
173,1,6,4,3,64,200,1,1,1,539.55
173,1,6,5,6,64,200,2,2,1,603.36
173,1,6,6,4,64,200,1,1,1,571.97
173,1,6,7,1,64,200,1,1,1,722.93
173,1,6,8,7,64,200,2,2,1,554.36
173,1,6,9,13,64,200,2,2,1,483.26
173,1,6,10,11,64,200,2,2,1,505.63
173,1,6,11,3,64,200,1,1,1,660.97
173,1,6,12,3,64,200,1,1,1,1128.9
173,1,6,13,11,64,200,2,2,1,406.86
173,1,6,14,2,64,200,1,1,1,712.57
173,1,6,15,12,64,200,2,2,1,435.04
173,1,6,16,4,64,200,1,1,1,680.06
173,1,6,17,4,64,200,1,1,1,585.35
173,1,6,18,11,64,200,2,2,1,903.57
173,1,6,19,9,64,200,2,2,1,595.75
173,1,6,20,8,64,200,2,2,1,634.02
173,1,6,21,8,64,200,2,2,1,779.75
173,1,6,22,7,64,200,2,2,1,678.35
173,1,6,23,9,64,200,2,2,1,514.14
173,1,6,24,4,64,200,1,1,1,660.28
173,1,6,25,1,64,200,1,1,1,540.59
173,1,6,26,6,64,200,2,2,1,717.17
173,1,6,27,13,64,200,2,2,1,604.8
173,1,6,28,1,64,200,1,1,1,1270.2
173,1,6,29,7,64,200,2,2,1,606.84
173,1,6,30,5,64,200,2,2,1,591.87
173,1,6,31,1,64,200,1,1,1,641.55
173,1,6,32,1,64,200,1,1,1,467.25
173,1,6,33,12,64,200,2,2,1,507.91
173,1,6,34,4,64,200,1,1,1,543.55
173,1,6,35,7,64,200,2,2,1,1121.5
173,1,6,36,10,64,200,2,2,1,650.81
173,1,6,37,11,64,200,2,2,1,518.12
173,1,6,38,12,64,200,2,2,1,490.39
173,1,6,39,10,64,200,2,2,1,745.89
173,1,6,40,13,64,200,2,2,1,629.75
173,1,6,41,3,64,200,1,1,1,459.38
173,1,6,42,4,64,200,1,1,1,535.72
173,1,6,43,9,64,200,2,2,1,874.16
173,1,6,44,5,64,200,2,2,1,486.88
173,1,6,45,2,64,200,1,1,1,577.23
173,1,6,46,2,64,200,1,1,1,544.45
173,1,6,47,4,64,200,1,1,1,566.78
173,1,6,48,8,64,200,2,2,1,666.37
173,1,6,49,3,64,200,1,1,1,688.82
173,1,6,50,12,64,200,2,2,1,432.08
173,1,6,51,10,64,200,2,2,1,462.12
173,1,6,52,8,64,200,2,2,1,674.02
173,1,6,53,1,64,200,1,1,1,642.45
173,1,6,54,3,64,200,1,1,1,397.42
173,1,6,55,1,64,200,1,1,1,524.3
173,1,6,56,3,64,200,1,1,1,614.63
173,1,6,57,12,64,200,2,2,1,496.62
173,1,6,58,13,64,200,2,2,1,650.13
173,1,6,59,6,64,200,2,2,1,676.79
173,1,6,60,2,64,200,1,1,1,912.25
173,1,6,61,9,64,200,2,2,1,543.68
173,1,6,62,2,64,200,2,1,0,548.98
173,1,6,63,10,64,200,2,2,1,453.66
173,1,6,64,5,64,200,2,2,1,916.5
173,1,6,65,1,64,200,1,1,1,532.36
173,1,6,66,5,64,200,2,2,1,1000.2
173,1,6,67,3,64,200,1,1,1,812.42
173,1,6,68,6,64,200,2,2,1,393.9
173,1,6,69,2,64,200,1,1,1,524.95
173,1,6,70,4,64,200,1,1,1,1053.4
173,1,6,71,3,64,200,1,1,1,538.86
173,1,6,72,11,64,200,2,2,1,622.9
173,1,6,73,1,64,200,1,1,1,575
173,1,6,74,6,64,200,2,2,1,639.43
173,1,6,75,5,64,200,2,2,1,586.76
173,1,6,76,13,64,200,2,2,1,442.22
173,1,6,77,2,64,200,1,1,1,566.19
173,1,6,78,9,64,200,2,2,1,519.1
173,1,6,79,4,64,200,1,1,1,563.98
173,1,6,80,1,64,200,1,1,1,443.91
173,1,6,81,4,64,200,1,1,1,568.42
173,1,6,82,7,64,200,1,2,0,279.29
173,1,6,83,8,64,200,2,2,1,618.61
173,1,6,84,2,64,200,1,1,1,825.03
173,1,6,85,2,64,200,1,1,1,559.56
173,1,6,1,13,64,200,2,2,1,691.83
173,1,6,2,1,64,200,1,1,1,1402.1
173,1,6,3,11,64,200,2,2,1,1056.3
173,1,6,4,9,64,200,2,2,1,465.71
173,1,6,5,8,64,200,2,2,1,1019.5
173,1,6,6,2,64,200,1,1,1,1562.8
173,1,6,7,9,64,200,2,2,1,880.91
173,1,6,8,8,64,200,2,2,1,1400.7
173,1,6,9,3,64,200,1,1,1,493.13
173,1,6,10,8,64,200,2,2,1,744.07
173,1,6,11,7,64,200,2,2,1,524.52
173,1,6,12,1,64,200,1,1,1,765.49
173,1,6,13,5,64,200,2,2,1,480.28
173,1,6,14,1,64,200,1,1,1,454.96
173,1,6,15,4,64,200,1,1,1,622.31
173,1,6,16,8,64,200,2,2,1,545.64
173,1,6,17,4,64,200,1,1,1,426.71
173,1,6,18,4,64,200,1,1,1,408.73
173,1,6,19,11,64,200,2,2,1,486.96
173,1,6,20,2,64,200,1,1,1,646.78
173,1,6,21,9,64,200,2,2,1,479.12
173,1,6,22,13,64,200,2,2,1,472.49
173,1,6,23,6,64,200,2,2,1,399
173,1,6,24,4,64,200,1,1,1,579.31
173,1,6,25,4,64,200,1,1,1,432.75
173,1,6,26,9,64,200,2,2,1,364.61
173,1,6,27,3,64,200,1,1,1,489.75
173,1,6,28,10,64,200,2,2,1,543.14
173,1,6,29,12,64,200,2,2,1,533.34
173,1,6,30,12,64,200,2,2,1,468.88
173,1,6,31,1,64,200,1,1,1,567.91
173,1,6,32,5,64,200,2,2,1,398.59
173,1,6,33,2,64,200,1,1,1,1807.7
173,1,6,34,2,64,200,1,1,1,487.03
173,1,6,35,6,64,200,2,2,1,467.95
173,1,6,36,4,64,200,1,1,1,692.71
173,1,6,37,7,64,200,2,2,1,699.99
173,1,6,38,3,64,200,1,1,1,705.6
173,1,6,39,4,64,200,1,1,1,468.81
173,1,6,40,2,64,200,1,1,1,447.7
173,1,6,41,2,64,200,1,1,1,476.5
173,1,6,42,9,64,200,2,2,1,444.01
173,1,6,43,10,64,200,2,2,1,515.04
173,1,6,44,1,64,200,1,1,1,484.78
173,1,6,45,13,64,200,2,2,1,588.99
173,1,6,46,1,64,200,1,1,1,548.27
173,1,6,47,11,64,200,2,2,1,417.69
173,1,6,48,5,64,200,2,2,1,498.8
173,1,6,49,1,64,200,1,1,1,483.31
173,1,6,50,7,64,200,2,2,1,478.24
173,1,6,51,4,64,200,1,1,1,475.33
173,1,6,52,3,64,200,1,1,1,456.52
173,1,6,53,1,64,200,1,1,1,406.37
173,1,6,54,5,64,200,2,2,1,956.92
173,1,6,55,12,64,200,2,2,1,548.18
173,1,6,56,3,64,200,1,1,1,1098
173,1,6,57,13,64,200,2,2,1,430.05
173,1,6,58,3,64,200,1,1,1,410.07
173,1,6,59,10,64,200,2,2,1,461.4
173,1,6,60,6,64,200,2,2,1,463.87
173,1,6,61,7,64,200,2,2,1,634.55
173,1,6,62,3,64,200,1,1,1,672.23
173,1,6,63,11,64,200,2,2,1,487.01
173,1,6,64,2,64,200,1,1,1,554.23
173,1,6,65,6,64,200,2,2,1,466.87
173,1,6,66,2,64,200,1,1,1,541.63
173,1,6,67,1,64,200,1,1,1,521.57
173,1,6,68,8,64,200,2,2,1,484.3
173,1,6,69,7,64,200,2,2,1,495.2
173,1,6,70,12,64,200,2,2,1,482.79
173,1,6,71,5,64,200,2,2,1,542.02
173,1,6,72,3,64,200,1,1,1,628.49
173,1,6,73,12,64,200,2,2,1,481.91
173,1,6,74,3,64,200,1,1,1,645.21
173,1,6,75,4,64,200,1,1,1,793.71
173,1,6,76,6,64,200,2,2,1,565.79
173,1,6,77,13,64,200,2,2,1,431.02
173,1,6,78,2,64,200,1,1,1,651.99
173,1,6,79,11,64,200,2,2,1,444.39
173,1,6,80,3,64,200,1,1,1,746.02
173,1,6,81,1,64,200,1,1,1,1259
173,1,6,82,10,64,200,2,2,1,387.79
173,1,6,83,2,64,200,1,1,1,425.24
173,1,6,84,4,64,200,1,1,1,585.84
173,1,6,85,10,64,200,2,2,1,523.1
173,1,6,1,6,64,200,2,2,1,565.24
173,1,6,2,10,64,200,1,2,0,545.9
173,1,6,3,11,64,200,2,2,1,577.91
173,1,6,4,4,64,200,1,1,1,1481.1
173,1,6,5,9,64,200,2,2,1,490.44
173,1,6,6,3,64,200,1,1,1,701.5
173,1,6,7,13,64,200,2,2,1,393.85
173,1,6,8,8,64,200,2,2,1,671.59
173,1,6,9,8,64,200,2,2,1,914.51
173,1,6,10,2,64,200,1,1,1,884.21
173,1,6,11,1,64,200,1,1,1,496.56
173,1,6,12,8,64,200,2,2,1,485.73
173,1,6,13,3,64,200,1,1,1,592.48
173,1,6,14,13,64,200,2,2,1,431.61
173,1,6,15,13,64,200,2,2,1,488.58
173,1,6,16,5,64,200,2,2,1,564.83
173,1,6,17,12,64,200,2,2,1,399.72
173,1,6,18,12,64,200,2,2,1,413.67
173,1,6,19,9,64,200,2,2,1,431.33
173,1,6,20,12,64,200,2,2,1,470.81
173,1,6,21,9,64,200,2,2,1,414.54
173,1,6,22,2,64,200,1,1,1,1192.4
173,1,6,23,3,64,200,1,1,1,471.04
173,1,6,24,6,64,200,2,2,1,1304.2
173,1,6,25,12,64,200,2,2,1,641.03
173,1,6,26,2,64,200,1,1,1,582.3
173,1,6,27,3,64,200,1,1,1,454.96
173,1,6,28,2,64,200,1,1,1,451.24
173,1,6,29,8,64,200,2,2,1,665.13
173,1,6,30,5,64,200,2,2,1,491.56
173,1,6,31,4,64,200,1,1,1,928.86
173,1,6,32,5,64,200,2,2,1,851.44
173,1,6,33,4,64,200,1,1,1,750.48
173,1,6,34,7,64,200,2,2,1,816.08
173,1,6,35,10,64,200,2,2,1,821.13
173,1,6,36,1,64,200,1,1,1,571.4
173,1,6,37,9,64,200,2,2,1,536.87
173,1,6,38,2,64,200,1,1,1,1068.1
173,1,6,39,2,64,200,1,1,1,660.58
173,1,6,40,5,64,200,2,2,1,718.66
173,1,6,41,6,64,200,2,2,1,511.96
173,1,6,42,11,64,200,2,2,1,693.43
173,1,6,43,7,64,200,2,2,1,1258.9
173,1,6,44,2,64,200,1,1,1,684.76
173,1,6,45,13,64,200,2,2,1,497.31
173,1,6,46,2,64,200,1,1,1,738.67
173,1,6,47,1,64,200,1,1,1,441.12
173,1,6,48,1,64,200,1,1,1,498.18
173,1,6,49,7,64,200,2,2,1,562.66
173,1,6,50,6,64,200,2,2,1,447.82
173,1,6,51,3,64,200,1,1,1,964.77
173,1,6,52,8,64,200,2,2,1,573.58
173,1,6,53,9,64,200,2,2,1,576.3
173,1,6,54,1,64,200,1,1,1,689.87
173,1,6,55,4,64,200,1,1,1,697.79
173,1,6,56,12,64,200,2,2,1,524.66
173,1,6,57,1,64,200,1,1,1,520.2
173,1,6,58,10,64,200,2,2,1,400.19
173,1,6,59,4,64,200,1,1,1,658.5
173,1,6,60,3,64,200,1,1,1,637.82
173,1,6,61,4,64,200,1,1,1,1176.7
173,1,6,62,11,64,200,2,2,1,510.49
173,1,6,63,10,64,200,2,2,1,848.41
173,1,6,64,4,64,200,1,1,1,611.5
173,1,6,65,1,64,200,1,1,1,578.5
173,1,6,66,5,64,200,2,2,1,598.57
173,1,6,67,4,64,200,1,1,1,663.04
173,1,6,68,3,64,200,1,1,1,579.21
173,1,6,69,4,64,200,1,1,1,513.13
173,1,6,70,4,64,200,1,1,1,479.95
173,1,6,71,7,64,200,2,2,1,508.75
173,1,6,72,3,64,200,1,1,1,564.9
173,1,6,73,13,64,200,2,2,1,448.04
173,1,6,74,1,64,200,1,1,1,502.5
173,1,6,75,11,64,200,2,2,1,508.59
173,1,6,76,3,64,200,1,1,1,510.95
173,1,6,77,2,64,200,1,1,1,693.96
173,1,6,78,11,64,200,2,2,1,459.63
173,1,6,79,3,64,200,1,1,1,553.87
173,1,6,80,7,64,200,1,2,0,483.14
173,1,6,81,6,64,200,2,2,1,468.95
173,1,6,82,2,64,200,1,1,1,695.75
173,1,6,83,1,64,200,1,1,1,636.72
173,1,6,84,10,64,200,2,2,1,714.3
173,1,6,85,1,64,200,1,1,1,666.55
173,1,6,1,6,64,200,2,2,1,557.81
173,1,6,2,2,64,200,1,1,1,989.23
173,1,6,3,10,64,200,2,2,1,830.2
173,1,6,4,12,64,200,2,2,1,437.29
173,1,6,5,7,64,200,2,2,1,602.86
173,1,6,6,3,64,200,1,1,1,753.81
173,1,6,7,11,64,200,2,2,1,623.28
173,1,6,8,13,64,200,2,2,1,480.78
173,1,6,9,5,64,200,2,2,1,2104.9
173,1,6,10,10,64,200,2,2,1,1465.1
173,1,6,11,4,64,200,1,1,1,1073.5
173,1,6,12,6,64,200,2,2,1,533.52
173,1,6,13,7,64,200,2,2,1,592.06
173,1,6,14,10,64,200,2,2,1,611.89
173,1,6,15,1,64,200,1,1,1,969.02
173,1,6,16,11,64,200,2,2,1,497.7
173,1,6,17,8,64,200,2,2,1,672.02
173,1,6,18,8,64,200,2,2,1,533.77
173,1,6,19,7,64,200,2,2,1,579.72
173,1,6,20,5,64,200,2,2,1,517.04
173,1,6,21,4,64,200,1,1,1,1576.5
173,1,6,22,1,64,200,1,1,1,749.03
173,1,6,23,6,64,200,2,2,1,956.35
173,1,6,24,1,64,200,1,1,1,883.91
173,1,6,25,2,64,200,1,1,1,619.18
173,1,6,26,4,64,200,1,1,1,508.37
173,1,6,27,2,64,200,1,1,1,455.15
173,1,6,28,3,64,200,1,1,1,405.24
173,1,6,29,4,64,200,1,1,1,487.35
173,1,6,30,4,64,200,1,1,1,493.63
173,1,6,31,4,64,200,1,1,1,382.16
173,1,6,32,12,64,200,2,2,1,526.21
173,1,6,33,4,64,200,1,1,1,528.11
173,1,6,34,4,64,200,1,1,1,491.89
173,1,6,35,1,64,200,1,1,1,697.76
173,1,6,36,2,64,200,1,1,1,549.57
173,1,6,37,6,64,200,2,2,1,663.81
173,1,6,38,3,64,200,1,1,1,515.48
173,1,6,39,11,64,200,2,2,1,410.55
173,1,6,40,13,64,200,2,2,1,440.04
173,1,6,41,2,64,200,1,1,1,670.09
173,1,6,42,4,64,200,1,1,1,856.37
173,1,6,43,1,64,200,1,1,1,593.81
173,1,6,44,1,64,200,1,1,1,542.12
173,1,6,45,9,64,200,2,2,1,597.59
173,1,6,46,8,64,200,2,2,1,769.86
173,1,6,47,13,64,200,2,2,1,993.19
173,1,6,48,12,64,200,2,2,1,720.08
173,1,6,49,2,64,200,1,1,1,1201.3
173,1,6,50,9,64,200,2,2,1,746.95
173,1,6,51,12,64,200,2,2,1,602.96
173,1,6,52,8,64,200,2,2,1,971.75
173,1,6,53,5,64,200,2,2,1,558.68
173,1,6,54,8,64,200,2,2,1,433.06
173,1,6,55,3,64,200,1,1,1,697.63
173,1,6,56,3,64,200,1,1,1,524.48
173,1,6,57,4,64,200,1,1,1,793.42
173,1,6,58,9,64,200,2,2,1,607.07
173,1,6,59,3,64,200,1,1,1,1221.2
173,1,6,60,11,64,200,2,2,1,457.08
173,1,6,61,1,64,200,1,1,1,532.53
173,1,6,62,7,64,200,2,2,1,583.59
173,1,6,63,3,64,200,1,1,1,642.37
173,1,6,64,10,64,200,2,2,1,470.56
173,1,6,65,2,64,200,1,1,1,550.76
173,1,6,66,9,64,200,2,2,1,456.11
173,1,6,67,11,64,200,2,2,1,487.12
173,1,6,68,10,64,200,2,2,1,481.24
173,1,6,69,13,64,200,2,2,1,461.61
173,1,6,70,3,64,200,1,1,1,615.64
173,1,6,71,6,64,200,2,2,1,417.09
173,1,6,72,5,64,200,2,2,1,474.36
173,1,6,73,3,64,200,1,1,1,526.53
173,1,6,74,1,64,200,1,1,1,538.91
173,1,6,75,2,64,200,1,1,1,686.93
173,1,6,76,13,64,200,2,2,1,441.6
173,1,6,77,1,64,200,1,1,1,453.85
173,1,6,78,3,64,200,1,1,1,532.6
173,1,6,79,1,64,200,1,1,1,411.85
173,1,6,80,7,64,200,2,2,1,689.12
173,1,6,81,5,64,200,2,2,1,549.16
173,1,6,82,2,64,200,1,1,1,607.2
173,1,6,83,12,64,200,2,2,1,463.69
173,1,6,84,9,64,200,2,2,1,480.35
173,1,6,85,2,64,200,1,1,1,910.99
173,1,6,1,7,64,200,2,2,1,508.69
173,1,6,2,4,64,200,1,1,1,817.46
173,1,6,3,1,64,200,1,1,1,550.46
173,1,6,4,2,64,200,1,1,1,387.53
173,1,6,5,11,64,200,2,2,1,1043.3
173,1,6,6,5,64,200,2,2,1,514.36
173,1,6,7,8,64,200,2,2,1,499.62
173,1,6,8,7,64,200,2,2,1,458.32
173,1,6,9,9,64,200,2,2,1,374.59
173,1,6,10,6,64,200,2,2,1,425.37
173,1,6,11,3,64,200,1,1,1,1378.3
173,1,6,12,13,64,200,2,2,1,642.52
173,1,6,13,4,64,200,1,1,1,645.37
173,1,6,14,5,64,200,2,2,1,547.48
173,1,6,15,4,64,200,1,1,1,591.05
173,1,6,16,8,64,200,2,2,1,660.7
173,1,6,17,9,64,200,2,2,1,467.05
173,1,6,18,5,64,200,2,2,1,482.39
173,1,6,19,12,64,200,2,2,1,898.83
173,1,6,20,1,64,200,1,1,1,545.57
173,1,6,21,7,64,200,2,2,1,578.58
173,1,6,22,3,64,200,1,1,1,800.01
173,1,6,23,5,64,200,2,2,1,476.44
173,1,6,24,2,64,200,1,1,1,771.46
173,1,6,25,3,64,200,1,1,1,816.27
173,1,6,26,2,64,200,1,1,1,799.3
173,1,6,27,4,64,200,1,1,1,768.27
173,1,6,28,10,64,200,2,2,1,580.22
173,1,6,29,3,64,200,1,1,1,917.88
173,1,6,30,1,64,200,1,1,1,713.25
173,1,6,31,11,64,200,2,2,1,690.73
173,1,6,32,4,64,200,1,1,1,573.01
173,1,6,33,2,64,200,1,1,1,616.82
173,1,6,34,4,64,200,1,1,1,622.17
173,1,6,35,1,64,200,1,1,1,582.54
173,1,6,36,6,64,200,2,2,1,612.81
173,1,6,37,7,64,200,2,2,1,612.6
173,1,6,38,1,64,200,1,1,1,500.65
173,1,6,39,10,64,200,2,2,1,409.03
173,1,6,40,12,64,200,2,2,1,382.06
173,1,6,41,4,64,200,1,1,1,956.59
173,1,6,42,6,64,200,2,2,1,445.05
173,1,6,43,2,64,200,1,1,1,704.92
173,1,6,44,1,64,200,1,1,1,739.69
173,1,6,45,4,64,200,1,1,1,617.58
173,1,6,46,11,64,200,2,2,1,410.95
173,1,6,47,4,64,200,1,1,1,697.4
173,1,6,48,5,64,200,2,2,1,566.31
173,1,6,49,1,64,200,1,1,1,610.14
173,1,6,50,8,64,200,2,2,1,545.15
173,1,6,51,12,64,200,2,2,1,694.97
173,1,6,52,3,64,200,1,1,1,620.69
173,1,6,53,3,64,200,1,1,1,663.69
173,1,6,54,8,64,200,2,2,1,539.15
173,1,6,55,4,64,200,1,1,1,1350.8
173,1,6,56,9,64,200,2,2,1,559.51
173,1,6,57,6,64,200,2,2,1,618.04
173,1,6,58,3,64,200,1,1,1,600.62
173,1,6,59,6,64,200,2,2,1,556.33
173,1,6,60,1,64,200,1,1,1,532.14
173,1,6,61,7,64,200,2,2,1,618.63
173,1,6,62,3,64,200,1,1,1,978.48
173,1,6,63,9,64,200,2,2,1,497.94
173,1,6,64,1,64,200,1,1,1,589.85
173,1,6,65,2,64,200,2,1,0,515.47
173,1,6,66,2,64,200,1,1,1,571.52
173,1,6,67,3,64,200,1,1,1,889.87
173,1,6,68,1,64,200,1,1,1,498.61
173,1,6,69,9,64,200,2,2,1,432.72
173,1,6,70,13,64,200,2,2,1,461.57
173,1,6,71,10,64,200,2,2,1,471.65
173,1,6,72,2,64,200,1,1,1,645.39
173,1,6,73,13,64,200,2,2,1,498.63
173,1,6,74,10,64,200,2,2,1,424.51
173,1,6,75,2,64,200,1,1,1,615.8
173,1,6,76,3,64,200,1,1,1,435.95
173,1,6,77,13,64,200,2,2,1,666.22
173,1,6,78,11,64,200,2,2,1,691.35
173,1,6,79,11,64,200,2,2,1,598.85
173,1,6,80,2,64,200,1,1,1,1300.8
173,1,6,81,12,64,200,2,2,1,537.89
173,1,6,82,8,64,200,2,2,1,578.69
173,1,6,83,13,64,200,2,2,1,375.63
173,1,6,84,12,64,200,2,2,1,477.55
173,1,6,85,10,64,200,2,2,1,436.61
173,1,6,1,4,64,200,1,1,1,1576.2
173,1,6,2,4,64,200,1,1,1,485.29
173,1,6,3,7,64,200,2,2,1,591.54
173,1,6,4,2,64,200,1,1,1,687.02
173,1,6,5,6,64,200,2,2,1,409.15
173,1,6,6,2,64,200,1,1,1,555.8
173,1,6,7,1,64,200,1,1,1,449.63
173,1,6,8,12,64,200,2,2,1,431.64
173,1,6,9,1,64,200,1,1,1,572.99
173,1,6,10,10,64,200,2,2,1,502.13
173,1,6,11,12,64,200,2,2,1,477.88
173,1,6,12,3,64,200,1,1,1,683.74
173,1,6,13,2,64,200,1,1,1,672.7
173,1,6,14,1,64,200,1,1,1,615.98
173,1,6,15,2,64,200,1,1,1,732.73
173,1,6,16,7,64,200,2,2,1,642.19
173,1,6,17,4,64,200,1,1,1,645.18
173,1,6,18,11,64,200,2,2,1,556.27
173,1,6,19,12,64,200,2,2,1,509.08
173,1,6,20,2,64,200,1,1,1,550.31
173,1,6,21,1,64,200,1,1,1,485.7
173,1,6,22,9,64,200,2,2,1,537.49
173,1,6,23,11,64,200,2,2,1,419.76
173,1,6,24,4,64,200,1,1,1,610.13
173,1,6,25,1,64,200,1,1,1,595.11
173,1,6,26,7,64,200,2,2,1,573.31
173,1,6,27,1,64,200,1,1,1,661.6
173,1,6,28,6,64,200,2,2,1,536.13
173,1,6,29,5,64,200,2,2,1,515.54
173,1,6,30,5,64,200,2,2,1,555.29
173,1,6,31,3,64,200,1,1,1,984.24
173,1,6,32,8,64,200,2,2,1,555.84
173,1,6,33,13,64,200,2,2,1,424.83
173,1,6,34,2,64,200,1,1,1,554.44
173,1,6,35,8,64,200,2,2,1,501.61
173,1,6,36,13,64,200,2,2,1,465.92
173,1,6,37,10,64,200,2,2,1,515.99
173,1,6,38,2,64,200,2,1,0,415.45
173,1,6,39,3,64,200,1,1,1,629.24
173,1,6,40,3,64,200,1,1,1,547.5
173,1,6,41,9,64,200,2,2,1,552.14
173,1,6,42,12,64,200,2,2,1,547.22
173,1,6,43,6,64,200,2,2,1,566.01
173,1,6,44,10,64,200,2,2,1,524.76
173,1,6,45,13,64,200,2,2,1,473.48
173,1,6,46,10,64,200,2,2,1,477.4
173,1,6,47,3,64,200,1,1,1,536.59
173,1,6,48,4,64,200,1,1,1,590.83
173,1,6,49,1,64,200,1,1,1,645.72
173,1,6,50,2,64,200,1,1,1,573.53
173,1,6,51,4,64,200,1,1,1,535.32
173,1,6,52,8,64,200,2,2,1,757.25
173,1,6,53,4,64,200,1,1,1,549.28
173,1,6,54,2,64,200,1,1,1,638.54
173,1,6,55,4,64,200,1,1,1,594.47
173,1,6,56,3,64,200,1,1,1,567.68
173,1,6,57,5,64,200,2,2,1,487.72
173,1,6,58,1,64,200,1,1,1,567.75
173,1,6,59,13,64,200,2,2,1,582.14
173,1,6,60,11,64,200,2,2,1,569.97
173,1,6,61,3,64,200,1,1,1,593.44
173,1,6,62,11,64,200,2,2,1,477.38
173,1,6,63,9,64,200,2,2,1,1049.7
173,1,6,64,12,64,200,2,2,1,466.92
173,1,6,65,1,64,200,1,1,1,615.94
173,1,6,66,10,64,200,2,2,1,407.73
173,1,6,67,1,64,200,1,1,1,577.63
173,1,6,68,5,64,200,2,2,1,418.03
173,1,6,69,5,64,200,2,2,1,496.7
173,1,6,70,9,64,200,2,2,1,635.01
173,1,6,71,3,64,200,1,1,1,522.44
173,1,6,72,9,64,200,2,2,1,579.29
173,1,6,73,7,64,200,2,2,1,1031.8
173,1,6,74,11,64,200,2,2,1,1685.1
173,1,6,75,8,64,200,2,2,1,658.57
173,1,6,76,8,64,200,2,2,1,555.12
173,1,6,77,7,64,200,2,2,1,483.53
173,1,6,78,6,64,200,2,2,1,458.06
173,1,6,79,2,64,200,1,1,1,991.32
173,1,6,80,4,64,200,1,1,1,1485.7
173,1,6,81,3,64,200,1,1,1,596.28
173,1,6,82,3,64,200,1,1,1,436.76
173,1,6,83,4,64,200,1,1,1,752.25
173,1,6,84,6,64,200,2,2,1,1195
173,1,6,85,13,64,200,2,2,1,602.85
173,1,6,1,11,64,200,2,2,1,500.56
173,1,6,2,5,64,200,2,2,1,443.28
173,1,6,3,1,64,200,1,1,1,583
173,1,6,4,1,64,200,1,1,1,409.96
173,1,6,5,4,64,200,1,1,1,528.94
173,1,6,6,1,64,200,1,1,1,427.13
173,1,6,7,8,64,200,2,2,1,473.6
173,1,6,8,4,64,200,1,1,1,548.9
173,1,6,9,2,64,200,1,1,1,520.88
173,1,6,10,1,64,200,1,1,1,653.16
173,1,6,11,7,64,200,2,2,1,594.45
173,1,6,12,12,64,200,2,2,1,1539.6
173,1,6,13,4,64,200,1,1,1,639.68
173,1,6,14,2,64,200,1,1,1,945.91
173,1,6,15,6,64,200,2,2,1,842.63
173,1,6,16,5,64,200,2,2,1,490.98
173,1,6,17,1,64,200,1,1,1,1076
173,1,6,18,3,64,200,1,1,1,610.37
173,1,6,19,10,64,200,2,2,1,632.61
173,1,6,20,2,64,200,1,1,1,871.73
173,1,6,21,3,64,200,1,1,1,1602.5
173,1,6,22,10,64,200,2,2,1,452.12
173,1,6,23,13,64,200,2,2,1,583.61
173,1,6,24,13,64,200,2,2,1,510.4
173,1,6,25,13,64,200,2,2,1,1039.4
173,1,6,26,2,64,200,1,1,1,622.52
173,1,6,27,11,64,200,2,2,1,806.78
173,1,6,28,2,64,200,1,1,1,656.67
173,1,6,29,11,64,200,2,2,1,723.43
173,1,6,30,4,64,200,1,1,1,561.3
173,1,6,31,7,64,200,2,2,1,1146.3
173,1,6,32,3,64,200,1,1,1,621.47
173,1,6,33,3,64,200,1,1,1,832.76
173,1,6,34,1,64,200,1,1,1,414.56
173,1,6,35,4,64,200,1,1,1,415.7
173,1,6,36,8,64,200,2,2,1,1930
173,1,6,37,8,64,200,2,2,1,595.31
173,1,6,38,5,64,200,2,2,1,492.24
173,1,6,39,4,64,200,1,1,1,832.45
173,1,6,40,2,64,200,1,1,1,524.24
173,1,6,41,4,64,200,1,1,1,627.36
173,1,6,42,6,64,200,2,2,1,1409.5
173,1,6,43,6,64,200,2,2,1,524.58
173,1,6,44,3,64,200,1,1,1,990.75
173,1,6,45,3,64,200,1,1,1,559.31
173,1,6,46,12,64,200,2,2,1,814.67
173,1,6,47,4,64,200,1,1,1,1751.3
173,1,6,48,7,64,200,2,2,1,627.84
173,1,6,49,12,64,200,2,2,1,577.87
173,1,6,50,3,64,200,1,1,1,879.51
173,1,6,51,9,64,200,2,2,1,519.66
173,1,6,52,10,64,200,2,2,1,678.98
173,1,6,53,2,64,200,1,1,1,638.14
173,1,6,54,12,64,200,2,2,1,777.43
173,1,6,55,11,64,200,2,2,1,678.51
173,1,6,56,13,64,200,2,2,1,444.96
173,1,6,57,3,64,200,1,1,1,1189.4
173,1,6,58,6,64,200,2,2,1,837.96
173,1,6,59,4,64,200,1,1,1,729.32
173,1,6,60,9,64,200,2,2,1,1995.4
173,1,6,61,9,64,200,2,2,1,468.3
173,1,6,62,2,64,200,1,1,1,848.33
173,1,6,63,3,64,200,1,1,1,754.32
173,1,6,64,10,64,200,2,2,1,569.99
173,1,6,65,5,64,200,2,2,1,700.88
173,1,6,66,5,64,200,2,2,1,604.08
173,1,6,67,3,64,200,1,1,1,1071.2
173,1,6,68,12,64,200,2,2,1,1577
173,1,6,69,6,64,200,2,2,1,508.79
173,1,6,70,9,64,200,2,2,1,469.74
173,1,6,71,8,64,200,2,2,1,1121.4
173,1,6,72,2,64,200,1,1,1,588.51
173,1,6,73,7,64,200,2,2,1,620.94
173,1,6,74,13,64,200,2,2,1,419.27
173,1,6,75,1,64,200,1,1,1,2264.2
173,1,6,76,2,64,200,1,1,1,695.57
173,1,6,77,8,64,200,2,2,1,483.63
173,1,6,78,10,64,200,2,2,1,623.63
173,1,6,79,1,64,200,1,1,1,1183.5
173,1,6,80,4,64,200,1,1,1,1103.2
173,1,6,81,1,64,200,1,1,1,496.69
173,1,6,82,11,64,200,2,2,1,515.39
173,1,6,83,9,64,200,2,2,1,801.42
173,1,6,84,7,64,200,2,2,1,904.78
173,1,6,85,1,64,200,1,1,1,1891.5
