172,1,5,1,1,64,200,1,1,1,1833.2
172,1,5,2,3,64,200,1,1,1,593.35
172,1,5,3,2,64,200,1,1,1,397.25
172,1,5,4,10,64,200,2,2,1,479.66
172,1,5,5,7,64,200,2,2,1,1107.8
172,1,5,6,4,64,200,1,1,1,472.25
172,1,5,7,5,64,200,2,2,1,454.94
172,1,5,8,6,64,200,2,2,1,446.04
172,1,5,9,11,64,200,2,2,1,629.51
172,1,5,10,13,64,200,2,2,1,1160.5
172,1,5,11,1,64,200,1,1,1,501.45
172,1,5,12,3,64,200,1,1,1,444.26
172,1,5,13,9,64,200,2,2,1,465.98
172,1,5,14,2,64,200,1,1,1,465.09
172,1,5,15,8,64,200,2,2,1,453.95
172,1,5,16,12,64,200,2,2,1,304.36
172,1,5,17,4,64,200,1,1,1,393.05
172,1,5,18,9,64,200,2,2,1,363.97
172,1,5,19,3,64,200,1,1,1,508.68
172,1,5,20,4,64,200,2,1,0,291.01
172,1,5,21,3,64,200,1,1,1,438.51
172,1,5,22,4,64,200,1,1,1,403.32
172,1,5,23,3,64,200,1,1,1,389.53
172,1,5,24,5,64,200,2,2,1,648.27
172,1,5,25,12,64,200,2,2,1,351.93
172,1,5,26,11,64,200,2,2,1,401.57
172,1,5,27,4,64,200,1,1,1,466.32
172,1,5,28,8,64,200,2,2,1,688.39
172,1,5,29,2,64,200,1,1,1,467.07
172,1,5,30,2,64,200,1,1,1,404.42
172,1,5,31,1,64,200,1,1,1,419.46
172,1,5,32,3,64,200,1,1,1,405.22
172,1,5,33,3,64,200,1,1,1,340.95
172,1,5,34,13,64,200,2,2,1,322.37
172,1,5,35,5,64,200,1,2,0,465.36
172,1,5,36,1,64,200,1,1,1,470.2
172,1,5,37,7,64,200,2,2,1,406.79
172,1,5,38,1,64,200,1,1,1,446.82
172,1,5,39,1,64,200,1,1,1,453.3
172,1,5,40,8,64,200,2,2,1,409.97
172,1,5,41,2,64,200,1,1,1,474.67
172,1,5,42,9,64,200,2,2,1,466.56
172,1,5,43,11,64,200,2,2,1,433.38
172,1,5,44,9,64,200,2,2,1,373.02
172,1,5,45,2,64,200,1,1,1,618.14
172,1,5,46,6,64,200,2,2,1,435.19
172,1,5,47,13,64,200,2,2,1,368.76
172,1,5,48,7,64,200,2,2,1,502.74
172,1,5,49,9,64,200,2,2,1,376.87
172,1,5,50,13,64,200,2,2,1,338.14
172,1,5,51,5,64,200,2,2,1,321.91
172,1,5,52,10,64,200,2,2,1,412.73
172,1,5,53,2,64,200,1,1,1,506.58
172,1,5,54,4,64,200,1,1,1,426.06
172,1,5,55,12,64,200,2,2,1,386.31
172,1,5,56,2,64,200,1,1,1,440.25
172,1,5,57,1,64,200,1,1,1,510.17
172,1,5,58,4,64,200,1,1,1,375.77
172,1,5,59,2,64,200,1,1,1,419.92
172,1,5,60,11,64,200,2,2,1,367.29
172,1,5,61,13,64,200,2,2,1,472.89
172,1,5,62,12,64,200,2,2,1,313
172,1,5,63,1,64,200,1,1,1,473.88
172,1,5,64,7,64,200,2,2,1,431.68
172,1,5,65,8,64,200,2,2,1,403.64
172,1,5,66,1,64,200,1,1,1,451.01
172,1,5,67,10,64,200,2,2,1,420.48
172,1,5,68,12,64,200,2,2,1,353.08
172,1,5,69,3,64,200,1,1,1,471.29
172,1,5,70,13,64,200,2,2,1,295.36
172,1,5,71,1,64,200,1,1,1,399.16
172,1,5,72,2,64,200,1,1,1,516.67
172,1,5,73,7,64,200,2,2,1,463.69
172,1,5,74,8,64,200,2,2,1,551.02
172,1,5,75,7,64,200,2,2,1,444.58
172,1,5,76,3,64,200,1,1,1,443.61
172,1,5,77,4,64,200,1,1,1,418.69
172,1,5,78,8,64,200,2,2,1,670.66
172,1,5,79,11,64,200,2,2,1,388.02
172,1,5,80,4,64,200,1,1,1,585.64
172,1,5,81,6,64,200,2,2,1,439.9
172,1,5,82,2,64,200,1,1,1,430.15
172,1,5,83,2,64,200,1,1,1,411.17
172,1,5,84,6,64,200,2,2,1,433.9
172,1,5,85,12,64,200,2,2,1,320.67
172,1,5,86,4,64,200,1,1,1,647.93
172,1,5,87,10,64,200,2,2,1,244.73
172,1,5,88,9,64,200,2,2,1,403.56
172,1,5,89,3,64,200,1,1,1,470.12
172,1,5,90,6,64,200,2,2,1,475.27
172,1,5,91,10,64,200,2,2,1,314.73
172,1,5,92,3,64,200,1,1,1,446.71
172,1,5,93,3,64,200,1,1,1,387.9
172,1,5,94,4,64,200,1,1,1,468
172,1,5,95,4,64,200,1,1,1,449.88
172,1,5,96,10,64,200,2,2,1,345
172,1,5,97,6,64,200,2,2,1,581.45
172,1,5,98,5,64,200,2,2,1,583.89
172,1,5,99,1,64,200,1,1,1,460.73
172,1,5,100,11,64,200,2,2,1,372.12
172,1,5,101,1,64,200,1,1,1,473.91
172,1,5,102,5,64,200,2,2,1,399.96
172,1,5,1,12,64,200,2,2,1,305.47
172,1,5,2,4,64,200,1,1,1,524.3
172,1,5,3,3,64,200,1,1,1,416
172,1,5,4,13,64,200,2,2,1,392.19
172,1,5,5,6,64,200,2,2,1,335.09
172,1,5,6,1,64,200,1,1,1,430.31
172,1,5,7,3,64,200,1,1,1,506.27
172,1,5,8,10,64,200,2,2,1,458.46
172,1,5,9,13,64,200,2,2,1,430.83
172,1,5,10,11,64,200,2,2,1,435.84
172,1,5,11,3,64,200,1,1,1,454.44
172,1,5,12,2,64,200,1,1,1,460.4
172,1,5,13,10,64,200,2,2,1,434
172,1,5,14,6,64,200,2,2,1,440.09
172,1,5,15,11,64,200,2,2,1,370.56
172,1,5,16,3,64,200,1,1,1,401.59
172,1,5,17,5,64,200,2,2,1,333.53
172,1,5,18,11,64,200,2,2,1,339.33
172,1,5,19,12,64,200,2,2,1,698.43
172,1,5,20,1,64,200,1,1,1,433.37
172,1,5,21,2,64,200,1,1,1,483.95
172,1,5,22,2,64,200,1,1,1,427.38
172,1,5,23,4,64,200,1,1,1,468.56
172,1,5,24,8,64,200,2,2,1,454.48
172,1,5,25,9,64,200,2,2,1,385.43
172,1,5,26,1,64,200,1,1,1,432.64
172,1,5,27,1,64,200,1,1,1,579.91
172,1,5,28,4,64,200,1,1,1,459.41
172,1,5,29,3,64,200,1,1,1,364.34
172,1,5,30,13,64,200,2,2,1,416.61
172,1,5,31,9,64,200,2,2,1,422.48
172,1,5,32,2,64,200,1,1,1,416.77
172,1,5,33,2,64,200,1,1,1,481.67
172,1,5,34,9,64,200,2,2,1,380.63
172,1,5,35,7,64,200,2,2,1,585.3
172,1,5,36,9,64,200,2,2,1,342.68
172,1,5,37,8,64,200,2,2,1,352.71
172,1,5,38,4,64,200,1,1,1,529.21
172,1,5,39,4,64,200,1,1,1,457.28
172,1,5,40,3,64,200,1,1,1,418.8
172,1,5,41,6,64,200,2,2,1,415.82
172,1,5,42,7,64,200,2,2,1,476.14
172,1,5,43,1,64,200,1,1,1,434.15
172,1,5,44,4,64,200,1,1,1,694.92
172,1,5,45,4,64,200,1,1,1,549.13
172,1,5,46,1,64,200,1,1,1,359.99
172,1,5,47,12,64,200,2,2,1,336.99
172,1,5,48,4,64,200,1,1,1,461.13
172,1,5,49,10,64,200,2,2,1,540.91
172,1,5,50,10,64,200,2,2,1,315.76
172,1,5,51,10,64,200,2,2,1,370.56
172,1,5,52,11,64,200,2,2,1,319.3
172,1,5,53,7,64,200,2,2,1,551.94
172,1,5,54,9,64,200,2,2,1,399.28
172,1,5,55,2,64,200,1,1,1,505.7
172,1,5,56,11,64,200,2,2,1,379.44
172,1,5,57,2,64,200,1,1,1,411.61
172,1,5,58,3,64,200,2,1,0,359.44
172,1,5,59,12,64,200,2,2,1,534.54
172,1,5,60,1,64,200,1,1,1,423.79
172,1,5,61,3,64,200,1,1,1,653.21
172,1,5,62,7,64,200,2,2,1,480.39
172,1,5,63,1,64,200,1,1,1,543.39
172,1,5,64,2,64,200,2,1,0,368.54
172,1,5,65,8,64,200,2,2,1,524.54
172,1,5,66,6,64,200,2,2,1,406.57
172,1,5,67,13,64,200,2,2,1,411.38
172,1,5,68,7,64,200,2,2,1,370.73
172,1,5,69,4,64,200,1,1,1,431.12
172,1,5,70,12,64,200,2,2,1,393.24
172,1,5,71,4,64,200,1,1,1,409.68
172,1,5,72,8,64,200,2,2,1,380.27
172,1,5,73,3,64,200,1,1,1,422.37
172,1,5,74,2,64,200,1,1,1,399.59
172,1,5,75,5,64,200,2,2,1,508.39
172,1,5,76,5,64,200,2,2,1,524.77
172,1,5,77,3,64,200,1,1,1,457.23
172,1,5,78,8,64,200,2,2,1,432.26
172,1,5,79,1,64,200,1,1,1,478.12
172,1,5,80,1,64,200,1,1,1,469.37
172,1,5,81,6,64,200,2,2,1,412.8
172,1,5,82,5,64,200,2,2,1,521.2
172,1,5,83,13,64,200,2,2,1,511.24
172,1,5,84,2,64,200,1,1,1,507.79
172,1,5,85,5,64,200,2,2,1,418.36
172,1,5,1,13,64,200,2,2,1,444.13
172,1,5,2,12,64,200,2,2,1,312.87
172,1,5,3,2,64,200,1,1,1,409.29
172,1,5,4,4,64,200,1,1,1,418.39
172,1,5,5,4,64,200,1,1,1,369.41
172,1,5,6,5,64,200,2,2,1,514.63
172,1,5,7,4,64,200,1,1,1,451.15
172,1,5,8,1,64,200,1,1,1,473.05
172,1,5,9,6,64,200,2,2,1,444.83
172,1,5,10,2,64,200,1,1,1,446.27
172,1,5,11,10,64,200,2,2,1,433.5
172,1,5,12,12,64,200,2,2,1,627.12
172,1,5,13,8,64,200,2,2,1,412.9
172,1,5,14,1,64,200,1,1,1,486.89
172,1,5,15,3,64,200,1,1,1,422.53
172,1,5,16,4,64,200,1,1,1,528.74
172,1,5,17,4,64,200,1,1,1,382.94
172,1,5,18,5,64,200,2,2,1,503.87
172,1,5,19,7,64,200,2,2,1,530.88
172,1,5,20,1,64,200,1,1,1,580.28
172,1,5,21,13,64,200,2,2,1,478.11
172,1,5,22,3,64,200,1,1,1,468.96
172,1,5,23,2,64,200,1,1,1,574.3
172,1,5,24,1,64,200,1,1,1,508.53
172,1,5,25,2,64,200,1,1,1,417.64
172,1,5,26,10,64,200,2,2,1,376.81
172,1,5,27,2,64,200,1,1,1,622.77
172,1,5,28,2,64,200,1,1,1,493.42
172,1,5,29,6,64,200,2,2,1,460.3
172,1,5,30,10,64,200,2,2,1,441.55
172,1,5,31,12,64,200,2,2,1,534.27
172,1,5,32,4,64,200,1,1,1,521.04
172,1,5,33,9,64,200,2,2,1,481.17
172,1,5,34,3,64,200,1,1,1,432.04
172,1,5,35,5,64,200,2,2,1,334.09
172,1,5,36,4,64,200,1,1,1,446.21
172,1,5,37,3,64,200,1,1,1,511.77
172,1,5,38,2,64,200,1,1,1,384.63
172,1,5,39,7,64,200,2,2,1,480.44
172,1,5,40,10,64,200,2,2,1,333.07
172,1,5,41,3,64,200,1,1,1,421.41
172,1,5,42,13,64,200,2,2,1,317.85
172,1,5,43,2,64,200,1,1,1,546.87
172,1,5,44,11,64,200,2,2,1,423.14
172,1,5,45,3,64,200,1,1,1,419.43
172,1,5,46,5,64,200,2,2,1,348.49
172,1,5,47,3,64,200,1,1,1,481.66
172,1,5,48,4,64,200,1,1,1,443.37
172,1,5,49,6,64,200,2,2,1,357.82
172,1,5,50,13,64,200,2,2,1,392.75
172,1,5,51,8,64,200,2,2,1,398.05
172,1,5,52,2,64,200,1,1,1,383.9
172,1,5,53,5,64,200,2,2,1,446.5
172,1,5,54,12,64,200,2,2,1,393.31
172,1,5,55,11,64,200,2,2,1,331.89
172,1,5,56,11,64,200,2,2,1,433.36
172,1,5,57,8,64,200,2,2,1,329.08
172,1,5,58,1,64,200,1,1,1,560.4
172,1,5,59,8,64,200,2,2,1,526.62
172,1,5,60,7,64,200,2,2,1,684.23
172,1,5,61,1,64,200,1,1,1,408.04
172,1,5,62,1,64,200,1,1,1,493.6
172,1,5,63,1,64,200,1,1,1,453.33
172,1,5,64,2,64,200,1,1,1,526.25
172,1,5,65,7,64,200,2,2,1,447.78
172,1,5,66,1,64,200,1,1,1,434.11
172,1,5,67,6,64,200,2,2,1,409.52
172,1,5,68,13,64,200,2,2,1,690.34
172,1,5,69,8,64,200,2,2,1,399.03
172,1,5,70,9,64,200,2,2,1,386.49
172,1,5,71,4,64,200,1,1,1,763.18
172,1,5,72,6,64,200,2,2,1,349.58
172,1,5,73,12,64,200,2,2,1,343.56
172,1,5,74,9,64,200,2,2,1,354.33
172,1,5,75,4,64,200,1,1,1,735.78
172,1,5,76,3,64,200,1,1,1,585.59
172,1,5,77,9,64,200,2,2,1,337.81
172,1,5,78,7,64,200,2,2,1,456.84
172,1,5,79,1,64,200,1,1,1,476
172,1,5,80,3,64,200,1,1,1,450.66
172,1,5,81,3,64,200,1,1,1,431.76
172,1,5,82,11,64,200,2,2,1,489.14
172,1,5,83,11,64,200,2,2,1,379.62
172,1,5,84,10,64,200,2,2,1,384.26
172,1,5,85,9,64,200,2,2,1,362.04
172,1,5,1,1,64,200,1,1,1,403.67
172,1,5,2,2,64,200,1,1,1,514.33
172,1,5,3,6,64,200,2,2,1,456.19
172,1,5,4,13,64,200,2,2,1,555.18
172,1,5,5,3,64,200,1,1,1,426.41
172,1,5,6,13,64,200,2,2,1,361.16
172,1,5,7,2,64,200,1,1,1,426.24
172,1,5,8,1,64,200,1,1,1,412.04
172,1,5,9,8,64,200,2,2,1,443.7
172,1,5,10,3,64,200,1,1,1,420.61
172,1,5,11,11,64,200,2,2,1,490.86
172,1,5,12,2,64,200,1,1,1,416.17
172,1,5,13,10,64,200,2,2,1,310.87
172,1,5,14,11,64,200,2,2,1,343.8
172,1,5,15,13,64,200,2,2,1,326.85
172,1,5,16,9,64,200,2,2,1,367.77
172,1,5,17,7,64,200,2,2,1,517.81
172,1,5,18,6,64,200,2,2,1,380.18
172,1,5,19,3,64,200,1,1,1,461.88
172,1,5,20,1,64,200,1,1,1,415.88
172,1,5,21,9,64,200,2,2,1,334.22
172,1,5,22,5,64,200,2,2,1,437.38
172,1,5,23,8,64,200,2,2,1,336.09
172,1,5,24,1,64,200,1,1,1,392.23
172,1,5,25,7,64,200,2,2,1,376.1
172,1,5,26,11,64,200,2,2,1,398.6
172,1,5,27,1,64,200,1,1,1,352.04
172,1,5,28,12,64,200,2,2,1,325.38
172,1,5,29,8,64,200,2,2,1,377.18
172,1,5,30,10,64,200,2,2,1,316.73
172,1,5,31,9,64,200,2,2,1,345.83
172,1,5,32,1,64,200,1,1,1,448.68
172,1,5,33,10,64,200,2,2,1,375.59
172,1,5,34,10,64,200,2,2,1,326.82
172,1,5,35,3,64,200,1,1,1,529.27
172,1,5,36,5,64,200,2,2,1,445.2
172,1,5,37,2,64,200,1,1,1,449.76
172,1,5,38,5,64,200,2,2,1,364.99
172,1,5,39,1,64,200,1,1,1,383.72
172,1,5,40,8,64,200,2,2,1,349.05
172,1,5,41,2,64,200,1,1,1,486.61
172,1,5,42,9,64,200,2,2,1,506.75
172,1,5,43,3,64,200,1,1,1,490.66
172,1,5,44,2,64,200,1,1,1,498.4
172,1,5,45,1,64,200,1,1,1,355.46
172,1,5,46,4,64,200,1,1,1,373.7
172,1,5,47,10,64,200,2,2,1,362.77
172,1,5,48,1,64,200,1,1,1,429.66
172,1,5,49,4,64,200,1,1,1,497.6
172,1,5,50,13,64,200,2,2,1,330.89
172,1,5,51,4,64,200,1,1,1,603.79
172,1,5,52,6,64,200,2,2,1,409.73
172,1,5,53,3,64,200,1,1,1,429.72
172,1,5,54,8,64,200,2,2,1,874.48
172,1,5,55,12,64,200,2,2,1,376.49
172,1,5,56,4,64,200,1,1,1,422.69
172,1,5,57,3,64,200,1,1,1,380.56
172,1,5,58,11,64,200,2,2,1,353.04
172,1,5,59,3,64,200,1,1,1,433.51
172,1,5,60,9,64,200,2,2,1,298.7
172,1,5,61,1,64,200,1,1,1,433.39
172,1,5,62,12,64,200,2,2,1,383.78
172,1,5,63,4,64,200,1,1,1,440.55
172,1,5,64,2,64,200,1,1,1,444.35
172,1,5,65,4,64,200,1,1,1,379.57
172,1,5,66,6,64,200,1,2,0,414.99
172,1,5,67,5,64,200,2,2,1,406.14
172,1,5,68,2,64,200,1,1,1,465.71
172,1,5,69,13,64,200,2,2,1,304.62
172,1,5,70,4,64,200,1,1,1,385.75
172,1,5,71,12,64,200,2,2,1,417.66
172,1,5,72,12,64,200,2,2,1,391.9
172,1,5,73,4,64,200,1,1,1,440.79
172,1,5,74,3,64,200,1,1,1,473.85
172,1,5,75,7,64,200,2,2,1,535.01
172,1,5,76,2,64,200,1,1,1,422.4
172,1,5,77,11,64,200,2,2,1,339.14
172,1,5,78,5,64,200,2,2,1,539.07
172,1,5,79,7,64,200,2,2,1,469.57
172,1,5,80,7,64,200,2,2,1,606.43
172,1,5,81,4,64,200,1,1,1,804.33
172,1,5,82,4,64,200,1,1,1,458.11
172,1,5,83,3,64,200,1,1,1,669.9
172,1,5,84,6,64,200,2,2,1,463.32
172,1,5,85,2,64,200,1,1,1,490.01
172,1,5,1,5,64,200,2,2,1,497.26
172,1,5,2,13,64,200,2,2,1,327.2
172,1,5,3,2,64,200,1,1,1,506.14
172,1,5,4,13,64,200,2,2,1,353.83
172,1,5,5,4,64,200,1,1,1,484.4
172,1,5,6,11,64,200,2,2,1,580.9
172,1,5,7,1,64,200,1,1,1,446.17
172,1,5,8,11,64,200,2,2,1,381.18
172,1,5,9,6,64,200,2,2,1,415.77
172,1,5,10,4,64,200,1,1,1,462.31
172,1,5,11,5,64,200,2,2,1,884.5
172,1,5,12,3,64,200,1,1,1,417.98
172,1,5,13,2,64,200,1,1,1,603.53
172,1,5,14,8,64,200,2,2,1,337.26
172,1,5,15,1,64,200,1,1,1,440.96
172,1,5,16,3,64,200,1,1,1,465.28
172,1,5,17,2,64,200,1,1,1,384.33
172,1,5,18,7,64,200,2,2,1,386.37
172,1,5,19,10,64,200,2,2,1,352.37
172,1,5,20,10,64,200,2,2,1,367.78
172,1,5,21,10,64,200,2,2,1,397.57
172,1,5,22,4,64,200,1,1,1,559
172,1,5,23,1,64,200,1,1,1,502.86
172,1,5,24,2,64,200,1,1,1,449.91
172,1,5,25,4,64,200,1,1,1,438.34
172,1,5,26,13,64,200,2,2,1,361.73
172,1,5,27,9,64,200,2,2,1,372.08
172,1,5,28,7,64,200,2,2,1,678.17
172,1,5,29,5,64,200,2,2,1,480.61
172,1,5,30,1,64,200,1,1,1,425.57
172,1,5,31,7,64,200,2,2,1,450.32
172,1,5,32,8,64,200,2,2,1,714.46
172,1,5,33,3,64,200,1,1,1,440.55
172,1,5,34,2,64,200,1,1,1,607.3
172,1,5,35,2,64,200,1,1,1,546.3
172,1,5,36,4,64,200,1,1,1,511.34
172,1,5,37,7,64,200,2,2,1,721.05
172,1,5,38,9,64,200,2,2,1,574.57
172,1,5,39,12,64,200,2,2,1,427.44
172,1,5,40,4,64,200,1,1,1,552.92
172,1,5,41,8,64,200,2,2,1,482.1
172,1,5,42,3,64,200,1,1,1,435.14
172,1,5,43,11,64,200,2,2,1,486.39
172,1,5,44,1,64,200,1,1,1,427.09
172,1,5,45,1,64,200,1,1,1,522.2
172,1,5,46,6,64,200,2,2,1,552.03
172,1,5,47,9,64,200,2,2,1,451.55
172,1,5,48,3,64,200,1,1,1,454.13
172,1,5,49,6,64,200,2,2,1,485.46
172,1,5,50,3,64,200,1,1,1,413.82
172,1,5,51,3,64,200,1,1,1,466.2
172,1,5,52,12,64,200,2,2,1,489.3
172,1,5,53,3,64,200,1,1,1,531.82
172,1,5,54,2,64,200,1,1,1,480.49
172,1,5,55,4,64,200,1,1,1,865.92
172,1,5,56,10,64,200,2,2,1,442.11
172,1,5,57,10,64,200,2,2,1,362.11
172,1,5,58,3,64,200,1,1,1,414.34
172,1,5,59,8,64,200,2,2,1,367.1
172,1,5,60,13,64,200,2,2,1,371.63
172,1,5,61,7,64,200,2,2,1,427.48
172,1,5,62,12,64,200,2,2,1,310.23
172,1,5,63,8,64,200,2,2,1,399.92
172,1,5,64,5,64,200,2,2,1,452.28
172,1,5,65,1,64,200,1,1,1,520.05
172,1,5,66,12,64,200,2,2,1,379.94
172,1,5,67,4,64,200,1,1,1,434.15
172,1,5,68,11,64,200,2,2,1,386.41
172,1,5,69,12,64,200,2,2,1,674.06
172,1,5,70,2,64,200,1,1,1,454.68
172,1,5,71,1,64,200,1,1,1,498.15
172,1,5,72,6,64,200,2,2,1,514
172,1,5,73,13,64,200,2,2,1,342.09
172,1,5,74,2,64,200,1,1,1,670.17
172,1,5,75,2,64,200,1,1,1,446.82
172,1,5,76,9,64,200,2,2,1,403.77
172,1,5,77,5,64,200,2,2,1,742.4
172,1,5,78,11,64,200,2,2,1,396.5
172,1,5,79,4,64,200,1,1,1,452.84
172,1,5,80,1,64,200,1,1,1,453.54
172,1,5,81,1,64,200,1,1,1,490.87
172,1,5,82,6,64,200,2,2,1,407.65
172,1,5,83,3,64,200,1,1,1,412.3
172,1,5,84,4,64,200,1,1,1,562.72
172,1,5,85,9,64,200,2,2,1,403.97
172,1,5,1,8,64,200,2,2,1,471.75
172,1,5,2,3,64,200,1,1,1,388.97
172,1,5,3,7,64,200,2,2,1,376.81
172,1,5,4,13,64,200,2,2,1,380.39
172,1,5,5,4,64,200,1,1,1,655.46
172,1,5,6,9,64,200,2,2,1,387.4
172,1,5,7,7,64,200,2,2,1,344.07
172,1,5,8,13,64,200,2,2,1,345.58
172,1,5,9,2,64,200,1,1,1,666.76
172,1,5,10,6,64,200,2,2,1,375.16
172,1,5,11,8,64,200,2,2,1,397.52
172,1,5,12,2,64,200,1,1,1,489.5
172,1,5,13,11,64,200,2,2,1,305.46
172,1,5,14,5,64,200,2,2,1,394.08
172,1,5,15,13,64,200,2,2,1,355.18
172,1,5,16,8,64,200,2,2,1,379.33
172,1,5,17,10,64,200,2,2,1,361.07
172,1,5,18,1,64,200,1,1,1,488.62
172,1,5,19,3,64,200,1,1,1,478.74
172,1,5,20,1,64,200,1,1,1,486.05
172,1,5,21,9,64,200,2,2,1,365.12
172,1,5,22,8,64,200,2,2,1,511.63
172,1,5,23,12,64,200,2,2,1,519.06
172,1,5,24,1,64,200,1,1,1,468.59
172,1,5,25,4,64,200,1,1,1,551.9
172,1,5,26,3,64,200,1,1,1,569.66
172,1,5,27,3,64,200,1,1,1,398.5
172,1,5,28,4,64,200,1,1,1,371.52
172,1,5,29,3,64,200,1,1,1,403.17
172,1,5,30,4,64,200,1,1,1,448.54
172,1,5,31,10,64,200,2,2,1,406.46
172,1,5,32,12,64,200,2,2,1,348.78
172,1,5,33,1,64,200,1,1,1,455.96
172,1,5,34,9,64,200,2,2,1,735.35
172,1,5,35,2,64,200,1,1,1,457.08
172,1,5,36,3,64,200,1,1,1,457.5
172,1,5,37,1,64,200,1,1,1,402.78
172,1,5,38,6,64,200,2,2,1,496.93
172,1,5,39,6,64,200,2,2,1,449.08
172,1,5,40,5,64,200,2,2,1,393.5
172,1,5,41,5,64,200,2,2,1,355.92
172,1,5,42,1,64,200,1,1,1,422.12
172,1,5,43,3,64,200,1,1,1,359.53
172,1,5,44,1,64,200,1,1,1,426.91
172,1,5,45,1,64,200,1,1,1,378.25
172,1,5,46,6,64,200,2,2,1,400.09
172,1,5,47,9,64,200,2,2,1,367.82
172,1,5,48,4,64,200,1,1,1,439.93
172,1,5,49,11,64,200,2,2,1,340.75
172,1,5,50,4,64,200,1,1,1,562.56
172,1,5,51,2,64,200,1,1,1,461.95
172,1,5,52,9,64,200,2,2,1,343.06
172,1,5,53,4,64,200,1,1,1,354.27
172,1,5,54,5,64,200,2,2,1,358.1
172,1,5,55,1,64,200,1,1,1,490.22
172,1,5,56,10,64,200,2,2,1,351.31
172,1,5,57,12,64,200,2,2,1,319.1
172,1,5,58,4,64,200,1,1,1,466.66
172,1,5,59,13,64,200,2,2,1,306.06
172,1,5,60,10,64,200,2,2,1,355.1
172,1,5,61,2,64,200,1,1,1,427
172,1,5,62,2,64,200,1,1,1,473.34
172,1,5,63,3,64,200,1,1,1,450.69
172,1,5,64,8,64,200,2,2,1,354.1
172,1,5,65,12,64,200,2,2,1,512.54
172,1,5,66,2,64,200,1,1,1,517.36
172,1,5,67,11,64,200,2,2,1,310.49
172,1,5,68,2,64,200,1,1,1,468.38
172,1,5,69,11,64,200,2,2,1,311.12
172,1,5,70,1,64,200,1,1,1,629.41
172,1,5,71,7,64,200,2,2,1,388.73
172,1,5,72,7,64,200,2,2,1,473.61
172,1,5,73,2,64,200,1,1,1,635.68
172,1,5,74,7,64,200,2,2,1,344.84
172,1,5,75,13,64,200,2,2,1,354.54
172,1,5,76,12,64,200,2,2,1,414.68
172,1,5,77,3,64,200,1,1,1,471.85
172,1,5,78,5,64,200,2,2,1,405.97
172,1,5,79,4,64,200,1,1,1,515.85
172,1,5,80,3,64,200,1,1,1,475.88
172,1,5,81,4,64,200,1,1,1,595.27
172,1,5,82,6,64,200,2,2,1,481.02
172,1,5,83,2,64,200,1,1,1,452.98
172,1,5,84,11,64,200,2,2,1,329.07
172,1,5,85,10,64,200,2,2,1,362.76
172,1,5,1,2,64,200,1,1,1,554.78
172,1,5,2,4,64,200,1,1,1,431.44
172,1,5,3,8,64,200,2,2,1,354.9
172,1,5,4,8,64,200,2,2,1,428.67
172,1,5,5,5,64,200,2,2,1,452.82
172,1,5,6,2,64,200,1,1,1,569.69
172,1,5,7,4,64,200,1,1,1,478.48
172,1,5,8,1,64,200,1,1,1,455.81
172,1,5,9,10,64,200,2,2,1,321.41
172,1,5,10,8,64,200,2,2,1,434.02
172,1,5,11,2,64,200,1,1,1,403
172,1,5,12,7,64,200,2,2,1,435.27
172,1,5,13,2,64,200,1,1,1,399.35
172,1,5,14,2,64,200,1,1,1,392.54
172,1,5,15,1,64,200,1,1,1,356.83
172,1,5,16,4,64,200,1,1,1,541.57
172,1,5,17,11,64,200,2,2,1,303.25
172,1,5,18,3,64,200,1,1,1,389.8
172,1,5,19,5,64,200,2,2,1,456.08
172,1,5,20,1,64,200,1,1,1,423.02
172,1,5,21,5,64,200,2,2,1,448.75
172,1,5,22,3,64,200,1,1,1,459.03
172,1,5,23,10,64,200,2,2,1,481.92
172,1,5,24,1,64,200,1,1,1,466.92
172,1,5,25,3,64,200,1,1,1,511.33
172,1,5,26,3,64,200,1,1,1,446.77
172,1,5,27,4,64,200,1,1,1,551.76
172,1,5,28,2,64,200,2,1,0,379.09
172,1,5,29,3,64,200,1,1,1,380.91
172,1,5,30,11,64,200,2,2,1,367.37
172,1,5,31,1,64,200,1,1,1,775.77
172,1,5,32,10,64,200,2,2,1,402.72
172,1,5,33,4,64,200,1,1,1,404.53
172,1,5,34,3,64,200,1,1,1,390.48
172,1,5,35,3,64,200,1,1,1,411.8
172,1,5,36,13,64,200,2,2,1,337.14
172,1,5,37,11,64,200,2,2,1,540.28
172,1,5,38,12,64,200,2,2,1,508.54
172,1,5,39,9,64,200,2,2,1,409.45
172,1,5,40,12,64,200,2,2,1,360.72
172,1,5,41,12,64,200,2,2,1,463.6
172,1,5,42,8,64,200,2,2,1,460.83
172,1,5,43,12,64,200,2,2,1,468.76
172,1,5,44,11,64,200,2,2,1,357.59
172,1,5,45,4,64,200,1,1,1,439.94
172,1,5,46,3,64,200,1,1,1,515.18
172,1,5,47,2,64,200,1,1,1,415.45
172,1,5,48,6,64,200,2,2,1,350.25
172,1,5,49,10,64,200,2,2,1,355.04
172,1,5,50,2,64,200,1,1,1,468.16
172,1,5,51,13,64,200,2,2,1,344.33
172,1,5,52,6,64,200,2,2,1,503.85
172,1,5,53,6,64,200,1,2,0,421.08
172,1,5,54,13,64,200,2,2,1,403.82
172,1,5,55,4,64,200,1,1,1,386
172,1,5,56,4,64,200,1,1,1,414.32
172,1,5,57,13,64,200,2,2,1,400.34
172,1,5,58,9,64,200,2,2,1,409.23
172,1,5,59,5,64,200,2,2,1,790.67
172,1,5,60,10,64,200,2,2,1,410.14
172,1,5,61,2,64,200,1,1,1,884.74
172,1,5,62,1,64,200,1,1,1,435.04
172,1,5,63,1,64,200,1,1,1,680.44
172,1,5,64,6,64,200,2,2,1,697.4
172,1,5,65,7,64,200,2,2,1,365.99
172,1,5,66,12,64,200,2,2,1,336.41
172,1,5,67,5,64,200,2,2,1,401.23
172,1,5,68,1,64,200,1,1,1,424.89
172,1,5,69,3,64,200,1,1,1,456.25
172,1,5,70,13,64,200,2,2,1,326.86
172,1,5,71,1,64,200,1,1,1,467.53
172,1,5,72,11,64,200,2,2,1,421.54
172,1,5,73,9,64,200,2,2,1,419.91
172,1,5,74,4,64,200,1,1,1,493.19
172,1,5,75,9,64,200,2,2,1,335.41
172,1,5,76,3,64,200,1,1,1,484
172,1,5,77,7,64,200,2,2,1,417.51
172,1,5,78,7,64,200,2,2,1,426.33
172,1,5,79,4,64,200,1,1,1,563.77
172,1,5,80,9,64,200,2,2,1,343.48
172,1,5,81,2,64,200,1,1,1,499.77
172,1,5,82,1,64,200,1,1,1,460.15
172,1,5,83,7,64,200,2,2,1,433.49
172,1,5,84,6,64,200,2,2,1,421.29
172,1,5,85,8,64,200,2,2,1,1093.1
172,1,5,1,9,64,200,2,2,1,667.08
172,1,5,2,6,64,200,2,2,1,409.59
172,1,5,3,6,64,200,2,2,1,350.66
172,1,5,4,3,64,200,1,1,1,588.12
172,1,5,5,4,64,200,1,1,1,665.86
172,1,5,6,8,64,200,2,2,1,385.39
172,1,5,7,3,64,200,1,1,1,615.78
172,1,5,8,12,64,200,2,2,1,404.24
172,1,5,9,11,64,200,2,2,1,401.64
172,1,5,10,2,64,200,1,1,1,483.41
172,1,5,11,3,64,200,1,1,1,407.11
172,1,5,12,3,64,200,1,1,1,485.89
172,1,5,13,2,64,200,1,1,1,414.51
172,1,5,14,3,64,200,1,1,1,445.83
172,1,5,15,1,64,200,1,1,1,401.48
172,1,5,16,12,64,200,2,2,1,373.97
172,1,5,17,6,64,200,2,2,1,469.04
172,1,5,18,4,64,200,1,1,1,451.32
172,1,5,19,4,64,200,1,1,1,465.02
172,1,5,20,4,64,200,1,1,1,455.16
172,1,5,21,8,64,200,2,2,1,357.81
172,1,5,22,4,64,200,1,1,1,602.19
172,1,5,23,3,64,200,1,1,1,387.47
172,1,5,24,12,64,200,2,2,1,339.7
172,1,5,25,4,64,200,1,1,1,454.88
172,1,5,26,10,64,200,2,2,1,384.78
172,1,5,27,1,64,200,1,1,1,425.09
172,1,5,28,9,64,200,2,2,1,336.63
172,1,5,29,2,64,200,1,1,1,493.82
172,1,5,30,10,64,200,2,2,1,419.7
172,1,5,31,2,64,200,1,1,1,395.43
172,1,5,32,5,64,200,2,2,1,606.25
172,1,5,33,1,64,200,1,1,1,622.3
172,1,5,34,1,64,200,1,1,1,443.81
172,1,5,35,3,64,200,1,1,1,442.6
172,1,5,36,1,64,200,1,1,1,387.67
172,1,5,37,7,64,200,2,2,1,378.67
172,1,5,38,9,64,200,2,2,1,489.79
172,1,5,39,2,64,200,1,1,1,558.84
172,1,5,40,11,64,200,2,2,1,571.12
172,1,5,41,8,64,200,2,2,1,644.58
172,1,5,42,6,64,200,2,2,1,495.5
172,1,5,43,2,64,200,1,1,1,523.45
172,1,5,44,13,64,200,2,2,1,517.9
172,1,5,45,7,64,200,2,2,1,726.01
172,1,5,46,10,64,200,2,2,1,375.76
172,1,5,47,4,64,200,1,1,1,506.17
172,1,5,48,7,64,200,2,2,1,357.8
172,1,5,49,11,64,200,2,2,1,366.86
172,1,5,50,5,64,200,2,2,1,593.1
172,1,5,51,5,64,200,2,2,1,521.41
172,1,5,52,1,64,200,1,1,1,655.74
172,1,5,53,10,64,200,2,2,1,448.96
172,1,5,54,1,64,200,1,1,1,468.27
172,1,5,55,7,64,200,2,2,1,319.1
172,1,5,56,3,64,200,1,1,1,464.2
172,1,5,57,11,64,200,2,2,1,425.58
172,1,5,58,2,64,200,1,1,1,560.78
172,1,5,59,9,64,200,2,2,1,296.74
172,1,5,60,2,64,200,1,1,1,458.68
172,1,5,61,8,64,200,2,2,1,379.79
172,1,5,62,13,64,200,2,2,1,346.92
172,1,5,63,11,64,200,2,2,1,501.59
172,1,5,64,2,64,200,2,1,0,387.93
172,1,5,65,3,64,200,1,1,1,389.21
172,1,5,66,4,64,200,1,1,1,407.28
172,1,5,67,4,64,200,1,1,1,486.26
172,1,5,68,5,64,200,2,2,1,542.95
172,1,5,69,4,64,200,1,1,1,508.68
172,1,5,70,9,64,200,2,2,1,320.73
172,1,5,71,13,64,200,2,2,1,402.05
172,1,5,72,5,64,200,2,2,1,441.12
172,1,5,73,12,64,200,2,2,1,368.79
172,1,5,74,12,64,200,2,2,1,414.16
172,1,5,75,8,64,200,2,2,1,474.04
172,1,5,76,1,64,200,1,1,1,463.55
172,1,5,77,6,64,200,2,2,1,370.79
172,1,5,78,1,64,200,1,1,1,400.22
172,1,5,79,1,64,200,1,1,1,420.26
172,1,5,80,10,64,200,2,2,1,367.23
172,1,5,81,7,64,200,2,2,1,475.29
172,1,5,82,2,64,200,1,1,1,492.59
172,1,5,83,13,64,200,2,2,1,281.16
172,1,5,84,13,64,200,2,2,1,284.37
172,1,5,85,3,64,200,1,1,1,472.16
172,1,5,1,7,64,200,2,2,1,434.63
172,1,5,2,7,64,200,2,2,1,543.18
172,1,5,3,5,64,200,2,2,1,346
172,1,5,4,3,64,200,1,1,1,488.4
172,1,5,5,4,64,200,1,1,1,431.71
172,1,5,6,11,64,200,2,2,1,345.94
172,1,5,7,11,64,200,2,2,1,308.9
172,1,5,8,2,64,200,1,1,1,506.92
172,1,5,9,2,64,200,1,1,1,473.58
172,1,5,10,11,64,200,2,2,1,332.22
172,1,5,11,13,64,200,2,2,1,366.48
172,1,5,12,4,64,200,1,1,1,505.46
172,1,5,13,8,64,200,2,2,1,387.86
172,1,5,14,7,64,200,2,2,1,388.89
172,1,5,15,3,64,200,1,1,1,487.01
172,1,5,16,1,64,200,1,1,1,437.3
172,1,5,17,2,64,200,1,1,1,441.97
172,1,5,18,1,64,200,1,1,1,450.3
172,1,5,19,8,64,200,2,2,1,334.99
172,1,5,20,7,64,200,2,2,1,437.25
172,1,5,21,6,64,200,2,2,1,374.01
172,1,5,22,2,64,200,1,1,1,412.27
172,1,5,23,3,64,200,1,1,1,442.06
172,1,5,24,3,64,200,1,1,1,428.71
172,1,5,25,12,64,200,2,2,1,359.46
172,1,5,26,8,64,200,2,2,1,348.18
172,1,5,27,3,64,200,1,1,1,442
172,1,5,28,3,64,200,1,1,1,374.65
172,1,5,29,2,64,200,1,1,1,466.22
172,1,5,30,5,64,200,2,2,1,444.79
172,1,5,31,7,64,200,2,2,1,362.37
172,1,5,32,6,64,200,2,2,1,336.55
172,1,5,33,1,64,200,1,1,1,405.8
172,1,5,34,2,64,200,1,1,1,512.44
172,1,5,35,10,64,200,2,2,1,397.18
172,1,5,36,4,64,200,1,1,1,519.64
172,1,5,37,2,64,200,2,1,0,344.18
172,1,5,38,2,64,200,1,1,1,371.34
172,1,5,39,12,64,200,2,2,1,397.77
172,1,5,40,1,64,200,1,1,1,477.05
172,1,5,41,1,64,200,1,1,1,454.15
172,1,5,42,9,64,200,2,2,1,368.64
172,1,5,43,4,64,200,1,1,1,444.77
172,1,5,44,3,64,200,1,1,1,458.25
172,1,5,45,1,64,200,1,1,1,447.86
172,1,5,46,10,64,200,2,2,1,508.36
172,1,5,47,12,64,200,2,2,1,655.34
172,1,5,48,6,64,200,2,2,1,410.18
172,1,5,49,5,64,200,2,2,1,364.01
172,1,5,50,6,64,200,2,2,1,348.41
172,1,5,51,8,64,200,2,2,1,441.61
172,1,5,52,2,64,200,1,1,1,480.87
172,1,5,53,1,64,200,1,1,1,566.56
172,1,5,54,12,64,200,2,2,1,348.98
172,1,5,55,9,64,200,2,2,1,354.59
172,1,5,56,13,64,200,2,2,1,339.53
172,1,5,57,5,64,200,2,2,1,340.94
172,1,5,58,5,64,200,2,2,1,394
172,1,5,59,10,64,200,2,2,1,335.43
172,1,5,60,2,64,200,1,1,1,677.66
172,1,5,61,1,64,200,1,1,1,487.41
172,1,5,62,4,64,200,1,1,1,464.41
172,1,5,63,12,64,200,2,2,1,365.05
172,1,5,64,11,64,200,2,2,1,302.75
172,1,5,65,10,64,200,2,2,1,325.17
172,1,5,66,9,64,200,2,2,1,291.32
172,1,5,67,4,64,200,1,1,1,438.82
172,1,5,68,8,64,200,2,2,1,402.44
172,1,5,69,10,64,200,2,2,1,299.53
172,1,5,70,4,64,200,1,1,1,490.9
172,1,5,71,13,64,200,2,2,1,311.46
172,1,5,72,13,64,200,2,2,1,297.15
172,1,5,73,4,64,200,1,1,1,504.34
172,1,5,74,9,64,200,2,2,1,330.09
172,1,5,75,1,64,200,1,1,1,413.21
172,1,5,76,1,64,200,1,1,1,496.21
172,1,5,77,3,64,200,1,1,1,444.18
172,1,5,78,11,64,200,2,2,1,335.79
172,1,5,79,3,64,200,1,1,1,443.75
172,1,5,80,4,64,200,1,1,1,389.79
172,1,5,81,4,64,200,1,1,1,473
172,1,5,82,6,64,200,2,2,1,766.32
172,1,5,83,9,64,200,2,2,1,423.26
172,1,5,84,13,64,200,2,2,1,330.94
172,1,5,85,3,64,200,1,1,1,446.36
172,1,5,1,3,64,200,1,1,1,526.73
172,1,5,2,2,64,200,1,1,1,440.46
172,1,5,3,11,64,200,2,2,1,328.27
172,1,5,4,1,64,200,1,1,1,678.05
172,1,5,5,8,64,200,1,2,0,513.75
172,1,5,6,4,64,200,1,1,1,432.93
172,1,5,7,5,64,200,2,2,1,413.72
172,1,5,8,4,64,200,2,1,0,377.27
172,1,5,9,5,64,200,2,2,1,541.12
172,1,5,10,11,64,200,2,2,1,441.9
172,1,5,11,12,64,200,2,2,1,501.51
172,1,5,12,3,64,200,1,1,1,467.8
172,1,5,13,13,64,200,2,2,1,471.45
172,1,5,14,1,64,200,1,1,1,429.06
172,1,5,15,7,64,200,2,2,1,422.39
172,1,5,16,4,64,200,2,1,0,394.72
172,1,5,17,5,64,200,2,2,1,520.87
172,1,5,18,10,64,200,2,2,1,344.28
172,1,5,19,11,64,200,2,2,1,422.99
172,1,5,20,3,64,200,1,1,1,400.73
172,1,5,21,1,64,200,1,1,1,471.66
172,1,5,22,6,64,200,2,2,1,476.6
172,1,5,23,3,64,200,1,1,1,423.47
172,1,5,24,7,64,200,2,2,1,357.62
172,1,5,25,5,64,200,2,2,1,477.87
172,1,5,26,10,64,200,2,2,1,333.47
172,1,5,27,1,64,200,1,1,1,464.15
172,1,5,28,13,64,200,2,2,1,432.22
172,1,5,29,2,64,200,1,1,1,426.03
172,1,5,30,2,64,200,1,1,1,464.06
172,1,5,31,9,64,200,2,2,1,408.66
172,1,5,32,4,64,200,1,1,1,416.14
172,1,5,33,1,64,200,1,1,1,418.37
172,1,5,34,1,64,200,1,1,1,522.8
172,1,5,35,3,64,200,1,1,1,572.3
172,1,5,36,12,64,200,2,2,1,367.98
172,1,5,37,4,64,200,1,1,1,456.17
172,1,5,38,11,64,200,2,2,1,314.69
172,1,5,39,1,64,200,1,1,1,398.55
172,1,5,40,8,64,200,2,2,1,430.98
172,1,5,41,2,64,200,1,1,1,419.24
172,1,5,42,9,64,200,2,2,1,466.15
172,1,5,43,9,64,200,2,2,1,370.89
172,1,5,44,2,64,200,1,1,1,448.69
172,1,5,45,11,64,200,2,2,1,429.85
172,1,5,46,8,64,200,2,2,1,639.03
172,1,5,47,2,64,200,1,1,1,446.81
172,1,5,48,3,64,200,1,1,1,420.79
172,1,5,49,1,64,200,1,1,1,371.61
172,1,5,50,4,64,200,1,1,1,380.78
172,1,5,51,1,64,200,1,1,1,396.85
172,1,5,52,6,64,200,2,2,1,440.83
172,1,5,53,7,64,200,2,2,1,494.24
172,1,5,54,3,64,200,1,1,1,467.22
172,1,5,55,9,64,200,2,2,1,339.87
172,1,5,56,1,64,200,1,1,1,430.69
172,1,5,57,2,64,200,1,1,1,421.12
172,1,5,58,3,64,200,1,1,1,416.68
172,1,5,59,7,64,200,2,2,1,405.18
172,1,5,60,13,64,200,2,2,1,376.89
172,1,5,61,4,64,200,1,1,1,463.17
172,1,5,62,2,64,200,1,1,1,418.83
172,1,5,63,5,64,200,2,2,1,361.01
172,1,5,64,2,64,200,1,1,1,501.84
172,1,5,65,6,64,200,2,2,1,396.06
172,1,5,66,6,64,200,2,2,1,393.46
172,1,5,67,4,64,200,1,1,1,591.79
172,1,5,68,8,64,200,2,2,1,345.85
172,1,5,69,4,64,200,1,1,1,510.45
172,1,5,70,10,64,200,2,2,1,610.58
172,1,5,71,8,64,200,2,2,1,921.7
172,1,5,72,7,64,200,2,2,1,363.74
172,1,5,73,13,64,200,2,2,1,371.26
172,1,5,74,10,64,200,2,2,1,366.88
172,1,5,75,9,64,200,2,2,1,382.97
172,1,5,76,12,64,200,2,2,1,326.37
172,1,5,77,10,64,200,2,2,1,262.44
172,1,5,78,13,64,200,2,2,1,354.96
172,1,5,79,4,64,200,1,1,1,868.31
172,1,5,80,2,64,200,1,1,1,571.96
172,1,5,81,12,64,200,2,2,1,353.04
172,1,5,82,3,64,200,1,1,1,433.08
172,1,5,83,12,64,200,2,2,1,300.43
172,1,5,84,6,64,200,2,2,1,676.13
172,1,5,85,3,64,200,1,1,1,419.92
