172,1,6,1,7,64,200,2,2,1,786.79
172,1,6,2,2,64,200,1,1,1,579.27
172,1,6,3,4,64,200,1,1,1,696.5
172,1,6,4,8,64,200,2,2,1,382.53
172,1,6,5,6,64,200,2,2,1,464.2
172,1,6,6,3,64,200,1,1,1,493.46
172,1,6,7,4,64,200,1,1,1,601.76
172,1,6,8,3,64,200,1,1,1,663.31
172,1,6,9,2,64,200,1,1,1,482.59
172,1,6,10,5,64,200,2,2,1,378.8
172,1,6,11,13,64,200,2,2,1,468.46
172,1,6,12,11,64,200,2,2,1,354.66
172,1,6,13,10,64,200,2,2,1,479.1
172,1,6,14,1,64,200,1,1,1,389.04
172,1,6,15,1,64,200,1,1,1,489.78
172,1,6,16,9,64,200,2,2,1,432.92
172,1,6,17,12,64,200,2,2,1,613.08
172,1,6,18,10,64,200,2,2,1,455.51
172,1,6,19,4,64,200,1,1,1,442.91
172,1,6,20,9,64,200,2,2,1,438.71
172,1,6,21,3,64,200,1,1,1,429.38
172,1,6,22,4,64,200,1,1,1,457.12
172,1,6,23,5,64,200,2,2,1,404.7
172,1,6,24,4,64,200,1,1,1,423.24
172,1,6,25,13,64,200,2,2,1,393.03
172,1,6,26,12,64,200,2,2,1,405.1
172,1,6,27,7,64,200,2,2,1,373.24
172,1,6,28,11,64,200,2,2,1,334.56
172,1,6,29,2,64,200,1,1,1,440.27
172,1,6,30,3,64,200,1,1,1,483.12
172,1,6,31,11,64,200,2,2,1,329.13
172,1,6,32,2,64,200,1,1,1,486.37
172,1,6,33,7,64,200,2,2,1,486.24
172,1,6,34,9,64,200,2,2,1,335.88
172,1,6,35,10,64,200,2,2,1,327.4
172,1,6,36,2,64,200,1,1,1,653.7
172,1,6,37,7,64,200,2,2,1,1017.7
172,1,6,38,5,64,200,2,2,1,817.03
172,1,6,39,1,64,200,1,1,1,854.05
172,1,6,40,10,64,200,2,2,1,444.89
172,1,6,41,1,64,200,1,1,1,709.92
172,1,6,42,6,64,200,2,2,1,356.99
172,1,6,43,1,64,200,1,1,1,472.12
172,1,6,44,12,64,200,2,2,1,405.88
172,1,6,45,4,64,200,1,1,1,543.74
172,1,6,46,2,64,200,1,1,1,463.52
172,1,6,47,8,64,200,2,2,1,389.13
172,1,6,48,7,64,200,2,2,1,512.5
172,1,6,49,3,64,200,1,1,1,457.96
172,1,6,50,11,64,200,2,2,1,300.85
172,1,6,51,12,64,200,2,2,1,334.75
172,1,6,52,2,64,200,1,1,1,426.59
172,1,6,53,6,64,200,2,2,1,505.11
172,1,6,54,5,64,200,2,2,1,477.4
172,1,6,55,1,64,200,1,1,1,433.97
172,1,6,56,4,64,200,1,1,1,428.45
172,1,6,57,9,64,200,2,2,1,405.1
172,1,6,58,4,64,200,1,1,1,411.07
172,1,6,59,8,64,200,2,2,1,419
172,1,6,60,10,64,200,2,2,1,420.68
172,1,6,61,13,64,200,2,2,1,376.46
172,1,6,62,4,64,200,1,1,1,463.11
172,1,6,63,6,64,200,2,2,1,430.08
172,1,6,64,3,64,200,1,1,1,567.04
172,1,6,65,4,64,200,1,1,1,542.21
172,1,6,66,12,64,200,2,2,1,388.7
172,1,6,67,2,64,200,1,1,1,613.51
172,1,6,68,3,64,200,1,1,1,471.27
172,1,6,69,3,64,200,1,1,1,417.86
172,1,6,70,13,64,200,2,2,1,334.2
172,1,6,71,5,64,200,2,2,1,448.44
172,1,6,72,1,64,200,1,1,1,513.87
172,1,6,73,11,64,200,2,2,1,598.28
172,1,6,74,8,64,200,2,2,1,555.21
172,1,6,75,6,64,200,2,2,1,464.26
172,1,6,76,8,64,200,2,2,1,362.31
172,1,6,77,3,64,200,1,1,1,490.97
172,1,6,78,4,64,200,1,1,1,426.42
172,1,6,79,3,64,200,1,1,1,453.07
172,1,6,80,11,64,200,2,2,1,411.42
172,1,6,81,1,64,200,1,1,1,443.93
172,1,6,82,7,64,200,2,2,1,623.08
172,1,6,83,2,64,200,1,1,1,552.71
172,1,6,84,8,64,200,2,2,1,478.39
172,1,6,85,6,64,200,2,2,1,460.26
172,1,6,86,1,64,200,1,1,1,452.89
172,1,6,87,13,64,200,2,2,1,404.04
172,1,6,88,10,64,200,2,2,1,427.78
172,1,6,89,12,64,200,2,2,1,869.47
172,1,6,90,1,64,200,1,1,1,383.27
172,1,6,91,9,64,200,2,2,1,480.4
172,1,6,92,2,64,200,1,1,1,467.7
172,1,6,93,1,64,200,1,1,1,551.84
172,1,6,94,9,64,200,2,2,1,587.38
172,1,6,95,13,64,200,2,2,1,362.49
172,1,6,96,4,64,200,1,1,1,468.58
172,1,6,97,3,64,200,1,1,1,577.47
172,1,6,98,2,64,200,1,1,1,489.76
172,1,6,99,3,64,200,1,1,1,466.35
172,1,6,100,2,64,200,1,1,1,825.27
172,1,6,101,5,64,200,2,2,1,502.61
172,1,6,102,1,64,200,1,1,1,468.62
172,1,6,1,7,64,200,2,2,1,506.47
172,1,6,2,4,64,200,1,1,1,907.3
172,1,6,3,11,64,200,2,2,1,390.12
172,1,6,4,1,64,200,1,1,1,458.59
172,1,6,5,1,64,200,1,1,1,461.83
172,1,6,6,3,64,200,1,1,1,729.19
172,1,6,7,8,64,200,2,2,1,610.59
172,1,6,8,2,64,200,1,1,1,472.12
172,1,6,9,3,64,200,1,1,1,484.93
172,1,6,10,10,64,200,2,2,1,429.42
172,1,6,11,5,64,200,2,2,1,532.22
172,1,6,12,7,64,200,2,2,1,405.67
172,1,6,13,1,64,200,1,1,1,503.94
172,1,6,14,9,64,200,2,2,1,441.51
172,1,6,15,1,64,200,1,1,1,488.93
172,1,6,16,12,64,200,2,2,1,378.08
172,1,6,17,2,64,200,1,1,1,521.14
172,1,6,18,13,64,200,2,2,1,349.01
172,1,6,19,10,64,200,2,2,1,452.37
172,1,6,20,1,64,200,1,1,1,499.75
172,1,6,21,2,64,200,1,1,1,570.64
172,1,6,22,13,64,200,2,2,1,369.91
172,1,6,23,8,64,200,2,2,1,383.43
172,1,6,24,8,64,200,2,2,1,560.25
172,1,6,25,3,64,200,1,1,1,597.49
172,1,6,26,6,64,200,2,2,1,662.1
172,1,6,27,2,64,200,1,1,1,488.05
172,1,6,28,11,64,200,2,2,1,414.86
172,1,6,29,1,64,200,1,1,1,550.73
172,1,6,30,4,64,200,1,1,1,804.11
172,1,6,31,2,64,200,1,1,1,482.22
172,1,6,32,8,64,200,2,2,1,386.11
172,1,6,33,4,64,200,1,1,1,447.85
172,1,6,34,1,64,200,1,1,1,454.29
172,1,6,35,3,64,200,1,1,1,481.96
172,1,6,36,13,64,200,2,2,1,425.73
172,1,6,37,3,64,200,1,1,1,473.14
172,1,6,38,5,64,200,2,2,1,478.33
172,1,6,39,10,64,200,2,2,1,392.19
172,1,6,40,12,64,200,2,2,1,396.71
172,1,6,41,4,64,200,1,1,1,685.21
172,1,6,42,1,64,200,1,1,1,464.32
172,1,6,43,3,64,200,1,1,1,501.81
172,1,6,44,3,64,200,1,1,1,698.58
172,1,6,45,9,64,200,2,2,1,397.57
172,1,6,46,5,64,200,2,2,1,721.19
172,1,6,47,11,64,200,2,2,1,608.82
172,1,6,48,12,64,200,2,2,1,472.95
172,1,6,49,1,64,200,1,1,1,592.08
172,1,6,50,4,64,200,1,1,1,711.67
172,1,6,51,4,64,200,1,1,1,668.42
172,1,6,52,4,64,200,1,1,1,713.62
172,1,6,53,11,64,200,2,2,1,454.66
172,1,6,54,1,64,200,1,1,1,538.22
172,1,6,55,3,64,200,1,1,1,721.22
172,1,6,56,12,64,200,2,2,1,736.16
172,1,6,57,2,64,200,1,1,1,861.44
172,1,6,58,13,64,200,2,2,1,397.76
172,1,6,59,9,64,200,2,2,1,452.12
172,1,6,60,10,64,200,2,2,1,550.09
172,1,6,61,7,64,200,2,2,1,599.77
172,1,6,62,12,64,200,2,2,1,371.51
172,1,6,63,2,64,200,1,1,1,663.45
172,1,6,64,9,64,200,2,2,1,562.08
172,1,6,65,2,64,200,1,1,1,503.85
172,1,6,66,7,64,200,2,2,1,532.65
172,1,6,67,2,64,200,1,1,1,491.1
172,1,6,68,4,64,200,1,1,1,733.92
172,1,6,69,6,64,200,2,2,1,521.68
172,1,6,70,8,64,200,2,2,1,450
172,1,6,71,6,64,200,2,2,1,447.43
172,1,6,72,6,64,200,2,2,1,584.27
172,1,6,73,5,64,200,2,2,1,512.84
172,1,6,74,3,64,200,1,1,1,472.58
172,1,6,75,5,64,200,2,2,1,497.06
172,1,6,76,10,64,200,2,2,1,383.72
172,1,6,77,2,64,200,1,1,1,557.52
172,1,6,78,9,64,200,2,2,1,376.66
172,1,6,79,11,64,200,2,2,1,375.66
172,1,6,80,6,64,200,2,2,1,399.34
172,1,6,81,13,64,200,2,2,1,403.53
172,1,6,82,4,64,200,1,1,1,529.62
172,1,6,83,3,64,200,1,1,1,509.79
172,1,6,84,7,64,200,2,2,1,506.72
172,1,6,85,4,64,200,1,1,1,676.85
172,1,6,1,7,64,200,2,2,1,1227
172,1,6,2,6,64,200,2,2,1,542.22
172,1,6,3,8,64,200,2,2,1,632.75
172,1,6,4,7,64,200,2,2,1,813.94
172,1,6,5,9,64,200,2,2,1,735.71
172,1,6,6,4,64,200,1,1,1,787.91
172,1,6,7,3,64,200,2,1,0,687.46
172,1,6,8,11,64,200,2,2,1,608.62
172,1,6,9,4,64,200,1,1,1,564.17
172,1,6,10,3,64,200,1,1,1,515.76
172,1,6,11,7,64,200,2,2,1,522.92
172,1,6,12,11,64,200,2,2,1,450.31
172,1,6,13,9,64,200,2,2,1,1441.2
172,1,6,14,2,64,200,1,1,1,662.68
172,1,6,15,1,64,200,1,1,1,679.34
172,1,6,16,4,64,200,1,1,1,653.76
172,1,6,17,3,64,200,1,1,1,828.76
172,1,6,18,2,64,200,1,1,1,915.85
172,1,6,19,5,64,200,2,2,1,2513.7
172,1,6,20,3,64,200,1,1,1,747.9
172,1,6,21,4,64,200,1,1,1,645.46
172,1,6,22,10,64,200,2,2,1,385.37
172,1,6,23,3,64,200,2,1,0,1087.8
172,1,6,24,11,64,200,2,2,1,556.36
172,1,6,25,8,64,200,2,2,1,1275.6
172,1,6,26,3,64,200,1,1,1,541.54
172,1,6,27,8,64,200,2,2,1,984.17
172,1,6,28,2,64,200,1,1,1,664.88
172,1,6,29,4,64,200,1,1,1,962.11
172,1,6,30,2,64,200,1,1,1,669.7
172,1,6,31,2,64,200,1,1,1,605.62
172,1,6,32,5,64,200,2,2,1,540.54
172,1,6,33,7,64,200,2,2,1,3467.9
172,1,6,34,1,64,200,1,1,1,1058.9
172,1,6,35,13,64,200,2,2,1,1064.8
172,1,6,36,2,64,200,1,1,1,1067.8
172,1,6,37,5,64,200,2,2,1,917.96
172,1,6,38,12,64,200,2,2,1,836.34
172,1,6,39,8,64,200,2,2,1,935.09
172,1,6,40,11,64,200,2,2,1,1354
172,1,6,41,13,64,200,2,2,1,1583.6
172,1,6,42,11,64,200,2,2,1,855.52
172,1,6,43,4,64,200,1,1,1,736.06
172,1,6,44,10,64,200,2,2,1,374.01
172,1,6,45,12,64,200,2,2,1,632.22
172,1,6,46,12,64,200,2,2,1,482.48
172,1,6,47,5,64,200,2,2,1,506
172,1,6,48,10,64,200,2,2,1,749.67
172,1,6,49,13,64,200,2,2,1,585.59
172,1,6,50,3,64,200,1,1,1,653.92
172,1,6,51,4,64,200,1,1,1,673.95
172,1,6,52,2,64,200,1,1,1,458.51
172,1,6,53,1,64,200,1,1,1,453.73
172,1,6,54,3,64,200,1,1,1,430.48
172,1,6,55,1,64,200,1,1,1,597.32
172,1,6,56,1,64,200,1,1,1,444.83
172,1,6,57,6,64,200,2,2,1,654.03
172,1,6,58,10,64,200,2,2,1,826.02
172,1,6,59,12,64,200,2,2,1,602.05
172,1,6,60,2,64,200,1,1,1,602.06
172,1,6,61,1,64,200,1,1,1,556.33
172,1,6,62,1,64,200,1,1,1,1028.2
172,1,6,63,8,64,200,2,2,1,497.75
172,1,6,64,9,64,200,2,2,1,523.43
172,1,6,65,3,64,200,1,1,1,604.44
172,1,6,66,5,64,200,2,2,1,536.14
172,1,6,67,4,64,200,1,1,1,757.35
172,1,6,68,2,64,200,1,1,1,552.53
172,1,6,69,6,64,200,2,2,1,988.67
172,1,6,70,7,64,200,1,2,0,559.63
172,1,6,71,10,64,200,2,2,1,430.94
172,1,6,72,12,64,200,2,2,1,658.12
172,1,6,73,13,64,200,2,2,1,639.14
172,1,6,74,4,64,200,1,1,1,821.47
172,1,6,75,1,64,200,1,1,1,553.25
172,1,6,76,2,64,200,1,1,1,932.43
172,1,6,77,4,64,200,1,1,1,680.65
172,1,6,78,9,64,200,2,2,1,1408.6
172,1,6,79,1,64,200,1,1,1,546.57
172,1,6,80,1,64,200,1,1,1,514.16
172,1,6,81,6,64,200,2,2,1,520.91
172,1,6,82,9,64,200,2,2,1,898.78
172,1,6,83,3,64,200,1,1,1,693.94
172,1,6,84,13,64,200,2,2,1,941.71
172,1,6,85,6,64,200,2,2,1,672.33
172,1,6,1,11,64,200,2,2,1,863.02
172,1,6,2,3,64,200,1,1,1,1258.6
172,1,6,3,2,64,200,1,1,1,1220.8
172,1,6,4,4,64,200,1,1,1,833.72
172,1,6,5,2,64,200,1,1,1,854.05
172,1,6,6,1,64,200,1,1,1,715.82
172,1,6,7,9,64,200,2,2,1,648.36
172,1,6,8,3,64,200,1,1,1,448.52
172,1,6,9,11,64,200,2,2,1,576.26
172,1,6,10,13,64,200,2,2,1,885.16
172,1,6,11,6,64,200,2,2,1,828.63
172,1,6,12,8,64,200,2,2,1,643.36
172,1,6,13,10,64,200,2,2,1,1056.6
172,1,6,14,13,64,200,2,2,1,1545.7
172,1,6,15,4,64,200,1,1,1,1239.6
172,1,6,16,4,64,200,1,1,1,834.46
172,1,6,17,6,64,200,2,2,1,988.82
172,1,6,18,10,64,200,2,2,1,765.81
172,1,6,19,3,64,200,1,1,1,764
172,1,6,20,12,64,200,2,2,1,932.46
172,1,6,21,11,64,200,2,2,1,391.33
172,1,6,22,4,64,200,1,1,1,1170.7
172,1,6,23,1,64,200,1,1,1,510.85
172,1,6,24,7,64,200,2,2,1,633.46
172,1,6,25,1,64,200,1,1,1,849.58
172,1,6,26,9,64,200,2,2,1,519.78
172,1,6,27,4,64,200,1,1,1,518.83
172,1,6,28,3,64,200,1,1,1,542.64
172,1,6,29,9,64,200,2,2,1,406.44
172,1,6,30,3,64,200,1,1,1,521.41
172,1,6,31,6,64,200,2,2,1,567.72
172,1,6,32,1,64,200,1,1,1,633.33
172,1,6,33,2,64,200,1,1,1,508.57
172,1,6,34,5,64,200,2,2,1,519.69
172,1,6,35,12,64,200,2,2,1,464.57
172,1,6,36,9,64,200,2,2,1,603.12
172,1,6,37,2,64,200,1,1,1,477.61
172,1,6,38,3,64,200,1,1,1,525.96
172,1,6,39,8,64,200,2,2,1,671.9
172,1,6,40,1,64,200,1,1,1,482.05
172,1,6,41,13,64,200,2,2,1,484.77
172,1,6,42,5,64,200,2,2,1,647.42
172,1,6,43,7,64,200,2,2,1,617.18
172,1,6,44,7,64,200,2,2,1,708.43
172,1,6,45,2,64,200,1,1,1,847.37
172,1,6,46,7,64,200,2,2,1,620.12
172,1,6,47,5,64,200,2,2,1,568.42
172,1,6,48,1,64,200,1,1,1,584.98
172,1,6,49,11,64,200,2,2,1,568.92
172,1,6,50,5,64,200,2,2,1,511.52
172,1,6,51,2,64,200,1,1,1,761.03
172,1,6,52,8,64,200,2,2,1,450.46
172,1,6,53,8,64,200,2,2,1,591.86
172,1,6,54,4,64,200,1,1,1,607.3
172,1,6,55,4,64,200,1,1,1,578.44
172,1,6,56,11,64,200,2,2,1,846.84
172,1,6,57,1,64,200,1,1,1,519.48
172,1,6,58,2,64,200,1,1,1,556.35
172,1,6,59,10,64,200,2,2,1,455.75
172,1,6,60,4,64,200,1,1,1,490.39
172,1,6,61,4,64,200,1,1,1,535.32
172,1,6,62,4,64,200,1,1,1,497.19
172,1,6,63,12,64,200,2,2,1,1718.5
172,1,6,64,3,64,200,1,1,1,699.23
172,1,6,65,1,64,200,1,1,1,422.41
172,1,6,66,13,64,200,2,2,1,573.71
172,1,6,67,3,64,200,1,1,1,583.86
172,1,6,68,10,64,200,2,2,1,523.74
172,1,6,69,10,64,200,2,2,1,661.36
172,1,6,70,13,64,200,2,2,1,484.77
172,1,6,71,3,64,200,1,1,1,507.29
172,1,6,72,6,64,200,2,2,1,573.2
172,1,6,73,2,64,200,1,1,1,488.07
172,1,6,74,12,64,200,2,2,1,674.19
172,1,6,75,8,64,200,2,2,1,888.99
172,1,6,76,1,64,200,1,1,1,482.88
172,1,6,77,2,64,200,1,1,1,462.54
172,1,6,78,12,64,200,2,2,1,627.84
172,1,6,79,7,64,200,2,2,1,551.63
172,1,6,80,6,64,200,2,2,1,427.09
172,1,6,81,3,64,200,1,1,1,484.11
172,1,6,82,5,64,200,2,2,1,527.89
172,1,6,83,1,64,200,1,1,1,792.32
172,1,6,84,9,64,200,2,2,1,536.31
172,1,6,85,2,64,200,1,1,1,678.76
172,1,6,1,13,64,200,2,2,1,1278
172,1,6,2,6,64,200,2,2,1,542.82
172,1,6,3,7,64,200,2,2,1,802.96
172,1,6,4,2,64,200,1,1,1,731.91
172,1,6,5,2,64,200,1,1,1,570.06
172,1,6,6,3,64,200,1,1,1,789.36
172,1,6,7,11,64,200,2,2,1,437.41
172,1,6,8,3,64,200,1,1,1,771.81
172,1,6,9,12,64,200,2,2,1,1171.2
172,1,6,10,4,64,200,1,1,1,577.5
172,1,6,11,2,64,200,1,1,1,490.48
172,1,6,12,4,64,200,1,1,1,598.96
172,1,6,13,2,64,200,1,1,1,464.65
172,1,6,14,5,64,200,2,2,1,614.04
172,1,6,15,4,64,200,1,1,1,497.92
172,1,6,16,10,64,200,2,2,1,555.87
172,1,6,17,4,64,200,1,1,1,764.05
172,1,6,18,5,64,200,2,2,1,581.77
172,1,6,19,8,64,200,2,2,1,771.87
172,1,6,20,13,64,200,2,2,1,984.05
172,1,6,21,6,64,200,2,2,1,497.58
172,1,6,22,3,64,200,1,1,1,593.06
172,1,6,23,9,64,200,2,2,1,2020.8
172,1,6,24,1,64,200,1,1,1,527.27
172,1,6,25,1,64,200,1,1,1,1127.8
172,1,6,26,9,64,200,2,2,1,503.71
172,1,6,27,3,64,200,1,1,1,503.55
172,1,6,28,11,64,200,2,2,1,665.23
172,1,6,29,2,64,200,1,1,1,821.89
172,1,6,30,4,64,200,1,1,1,697.93
172,1,6,31,8,64,200,2,2,1,535.44
172,1,6,32,13,64,200,2,2,1,912.49
172,1,6,33,3,64,200,1,1,1,555.39
172,1,6,34,2,64,200,1,1,1,622.84
172,1,6,35,9,64,200,2,2,1,1046.7
172,1,6,36,11,64,200,2,2,1,483.82
172,1,6,37,1,64,200,1,1,1,540.72
172,1,6,38,1,64,200,1,1,1,432.01
172,1,6,39,3,64,200,1,1,1,423.2
172,1,6,40,3,64,200,1,1,1,521.13
172,1,6,41,9,64,200,2,2,1,532.25
172,1,6,42,7,64,200,2,2,1,547.86
172,1,6,43,13,64,200,2,2,1,371.12
172,1,6,44,13,64,200,2,2,1,1486.7
172,1,6,45,4,64,200,1,1,1,466.19
172,1,6,46,4,64,200,1,1,1,1150.8
172,1,6,47,12,64,200,2,2,1,456.97
172,1,6,48,1,64,200,1,1,1,794.94
172,1,6,49,7,64,200,2,2,1,866.65
172,1,6,50,1,64,200,1,1,1,497.7
172,1,6,51,1,64,200,1,1,1,818.34
172,1,6,52,2,64,200,1,1,1,990.46
172,1,6,53,4,64,200,1,1,1,493.71
172,1,6,54,1,64,200,1,1,1,564.31
172,1,6,55,4,64,200,1,1,1,610.66
172,1,6,56,10,64,200,2,2,1,439.35
172,1,6,57,8,64,200,2,2,1,582.16
172,1,6,58,8,64,200,2,2,1,558.89
172,1,6,59,5,64,200,2,2,1,623.92
172,1,6,60,2,64,200,1,1,1,473.09
172,1,6,61,7,64,200,2,2,1,469.31
172,1,6,62,12,64,200,2,2,1,394.22
172,1,6,63,12,64,200,2,2,1,782.4
172,1,6,64,10,64,200,2,2,1,1348
172,1,6,65,6,64,200,2,2,1,734.84
172,1,6,66,1,64,200,1,1,1,832.03
172,1,6,67,2,64,200,1,1,1,695.99
172,1,6,68,3,64,200,1,1,1,564.16
172,1,6,69,8,64,200,2,2,1,599.73
172,1,6,70,10,64,200,2,2,1,545.22
172,1,6,71,5,64,200,2,2,1,550.92
172,1,6,72,11,64,200,2,2,1,479.72
172,1,6,73,3,64,200,1,1,1,1407.8
172,1,6,74,6,64,200,2,2,1,594.17
172,1,6,75,10,64,200,2,2,1,673.18
172,1,6,76,6,64,200,2,2,1,1446.9
172,1,6,77,9,64,200,2,2,1,626.91
172,1,6,78,3,64,200,1,1,1,579.99
172,1,6,79,7,64,200,2,2,1,818.49
172,1,6,80,2,64,200,1,1,1,687.96
172,1,6,81,1,64,200,1,1,1,511.3
172,1,6,82,11,64,200,2,2,1,350.05
172,1,6,83,12,64,200,2,2,1,728.21
172,1,6,84,4,64,200,1,1,1,1437.7
172,1,6,85,5,64,200,2,2,1,666.44
172,1,6,1,3,64,200,1,1,1,744.79
172,1,6,2,11,64,200,2,2,1,804.97
172,1,6,3,3,64,200,1,1,1,451.36
172,1,6,4,2,64,200,1,1,1,560.55
172,1,6,5,2,64,200,1,1,1,882.35
172,1,6,6,3,64,200,1,1,1,641.85
172,1,6,7,7,64,200,2,2,1,1039.3
172,1,6,8,4,64,200,1,1,1,642.71
172,1,6,9,1,64,200,1,1,1,1259
172,1,6,10,7,64,200,2,2,1,531.54
172,1,6,11,2,64,200,1,1,1,559.57
172,1,6,12,7,64,200,2,2,1,674.24
172,1,6,13,2,64,200,1,1,1,489.07
172,1,6,14,13,64,200,2,2,1,362.81
172,1,6,15,4,64,200,1,1,1,431.03
172,1,6,16,5,64,200,2,2,1,502.37
172,1,6,17,4,64,200,1,1,1,486.38
172,1,6,18,10,64,200,2,2,1,555.33
172,1,6,19,4,64,200,1,1,1,733.69
172,1,6,20,10,64,200,2,2,1,622.7
172,1,6,21,6,64,200,2,2,1,551.69
172,1,6,22,3,64,200,1,1,1,512.39
172,1,6,23,5,64,200,2,2,1,422.42
172,1,6,24,3,64,200,1,1,1,511.05
172,1,6,25,12,64,200,2,2,1,503.23
172,1,6,26,11,64,200,2,2,1,481.21
172,1,6,27,6,64,200,2,2,1,514.19
172,1,6,28,11,64,200,2,2,1,815.41
172,1,6,29,10,64,200,2,2,1,473.71
172,1,6,30,11,64,200,2,2,1,585.47
172,1,6,31,8,64,200,2,2,1,588.46
172,1,6,32,9,64,200,1,2,0,689.94
172,1,6,33,6,64,200,2,2,1,311.17
172,1,6,34,1,64,200,1,1,1,718.17
172,1,6,35,2,64,200,1,1,1,688.07
172,1,6,36,8,64,200,2,2,1,934.53
172,1,6,37,2,64,200,1,1,1,662.35
172,1,6,38,2,64,200,1,1,1,934.37
172,1,6,39,1,64,200,1,1,1,599.92
172,1,6,40,2,64,200,1,1,1,541.42
172,1,6,41,3,64,200,1,1,1,532.62
172,1,6,42,12,64,200,2,2,1,917.22
172,1,6,43,2,64,200,1,1,1,731.59
172,1,6,44,4,64,200,1,1,1,456.47
172,1,6,45,12,64,200,2,2,1,429.88
172,1,6,46,6,64,200,2,2,1,571.95
172,1,6,47,10,64,200,2,2,1,408.39
172,1,6,48,9,64,200,2,2,1,400.62
172,1,6,49,3,64,200,1,1,1,570.5
172,1,6,50,7,64,200,2,2,1,502.74
172,1,6,51,4,64,200,1,1,1,649.86
172,1,6,52,4,64,200,1,1,1,570.81
172,1,6,53,4,64,200,1,1,1,711.47
172,1,6,54,5,64,200,2,2,1,474.69
172,1,6,55,1,64,200,1,1,1,414.38
172,1,6,56,8,64,200,2,2,1,536.71
172,1,6,57,10,64,200,2,2,1,466.27
172,1,6,58,9,64,200,2,2,1,477.27
172,1,6,59,13,64,200,2,2,1,1322.9
172,1,6,60,3,64,200,1,1,1,576.02
172,1,6,61,3,64,200,1,1,1,588.51
172,1,6,62,1,64,200,1,1,1,635.61
172,1,6,63,1,64,200,1,1,1,1029.3
172,1,6,64,8,64,200,2,2,1,882.06
172,1,6,65,12,64,200,2,2,1,1147
172,1,6,66,7,64,200,2,2,1,853.76
172,1,6,67,13,64,200,2,2,1,473.86
172,1,6,68,2,64,200,1,1,1,630.29
172,1,6,69,13,64,200,2,2,1,342.25
172,1,6,70,9,64,200,2,2,1,464.02
172,1,6,71,9,64,200,2,2,1,482.77
172,1,6,72,5,64,200,2,2,1,732.34
172,1,6,73,8,64,200,2,2,1,744.3
172,1,6,74,3,64,200,1,1,1,809.08
172,1,6,75,5,64,200,2,2,1,918.23
172,1,6,76,1,64,200,1,1,1,974.54
172,1,6,77,6,64,200,2,2,1,1203.6
172,1,6,78,1,64,200,1,1,1,579.07
172,1,6,79,12,64,200,2,2,1,506.88
172,1,6,80,4,64,200,1,1,1,562.7
172,1,6,81,4,64,200,1,1,1,479.29
172,1,6,82,1,64,200,1,1,1,664.53
172,1,6,83,11,64,200,2,2,1,480.55
172,1,6,84,13,64,200,2,2,1,873.1
172,1,6,85,1,64,200,1,1,1,656.91
172,1,6,1,5,64,200,2,2,1,619.37
172,1,6,2,4,64,200,1,1,1,713.44
172,1,6,3,1,64,200,1,1,1,500.98
172,1,6,4,3,64,200,1,1,1,461.76
172,1,6,5,3,64,200,1,1,1,737.95
172,1,6,6,10,64,200,2,2,1,539.36
172,1,6,7,2,64,200,1,1,1,629.49
172,1,6,8,4,64,200,1,1,1,958.57
172,1,6,9,1,64,200,1,1,1,717.2
172,1,6,10,4,64,200,1,1,1,675.09
172,1,6,11,2,64,200,1,1,1,480.99
172,1,6,12,8,64,200,2,2,1,755.42
172,1,6,13,2,64,200,1,1,1,529.28
172,1,6,14,12,64,200,2,2,1,546.68
172,1,6,15,1,64,200,1,1,1,766.05
172,1,6,16,13,64,200,2,2,1,478.85
172,1,6,17,1,64,200,1,1,1,505.35
172,1,6,18,2,64,200,1,1,1,616.38
172,1,6,19,2,64,200,1,1,1,461.1
172,1,6,20,1,64,200,1,1,1,547.14
172,1,6,21,3,64,200,1,1,1,538.49
172,1,6,22,11,64,200,2,2,1,775.01
172,1,6,23,4,64,200,1,1,1,678.37
172,1,6,24,3,64,200,1,1,1,686.11
172,1,6,25,6,64,200,2,2,1,471.84
172,1,6,26,11,64,200,2,2,1,573.81
172,1,6,27,11,64,200,2,2,1,830.94
172,1,6,28,13,64,200,2,2,1,602.16
172,1,6,29,3,64,200,1,1,1,828.84
172,1,6,30,9,64,200,2,2,1,497.65
172,1,6,31,12,64,200,2,2,1,847.07
172,1,6,32,10,64,200,2,2,1,607.96
172,1,6,33,1,64,200,1,1,1,495.59
172,1,6,34,2,64,200,1,1,1,943.34
172,1,6,35,4,64,200,1,1,1,718.44
172,1,6,36,8,64,200,2,2,1,822.35
172,1,6,37,8,64,200,2,2,1,775.98
172,1,6,38,10,64,200,2,2,1,429.63
172,1,6,39,6,64,200,2,2,1,720.56
172,1,6,40,9,64,200,2,2,1,513.31
172,1,6,41,3,64,200,1,1,1,466.48
172,1,6,42,4,64,200,1,1,1,494.19
172,1,6,43,2,64,200,1,1,1,468.25
172,1,6,44,2,64,200,1,1,1,512.78
172,1,6,45,7,64,200,2,2,1,479.12
172,1,6,46,5,64,200,2,2,1,685.24
172,1,6,47,3,64,200,1,1,1,535.18
172,1,6,48,13,64,200,2,2,1,1917.7
172,1,6,49,5,64,200,2,2,1,765.09
172,1,6,50,4,64,200,1,1,1,638.35
172,1,6,51,11,64,200,2,2,1,802.06
172,1,6,52,10,64,200,2,2,1,543.8
172,1,6,53,13,64,200,2,2,1,929.71
172,1,6,54,11,64,200,2,2,1,570.37
172,1,6,55,6,64,200,2,2,1,931.29
172,1,6,56,9,64,200,2,2,1,1214.8
172,1,6,57,6,64,200,2,2,1,987.98
172,1,6,58,4,64,200,1,1,1,918.26
172,1,6,59,7,64,200,2,2,1,524.73
172,1,6,60,3,64,200,1,1,1,682.29
172,1,6,61,1,64,200,1,1,1,707.13
172,1,6,62,3,64,200,1,1,1,943.22
172,1,6,63,13,64,200,2,2,1,631.92
172,1,6,64,4,64,200,1,1,1,588.96
172,1,6,65,5,64,200,2,2,1,824.18
172,1,6,66,4,64,200,1,1,1,839.46
172,1,6,67,2,64,200,1,1,1,638.26
172,1,6,68,9,64,200,2,2,1,562.14
172,1,6,69,6,64,200,2,2,1,606.26
172,1,6,70,12,64,200,2,2,1,978.78
172,1,6,71,1,64,200,1,1,1,539.52
172,1,6,72,7,64,200,2,2,1,535
172,1,6,73,12,64,200,2,2,1,881.68
172,1,6,74,9,64,200,2,2,1,713.57
172,1,6,75,1,64,200,1,1,1,562.56
172,1,6,76,1,64,200,1,1,1,501.22
172,1,6,77,7,64,200,1,2,0,1724.8
172,1,6,78,12,64,200,2,2,1,659.34
172,1,6,79,10,64,200,2,2,1,1180.5
172,1,6,80,8,64,200,2,2,1,646.46
172,1,6,81,3,64,200,1,1,1,702.83
172,1,6,82,2,64,200,1,1,1,511.31
172,1,6,83,8,64,200,2,2,1,970.82
172,1,6,84,7,64,200,2,2,1,755.99
172,1,6,85,5,64,200,2,2,1,644
172,1,6,1,2,64,200,1,1,1,1896.6
172,1,6,2,2,64,200,1,1,1,461.78
172,1,6,3,2,64,200,1,1,1,450.23
172,1,6,4,9,64,200,2,2,1,482.65
172,1,6,5,6,64,200,2,2,1,581.61
172,1,6,6,1,64,200,1,1,1,669.05
172,1,6,7,13,64,200,2,2,1,518.66
172,1,6,8,4,64,200,1,1,1,526.87
172,1,6,9,2,64,200,1,1,1,458.29
172,1,6,10,1,64,200,1,1,1,403.01
172,1,6,11,11,64,200,2,2,1,383.9
172,1,6,12,9,64,200,2,2,1,372.65
172,1,6,13,3,64,200,1,1,1,464.97
172,1,6,14,4,64,200,NaN,1,9,NaN
172,1,6,15,4,64,200,1,1,1,452.24
172,1,6,16,12,64,200,2,2,1,475.37
172,1,6,17,1,64,200,1,1,1,905.96
172,1,6,18,2,64,200,1,1,1,528.21
172,1,6,19,3,64,200,1,1,1,546.87
172,1,6,20,12,64,200,2,2,1,412.45
172,1,6,21,3,64,200,1,1,1,909.89
172,1,6,22,1,64,200,1,1,1,450.75
172,1,6,23,5,64,200,2,2,1,457.04
172,1,6,24,2,64,200,1,1,1,520.76
172,1,6,25,1,64,200,1,1,1,638.79
172,1,6,26,8,64,200,2,2,1,633.96
172,1,6,27,9,64,200,2,2,1,473.79
172,1,6,28,7,64,200,2,2,1,486.57
172,1,6,29,4,64,200,1,1,1,570.86
172,1,6,30,8,64,200,2,2,1,467.52
172,1,6,31,11,64,200,2,2,1,404.51
172,1,6,32,3,64,200,1,1,1,536.64
172,1,6,33,13,64,200,2,2,1,399.93
172,1,6,34,9,64,200,2,2,1,389.4
172,1,6,35,10,64,200,2,2,1,441.82
172,1,6,36,2,64,200,1,1,1,802.33
172,1,6,37,4,64,200,1,1,1,564.84
172,1,6,38,13,64,200,2,2,1,623.46
172,1,6,39,2,64,200,1,1,1,946.96
172,1,6,40,7,64,200,2,2,1,901.42
172,1,6,41,3,64,200,1,1,1,621.42
172,1,6,42,5,64,200,2,2,1,445.82
172,1,6,43,4,64,200,1,1,1,1288.5
172,1,6,44,8,64,200,2,2,1,728.1
172,1,6,45,9,64,200,2,2,1,432.87
172,1,6,46,4,64,200,1,1,1,593.39
172,1,6,47,6,64,200,2,2,1,667.67
172,1,6,48,10,64,200,2,2,1,412.62
172,1,6,49,10,64,200,2,2,1,441.41
172,1,6,50,8,64,200,2,2,1,720.93
172,1,6,51,12,64,200,2,2,1,383.95
172,1,6,52,2,64,200,1,1,1,600.08
172,1,6,53,3,64,200,1,1,1,482.36
172,1,6,54,5,64,200,2,2,1,447.17
172,1,6,55,1,64,200,1,1,1,548.26
172,1,6,56,10,64,200,2,2,1,627.38
172,1,6,57,5,64,200,2,2,1,521.63
172,1,6,58,1,64,200,1,1,1,490.67
172,1,6,59,4,64,200,1,1,1,552.94
172,1,6,60,3,64,200,1,1,1,540.98
172,1,6,61,1,64,200,1,1,1,408.25
172,1,6,62,6,64,200,2,2,1,678.34
172,1,6,63,10,64,200,2,2,1,663.88
172,1,6,64,11,64,200,2,2,1,425.94
172,1,6,65,13,64,200,2,2,1,452.95
172,1,6,66,3,64,200,1,1,1,611.95
172,1,6,67,6,64,200,2,2,1,487.13
172,1,6,68,7,64,200,2,2,1,459.11
172,1,6,69,3,64,200,1,1,1,635.83
172,1,6,70,2,64,200,1,1,1,733.06
172,1,6,71,11,64,200,2,2,1,431.79
172,1,6,72,12,64,200,2,2,1,478.05
172,1,6,73,7,64,200,2,2,1,549.9
172,1,6,74,1,64,200,1,1,1,610.12
172,1,6,75,4,64,200,1,1,1,530.93
172,1,6,76,6,64,200,2,2,1,565.43
172,1,6,77,5,64,200,2,2,1,516.62
172,1,6,78,7,64,200,2,2,1,1966.7
172,1,6,79,1,64,200,1,1,1,433.42
172,1,6,80,12,64,200,2,2,1,345.27
172,1,6,81,4,64,200,1,1,1,1023.6
172,1,6,82,13,64,200,2,2,1,442.28
172,1,6,83,8,64,200,2,2,1,464.28
172,1,6,84,3,64,200,1,1,1,1078
172,1,6,85,11,64,200,2,2,1,440.69
172,1,6,1,3,64,200,1,1,1,623.8
172,1,6,2,3,64,200,1,1,1,631.54
172,1,6,3,11,64,200,2,2,1,382.07
172,1,6,4,1,64,200,1,1,1,533.9
172,1,6,5,13,64,200,2,2,1,438.14
172,1,6,6,8,64,200,2,2,1,470.55
172,1,6,7,8,64,200,2,2,1,419.23
172,1,6,8,1,64,200,1,1,1,459.93
172,1,6,9,9,64,200,2,2,1,522.55
172,1,6,10,12,64,200,2,2,1,410.95
172,1,6,11,2,64,200,1,1,1,432.76
172,1,6,12,1,64,200,1,1,1,475.71
172,1,6,13,9,64,200,2,2,1,367.83
172,1,6,14,4,64,200,1,1,1,684.81
172,1,6,15,2,64,200,1,1,1,566.64
172,1,6,16,6,64,200,2,2,1,421.83
172,1,6,17,1,64,200,1,1,1,426.62
172,1,6,18,3,64,200,1,1,1,447.3
172,1,6,19,11,64,200,2,2,1,425.7
172,1,6,20,10,64,200,2,2,1,413.53
172,1,6,21,12,64,200,2,2,1,343.51
172,1,6,22,3,64,200,1,1,1,478.91
172,1,6,23,2,64,200,1,1,1,416.78
172,1,6,24,6,64,200,2,2,1,1170.1
172,1,6,25,5,64,200,2,2,1,446.48
172,1,6,26,4,64,200,1,1,1,490.64
172,1,6,27,9,64,200,2,2,1,433.69
172,1,6,28,6,64,200,2,2,1,508.41
172,1,6,29,7,64,200,2,2,1,676.41
172,1,6,30,8,64,200,2,2,1,426.72
172,1,6,31,2,64,200,1,1,1,471.75
172,1,6,32,10,64,200,2,2,1,401.16
172,1,6,33,4,64,200,1,1,1,746.97
172,1,6,34,3,64,200,1,1,1,485.86
172,1,6,35,3,64,200,1,1,1,431.57
172,1,6,36,7,64,200,2,2,1,447.68
172,1,6,37,13,64,200,2,2,1,364.35
172,1,6,38,7,64,200,2,2,1,393.2
172,1,6,39,6,64,200,2,2,1,613.18
172,1,6,40,2,64,200,1,1,1,639.72
172,1,6,41,10,64,200,2,2,1,385.91
172,1,6,42,8,64,200,2,2,1,370.25
172,1,6,43,1,64,200,1,1,1,544.98
172,1,6,44,8,64,200,2,2,1,501.54
172,1,6,45,7,64,200,2,2,1,683.01
172,1,6,46,3,64,200,1,1,1,428.47
172,1,6,47,4,64,200,1,1,1,572.24
172,1,6,48,13,64,200,2,2,1,579.81
172,1,6,49,5,64,200,2,2,1,497.95
172,1,6,50,4,64,200,1,1,1,835.89
172,1,6,51,3,64,200,1,1,1,911.46
172,1,6,52,11,64,200,2,2,1,536.47
172,1,6,53,2,64,200,1,1,1,539.12
172,1,6,54,10,64,200,2,2,1,481.94
172,1,6,55,2,64,200,1,1,1,590.7
172,1,6,56,5,64,200,2,2,1,542.04
172,1,6,57,4,64,200,1,1,1,890.71
172,1,6,58,12,64,200,2,2,1,956.42
172,1,6,59,3,64,200,1,1,1,467.77
172,1,6,60,1,64,200,1,1,1,507.71
172,1,6,61,9,64,200,2,2,1,467.66
172,1,6,62,12,64,200,2,2,1,686.51
172,1,6,63,3,64,200,1,1,1,543.96
172,1,6,64,1,64,200,1,1,1,425.09
172,1,6,65,4,64,200,1,1,1,812.98
172,1,6,66,2,64,200,1,1,1,486.74
172,1,6,67,10,64,200,2,2,1,403.82
172,1,6,68,1,64,200,1,1,1,435.34
172,1,6,69,9,64,200,2,2,1,406.51
172,1,6,70,5,64,200,2,2,1,767.99
172,1,6,71,13,64,200,2,2,1,454.76
172,1,6,72,2,64,200,1,1,1,568.35
172,1,6,73,6,64,200,2,2,1,454.85
172,1,6,74,12,64,200,2,2,1,335.33
172,1,6,75,7,64,200,2,2,1,424.33
172,1,6,76,2,64,200,1,1,1,496.19
172,1,6,77,4,64,200,1,1,1,419.56
172,1,6,78,1,64,200,1,1,1,477.5
172,1,6,79,5,64,200,2,2,1,562.16
172,1,6,80,1,64,200,1,1,1,382.74
172,1,6,81,13,64,200,2,2,1,298.47
172,1,6,82,11,64,200,2,2,1,356.4
172,1,6,83,11,64,200,2,2,1,433.88
172,1,6,84,4,64,200,1,1,1,775.31
172,1,6,85,4,64,200,1,1,1,481.34
172,1,6,1,11,64,200,2,2,1,520.91
172,1,6,2,10,64,200,2,2,1,406.08
172,1,6,3,2,64,200,1,1,1,443.31
172,1,6,4,3,64,200,1,1,1,481.2
172,1,6,5,13,64,200,2,2,1,558.75
172,1,6,6,1,64,200,1,1,1,485.17
172,1,6,7,1,64,200,1,1,1,451.66
172,1,6,8,7,64,200,2,2,1,690.62
172,1,6,9,8,64,200,2,2,1,760.27
172,1,6,10,2,64,200,1,1,1,480.07
172,1,6,11,10,64,200,2,2,1,430.31
172,1,6,12,5,64,200,2,2,1,552.35
172,1,6,13,7,64,200,2,2,1,635.44
172,1,6,14,6,64,200,2,2,1,539.78
172,1,6,15,12,64,200,2,2,1,421.76
172,1,6,16,1,64,200,1,1,1,534.43
172,1,6,17,6,64,200,2,2,1,419.59
172,1,6,18,1,64,200,1,1,1,546.67
172,1,6,19,9,64,200,2,2,1,412.28
172,1,6,20,3,64,200,1,1,1,426.74
172,1,6,21,3,64,200,1,1,1,419.01
172,1,6,22,3,64,200,1,1,1,452.95
172,1,6,23,12,64,200,2,2,1,477.51
172,1,6,24,5,64,200,2,2,1,513.74
172,1,6,25,13,64,200,2,2,1,436.88
172,1,6,26,9,64,200,2,2,1,516.86
172,1,6,27,1,64,200,1,1,1,457.18
172,1,6,28,12,64,200,2,2,1,514.79
172,1,6,29,4,64,200,1,1,1,669.69
172,1,6,30,2,64,200,1,1,1,492.45
172,1,6,31,9,64,200,2,2,1,816.55
172,1,6,32,2,64,200,1,1,1,527.25
172,1,6,33,6,64,200,2,2,1,455.72
172,1,6,34,1,64,200,1,1,1,482.17
172,1,6,35,12,64,200,2,2,1,341.98
172,1,6,36,10,64,200,2,2,1,437.94
172,1,6,37,1,64,200,1,1,1,616.43
172,1,6,38,11,64,200,2,2,1,434.43
172,1,6,39,3,64,200,1,1,1,460.14
172,1,6,40,13,64,200,2,2,1,341.8
172,1,6,41,4,64,200,1,1,1,735.96
172,1,6,42,2,64,200,1,1,1,617.32
172,1,6,43,2,64,200,1,1,1,380.71
172,1,6,44,12,64,200,2,2,1,445.43
172,1,6,45,8,64,200,2,2,1,1022.8
172,1,6,46,11,64,200,2,2,1,522.25
172,1,6,47,8,64,200,2,2,1,924.75
172,1,6,48,11,64,200,2,2,1,835.52
172,1,6,49,2,64,200,1,1,1,435.41
172,1,6,50,4,64,200,1,1,1,462.87
172,1,6,51,4,64,200,1,1,1,513.93
172,1,6,52,5,64,200,2,2,1,564.26
172,1,6,53,13,64,200,2,2,1,362.5
172,1,6,54,9,64,200,2,2,1,459.52
172,1,6,55,4,64,200,1,1,1,733.66
172,1,6,56,13,64,200,2,2,1,356.96
172,1,6,57,6,64,200,2,2,1,690.34
172,1,6,58,7,64,200,2,2,1,438.17
172,1,6,59,3,64,200,1,1,1,912.14
172,1,6,60,4,64,200,1,1,1,446.74
172,1,6,61,5,64,200,2,2,1,468.66
172,1,6,62,9,64,200,2,2,1,363.17
172,1,6,63,10,64,200,2,2,1,317.41
172,1,6,64,2,64,200,1,1,1,461.66
172,1,6,65,1,64,200,1,1,1,576.68
172,1,6,66,8,64,200,2,2,1,597.98
172,1,6,67,3,64,200,1,1,1,537.39
172,1,6,68,4,64,200,1,1,1,715.62
172,1,6,69,6,64,200,2,2,1,463.21
172,1,6,70,4,64,200,1,1,1,635.9
172,1,6,71,1,64,200,1,1,1,446.25
172,1,6,72,7,64,200,2,2,1,457.15
172,1,6,73,3,64,200,1,1,1,462.74
172,1,6,74,7,64,200,2,2,1,513.92
172,1,6,75,4,64,200,1,1,1,549
172,1,6,76,10,64,200,2,2,1,443.51
172,1,6,77,2,64,200,1,1,1,526.2
172,1,6,78,5,64,200,2,2,1,473.43
172,1,6,79,8,64,200,2,2,1,519.36
172,1,6,80,2,64,200,1,1,1,476.49
172,1,6,81,3,64,200,1,1,1,505.4
172,1,6,82,4,64,200,1,1,1,459.43
172,1,6,83,11,64,200,2,2,1,298.18
172,1,6,84,1,64,200,1,1,1,470.37
172,1,6,85,3,64,200,1,1,1,503.04
