102,1,4,1,11,64,200,2,2,1,866.84
102,1,4,2,3,64,200,1,1,1,928.27
102,1,4,3,2,64,200,1,1,1,482.69
102,1,4,4,1,64,200,1,1,1,445.88
102,1,4,5,10,64,200,2,2,1,390.87
102,1,4,6,3,64,200,1,1,1,735.34
102,1,4,7,8,64,200,2,2,1,583.05
102,1,4,8,9,64,200,2,2,1,727.66
102,1,4,9,13,64,200,2,2,1,509.48
102,1,4,10,5,64,200,2,2,1,1029
102,1,4,11,4,64,200,1,1,1,653.5
102,1,4,12,4,64,200,1,1,1,503.87
102,1,4,13,12,64,200,2,2,1,363.57
102,1,4,14,7,64,200,2,2,1,1052.9
102,1,4,15,1,64,200,1,1,1,471.73
102,1,4,16,2,64,200,1,1,1,634.84
102,1,4,17,6,64,200,2,2,1,633.88
102,1,4,18,7,64,200,2,2,1,658.55
102,1,4,19,7,64,200,2,2,1,638.64
102,1,4,20,2,64,200,1,1,1,431.5
102,1,4,21,5,64,200,2,2,1,754.47
102,1,4,22,3,64,200,1,1,1,426.19
102,1,4,23,1,64,200,1,1,1,464.04
102,1,4,24,8,64,200,2,2,1,487.26
102,1,4,25,13,64,200,2,2,1,465.46
102,1,4,26,3,64,200,1,1,1,422.21
102,1,4,27,1,64,200,1,1,1,404.66
102,1,4,28,1,64,200,1,1,1,425.61
102,1,4,29,9,64,200,2,2,1,456.1
102,1,4,30,3,64,200,1,1,1,341.79
102,1,4,31,10,64,200,2,2,1,442.71
102,1,4,32,1,64,200,1,1,1,484.16
102,1,4,33,4,64,200,2,1,0,469.35
102,1,4,34,1,64,200,1,1,1,435.3
102,1,4,35,9,64,200,2,2,1,483.61
102,1,4,36,1,64,200,1,1,1,472.14
102,1,4,37,7,64,200,2,2,1,956.96
102,1,4,38,4,64,200,1,1,1,692.39
102,1,4,39,11,64,200,2,2,1,583.72
102,1,4,40,12,64,200,2,2,1,470.86
102,1,4,41,2,64,200,1,1,1,383.74
102,1,4,42,5,64,200,2,2,1,1006.7
102,1,4,43,3,64,200,1,1,1,362.22
102,1,4,44,11,64,200,2,2,1,461.84
102,1,4,45,4,64,200,1,1,1,526.7
102,1,4,46,5,64,200,2,2,1,780.01
102,1,4,47,6,64,200,1,2,0,795.1
102,1,4,48,13,64,200,2,2,1,480.04
102,1,4,49,11,64,200,2,2,1,604.89
102,1,4,50,2,64,200,1,1,1,470.32
102,1,4,51,4,64,200,1,1,1,1109.5
102,1,4,52,4,64,200,1,1,1,670.78
102,1,4,53,2,64,200,1,1,1,507.74
102,1,4,54,2,64,200,1,1,1,458.06
102,1,4,55,10,64,200,2,2,1,438.25
102,1,4,56,11,64,200,2,2,1,432.72
102,1,4,57,5,64,200,1,2,0,1189.8
102,1,4,58,6,64,200,2,2,1,1420.1
102,1,4,59,5,64,200,1,2,0,788.99
102,1,4,60,3,64,200,1,1,1,705.38
102,1,4,61,12,64,200,2,2,1,430.17
102,1,4,62,6,64,200,2,2,1,695.79
102,1,4,63,12,64,200,2,2,1,674.83
102,1,4,64,11,64,200,1,2,0,387.75
102,1,4,65,2,64,200,1,1,1,634.63
102,1,4,66,13,64,200,2,2,1,395.53
102,1,4,67,7,64,200,2,2,1,1633.6
102,1,4,68,1,64,200,1,1,1,606.84
102,1,4,69,13,64,200,2,2,1,435.03
102,1,4,70,1,64,200,1,1,1,635.76
102,1,4,71,4,64,200,1,1,1,637.19
102,1,4,72,3,64,200,1,1,1,531.37
102,1,4,73,6,64,200,2,2,1,717.7
102,1,4,74,9,64,200,2,2,1,480.68
102,1,4,75,1,64,200,1,1,1,412.08
102,1,4,76,4,64,200,1,1,1,517.14
102,1,4,77,8,64,200,1,2,0,1023.5
102,1,4,78,9,64,200,2,2,1,514.81
102,1,4,79,9,64,200,2,2,1,530.97
102,1,4,80,3,64,200,1,1,1,417.04
102,1,4,81,2,64,200,1,1,1,548.4
102,1,4,82,4,64,200,1,1,1,594.95
102,1,4,83,12,64,200,2,2,1,403.11
102,1,4,84,3,64,200,1,1,1,529.2
102,1,4,85,3,64,200,1,1,1,579.29
102,1,4,86,7,64,200,2,2,1,734.75
102,1,4,87,6,64,200,2,2,1,514.46
102,1,4,88,10,64,200,2,2,1,588.72
102,1,4,89,2,64,200,1,1,1,504.66
102,1,4,90,8,64,200,2,2,1,554.33
102,1,4,91,10,64,200,2,2,1,565.06
102,1,4,92,4,64,200,1,1,1,704.11
102,1,4,93,1,64,200,1,1,1,464.32
102,1,4,94,3,64,200,1,1,1,428.3
102,1,4,95,2,64,200,1,1,1,461.1
102,1,4,96,2,64,200,1,1,1,394.68
102,1,4,97,13,64,200,2,2,1,358.53
102,1,4,98,4,64,200,1,1,1,703.35
102,1,4,99,10,64,200,2,2,1,475.03
102,1,4,100,12,64,200,2,2,1,532.85
102,1,4,101,8,64,200,2,2,1,1401.9
102,1,4,102,8,64,200,2,2,1,685.31
102,1,4,1,5,64,200,2,2,1,868.08
102,1,4,2,8,64,200,2,2,1,500.45
102,1,4,3,4,64,200,1,1,1,1273.6
102,1,4,4,2,64,200,1,1,1,530.15
102,1,4,5,6,64,200,2,2,1,640.87
102,1,4,6,3,64,200,1,1,1,787.14
102,1,4,7,3,64,200,1,1,1,572.84
102,1,4,8,13,64,200,2,2,1,397.98
102,1,4,9,7,64,200,2,2,1,599.53
102,1,4,10,10,64,200,2,2,1,409.38
102,1,4,11,9,64,200,2,2,1,613.75
102,1,4,12,8,64,200,2,2,1,733.47
102,1,4,13,9,64,200,2,2,1,582.32
102,1,4,14,13,64,200,2,2,1,497.85
102,1,4,15,1,64,200,1,1,1,524.99
102,1,4,16,12,64,200,2,2,1,424.54
102,1,4,17,7,64,200,1,2,0,1051.3
102,1,4,18,2,64,200,1,1,1,598.47
102,1,4,19,2,64,200,1,1,1,509.51
102,1,4,20,11,64,200,2,2,1,417.69
102,1,4,21,3,64,200,1,1,1,709.24
102,1,4,22,1,64,200,1,1,1,451.96
102,1,4,23,7,64,200,2,2,1,1074.4
102,1,4,24,3,64,200,1,1,1,590.49
102,1,4,25,9,64,200,2,2,1,474.98
102,1,4,26,7,64,200,1,2,0,846.89
102,1,4,27,1,64,200,1,1,1,459.99
102,1,4,28,2,64,200,1,1,1,475.71
102,1,4,29,12,64,200,2,2,1,456.09
102,1,4,30,2,64,200,1,1,1,532.48
102,1,4,31,1,64,200,1,1,1,706.08
102,1,4,32,1,64,200,1,1,1,529.84
102,1,4,33,2,64,200,1,1,1,412.36
102,1,4,34,12,64,200,2,2,1,486.26
102,1,4,35,3,64,200,1,1,1,661.06
102,1,4,36,8,64,200,2,2,1,520.02
102,1,4,37,4,64,200,1,1,1,474.11
102,1,4,38,13,64,200,2,2,1,414.88
102,1,4,39,4,64,200,1,1,1,648.96
102,1,4,40,11,64,200,2,2,1,353.83
102,1,4,41,5,64,200,2,2,1,879.73
102,1,4,42,2,64,200,1,1,1,780.37
102,1,4,43,5,64,200,2,2,1,531.75
102,1,4,44,12,64,200,2,2,1,431.56
102,1,4,45,6,64,200,2,2,1,871.66
102,1,4,46,10,64,200,2,2,1,451.24
102,1,4,47,6,64,200,2,2,1,538.28
102,1,4,48,4,64,200,1,1,1,986.44
102,1,4,49,6,64,200,2,2,1,646
102,1,4,50,3,64,200,1,1,1,672.52
102,1,4,51,1,64,200,1,1,1,545.03
102,1,4,52,8,64,200,2,2,1,536.06
102,1,4,53,13,64,200,2,2,1,635.03
102,1,4,54,13,64,200,2,2,1,510.05
102,1,4,55,6,64,200,2,2,1,856.93
102,1,4,56,4,64,200,1,1,1,702.29
102,1,4,57,10,64,200,2,2,1,432.91
102,1,4,58,4,64,200,1,1,1,544.56
102,1,4,59,11,64,200,2,2,1,485.26
102,1,4,60,12,64,200,2,2,1,493.69
102,1,4,61,10,64,200,2,2,1,381.49
102,1,4,62,1,64,200,1,1,1,579.28
102,1,4,63,10,64,200,2,2,1,451.42
102,1,4,64,4,64,200,1,1,1,791.45
102,1,4,65,2,64,200,1,1,1,772.28
102,1,4,66,2,64,200,1,1,1,720.06
102,1,4,67,5,64,200,2,2,1,496.26
102,1,4,68,4,64,200,1,1,1,529.56
102,1,4,69,3,64,200,1,1,1,702.22
102,1,4,70,3,64,200,1,1,1,469.5
102,1,4,71,4,64,200,1,1,1,1192.8
102,1,4,72,3,64,200,1,1,1,546.33
102,1,4,73,9,64,200,2,2,1,492
102,1,4,74,11,64,200,2,2,1,556.94
102,1,4,75,11,64,200,2,2,1,588.18
102,1,4,76,9,64,200,2,2,1,649.76
102,1,4,77,8,64,200,2,2,1,574.07
102,1,4,78,4,64,200,1,1,1,537.12
102,1,4,79,1,64,200,1,1,1,518.29
102,1,4,80,7,64,200,2,2,1,1044.3
102,1,4,81,5,64,200,2,2,1,734.29
102,1,4,82,1,64,200,1,1,1,635.65
102,1,4,83,1,64,200,1,1,1,481.89
102,1,4,84,3,64,200,2,1,0,1724.5
102,1,4,85,2,64,200,1,1,1,845.94
102,1,4,1,5,64,200,2,2,1,946.66
102,1,4,2,11,64,200,2,2,1,544.47
102,1,4,3,1,64,200,1,1,1,485.04
102,1,4,4,2,64,200,1,1,1,561.89
102,1,4,5,4,64,200,1,1,1,705.52
102,1,4,6,5,64,200,2,2,1,508.26
102,1,4,7,3,64,200,1,1,1,487.27
102,1,4,8,10,64,200,2,2,1,669.67
102,1,4,9,9,64,200,2,2,1,573.84
102,1,4,10,2,64,200,1,1,1,466.51
102,1,4,11,11,64,200,2,2,1,390.04
102,1,4,12,2,64,200,1,1,1,708.16
102,1,4,13,1,64,200,1,1,1,500.77
102,1,4,14,12,64,200,2,2,1,460.04
102,1,4,15,1,64,200,1,1,1,521.78
102,1,4,16,10,64,200,2,2,1,417.2
102,1,4,17,11,64,200,2,2,1,599.04
102,1,4,18,4,64,200,1,1,1,720.65
102,1,4,19,6,64,200,2,2,1,630.59
102,1,4,20,4,64,200,1,1,1,640.65
102,1,4,21,1,64,200,1,1,1,653.82
102,1,4,22,1,64,200,1,1,1,581.87
102,1,4,23,6,64,200,2,2,1,901.07
102,1,4,24,13,64,200,2,2,1,574.38
102,1,4,25,13,64,200,2,2,1,454.06
102,1,4,26,7,64,200,2,2,1,590.81
102,1,4,27,2,64,200,1,1,1,525.86
102,1,4,28,8,64,200,2,2,1,475.15
102,1,4,29,3,64,200,1,1,1,653.96
102,1,4,30,4,64,200,1,1,1,659.81
102,1,4,31,9,64,200,2,2,1,464.52
102,1,4,32,1,64,200,1,1,1,446.96
102,1,4,33,4,64,200,1,1,1,582.31
102,1,4,34,3,64,200,1,1,1,578.8
102,1,4,35,7,64,200,1,2,0,974.41
102,1,4,36,7,64,200,2,2,1,589.4
102,1,4,37,12,64,200,2,2,1,500.45
102,1,4,38,7,64,200,2,2,1,499.85
102,1,4,39,13,64,200,2,2,1,435.89
102,1,4,40,2,64,200,1,1,1,494.89
102,1,4,41,5,64,200,2,2,1,650.82
102,1,4,42,3,64,200,1,1,1,504.18
102,1,4,43,13,64,200,2,2,1,400.72
102,1,4,44,8,64,200,1,2,0,610.07
102,1,4,45,4,64,200,1,1,1,788.07
102,1,4,46,10,64,200,2,2,1,325.85
102,1,4,47,1,64,200,1,1,1,476.85
102,1,4,48,10,64,200,2,2,1,412.8
102,1,4,49,3,64,200,1,1,1,373.63
102,1,4,50,6,64,200,2,2,1,1487.4
102,1,4,51,1,64,200,1,1,1,558.14
102,1,4,52,2,64,200,1,1,1,551.62
102,1,4,53,9,64,200,2,2,1,526.58
102,1,4,54,2,64,200,1,1,1,418.16
102,1,4,55,4,64,200,1,1,1,431.43
102,1,4,56,4,64,200,1,1,1,612.12
102,1,4,57,12,64,200,2,2,1,451.29
102,1,4,58,10,64,200,2,2,1,451.47
102,1,4,59,1,64,200,1,1,1,464.78
102,1,4,60,3,64,200,1,1,1,474.29
102,1,4,61,4,64,200,1,1,1,619.27
102,1,4,62,8,64,200,2,2,1,531.12
102,1,4,63,13,64,200,2,2,1,400.42
102,1,4,64,5,64,200,2,2,1,700.15
102,1,4,65,12,64,200,2,2,1,522.11
102,1,4,66,1,64,200,1,1,1,476.04
102,1,4,67,11,64,200,2,2,1,496.08
102,1,4,68,6,64,200,2,2,1,688.18
102,1,4,69,6,64,200,2,2,1,484.92
102,1,4,70,3,64,200,1,1,1,1230.6
102,1,4,71,2,64,200,1,1,1,496.03
102,1,4,72,11,64,200,2,2,1,381.25
102,1,4,73,8,64,200,2,2,1,742.16
102,1,4,74,2,64,200,1,1,1,501.95
102,1,4,75,2,64,200,1,1,1,752.12
102,1,4,76,3,64,200,1,1,1,559.15
102,1,4,77,9,64,200,2,2,1,470.67
102,1,4,78,5,64,200,1,2,0,844.17
102,1,4,79,9,64,200,2,2,1,519.29
102,1,4,80,8,64,200,2,2,1,476.05
102,1,4,81,7,64,200,2,2,1,587.47
102,1,4,82,3,64,200,2,1,0,857.18
102,1,4,83,3,64,200,1,1,1,540.59
102,1,4,84,4,64,200,1,1,1,559.63
102,1,4,85,12,64,200,2,2,1,397.26
102,1,4,1,11,64,200,2,2,1,446.77
102,1,4,2,2,64,200,1,1,1,660.89
102,1,4,3,9,64,200,2,2,1,438.21
102,1,4,4,9,64,200,2,2,1,468.17
102,1,4,5,4,64,200,1,1,1,986.65
102,1,4,6,4,64,200,1,1,1,551.42
102,1,4,7,2,64,200,1,1,1,430.73
102,1,4,8,6,64,200,1,2,0,753.59
102,1,4,9,8,64,200,2,2,1,564.75
102,1,4,10,2,64,200,1,1,1,536.98
102,1,4,11,10,64,200,2,2,1,429.88
102,1,4,12,4,64,200,1,1,1,726.39
102,1,4,13,3,64,200,1,1,1,686.45
102,1,4,14,13,64,200,2,2,1,430.41
102,1,4,15,3,64,200,1,1,1,958.31
102,1,4,16,9,64,200,2,2,1,508.35
102,1,4,17,8,64,200,1,2,0,1025.5
102,1,4,18,4,64,200,1,1,1,602.3
102,1,4,19,13,64,200,2,2,1,336.21
102,1,4,20,12,64,200,2,2,1,405.13
102,1,4,21,4,64,200,1,1,1,430.9
102,1,4,22,10,64,200,2,2,1,384.77
102,1,4,23,8,64,200,2,2,1,1441.9
102,1,4,24,11,64,200,2,2,1,830.83
102,1,4,25,12,64,200,2,2,1,681.73
102,1,4,26,4,64,200,1,1,1,434.04
102,1,4,27,7,64,200,2,2,1,555.36
102,1,4,28,12,64,200,2,2,1,433.04
102,1,4,29,7,64,200,2,2,1,763.61
102,1,4,30,7,64,200,2,2,1,856.19
102,1,4,31,11,64,200,2,2,1,439.93
102,1,4,32,2,64,200,1,1,1,518.51
102,1,4,33,2,64,200,1,1,1,612.65
102,1,4,34,1,64,200,1,1,1,675.76
102,1,4,35,1,64,200,1,1,1,458.89
102,1,4,36,2,64,200,1,1,1,564.81
102,1,4,37,10,64,200,2,2,1,401.6
102,1,4,38,1,64,200,1,1,1,598.88
102,1,4,39,5,64,200,2,2,1,1089.5
102,1,4,40,3,64,200,1,1,1,560.26
102,1,4,41,4,64,200,1,1,1,671.63
102,1,4,42,6,64,200,2,2,1,516.44
102,1,4,43,1,64,200,1,1,1,554.38
102,1,4,44,4,64,200,2,1,0,598.63
102,1,4,45,10,64,200,2,2,1,469.16
102,1,4,46,2,64,200,1,1,1,635.78
102,1,4,47,6,64,200,2,2,1,537.81
102,1,4,48,1,64,200,1,1,1,510.37
102,1,4,49,2,64,200,1,1,1,460.18
102,1,4,50,2,64,200,1,1,1,428.93
102,1,4,51,1,64,200,1,1,1,360.27
102,1,4,52,3,64,200,1,1,1,385.45
102,1,4,53,5,64,200,2,2,1,562.24
102,1,4,54,9,64,200,2,2,1,511.41
102,1,4,55,1,64,200,1,1,1,700.74
102,1,4,56,3,64,200,1,1,1,868.94
102,1,4,57,12,64,200,2,2,1,411.98
102,1,4,58,9,64,200,2,2,1,531.98
102,1,4,59,4,64,200,1,1,1,887.23
102,1,4,60,13,64,200,2,2,1,425.61
102,1,4,61,8,64,200,2,2,1,555.49
102,1,4,62,13,64,200,2,2,1,465.87
102,1,4,63,3,64,200,1,1,1,780.3
102,1,4,64,13,64,200,2,2,1,408.32
102,1,4,65,4,64,200,1,1,1,733.23
102,1,4,66,3,64,200,1,1,1,561.68
102,1,4,67,1,64,200,1,1,1,682.99
102,1,4,68,3,64,200,1,1,1,752.64
102,1,4,69,11,64,200,2,2,1,406.08
102,1,4,70,1,64,200,1,1,1,384.66
102,1,4,71,2,64,200,1,1,1,567.73
102,1,4,72,3,64,200,1,1,1,600.98
102,1,4,73,7,64,200,2,2,1,553.34
102,1,4,74,12,64,200,2,2,1,412.84
102,1,4,75,5,64,200,2,2,1,796.78
102,1,4,76,10,64,200,2,2,1,495.81
102,1,4,77,1,64,200,1,1,1,446.88
102,1,4,78,8,64,200,2,2,1,457.3
102,1,4,79,6,64,200,2,2,1,483.43
102,1,4,80,3,64,200,1,1,1,1353.4
102,1,4,81,11,64,200,2,2,1,347.68
102,1,4,82,7,64,200,1,2,0,709.53
102,1,4,83,5,64,200,2,2,1,596.33
102,1,4,84,6,64,200,2,2,1,1525.6
102,1,4,85,5,64,200,1,2,0,803.11
102,1,4,1,4,64,200,1,1,1,1171.8
102,1,4,2,10,64,200,2,2,1,542.12
102,1,4,3,9,64,200,2,2,1,488.13
102,1,4,4,3,64,200,1,1,1,769.79
102,1,4,5,3,64,200,1,1,1,498.38
102,1,4,6,6,64,200,2,2,1,469.52
102,1,4,7,3,64,200,1,1,1,480.88
102,1,4,8,7,64,200,2,2,1,518.65
102,1,4,9,10,64,200,2,2,1,480.85
102,1,4,10,4,64,200,1,1,1,664.17
102,1,4,11,4,64,200,1,1,1,583.52
102,1,4,12,12,64,200,2,2,1,410.14
102,1,4,13,2,64,200,1,1,1,482.07
102,1,4,14,9,64,200,2,2,1,493.54
102,1,4,15,4,64,200,1,1,1,444.08
102,1,4,16,13,64,200,2,2,1,394.78
102,1,4,17,1,64,200,1,1,1,471.83
102,1,4,18,10,64,200,2,2,1,381.31
102,1,4,19,6,64,200,2,2,1,570.55
102,1,4,20,1,64,200,1,1,1,526.32
102,1,4,21,2,64,200,1,1,1,445.1
102,1,4,22,13,64,200,2,2,1,422.82
102,1,4,23,1,64,200,1,1,1,355.25
102,1,4,24,10,64,200,2,2,1,420.07
102,1,4,25,4,64,200,1,1,1,862.46
102,1,4,26,11,64,200,2,2,1,372.49
102,1,4,27,2,64,200,1,1,1,495.97
102,1,4,28,3,64,200,1,1,1,1041.2
102,1,4,29,4,64,200,1,1,1,508.45
102,1,4,30,4,64,200,1,1,1,542.59
102,1,4,31,2,64,200,1,1,1,461.97
102,1,4,32,8,64,200,2,2,1,771.4
102,1,4,33,5,64,200,2,2,1,677.59
102,1,4,34,2,64,200,1,1,1,501.19
102,1,4,35,7,64,200,2,2,1,587.47
102,1,4,36,4,64,200,1,1,1,639.92
102,1,4,37,8,64,200,2,2,1,973.53
102,1,4,38,5,64,200,2,2,1,631.59
102,1,4,39,12,64,200,2,2,1,440.54
102,1,4,40,2,64,200,1,1,1,541.37
102,1,4,41,7,64,200,2,2,1,1089.1
102,1,4,42,4,64,200,1,1,1,606.23
102,1,4,43,8,64,200,2,2,1,694
102,1,4,44,12,64,200,2,2,1,429.18
102,1,4,45,9,64,200,2,2,1,506.8
102,1,4,46,3,64,200,1,1,1,524.47
102,1,4,47,8,64,200,2,2,1,521.98
102,1,4,48,6,64,200,2,2,1,655.6
102,1,4,49,3,64,200,1,1,1,485.2
102,1,4,50,2,64,200,1,1,1,722.63
102,1,4,51,10,64,200,2,2,1,418.13
102,1,4,52,12,64,200,2,2,1,442.17
102,1,4,53,7,64,200,2,2,1,558.23
102,1,4,54,2,64,200,1,1,1,616.01
102,1,4,55,13,64,200,2,2,1,434.15
102,1,4,56,1,64,200,1,1,1,482.08
102,1,4,57,1,64,200,1,1,1,431.56
102,1,4,58,1,64,200,1,1,1,401.71
102,1,4,59,7,64,200,2,2,1,500.75
102,1,4,60,9,64,200,2,2,1,495.25
102,1,4,61,1,64,200,1,1,1,414.48
102,1,4,62,1,64,200,1,1,1,451.6
102,1,4,63,3,64,200,1,1,1,1050.5
102,1,4,64,11,64,200,2,2,1,437.86
102,1,4,65,2,64,200,1,1,1,462.78
102,1,4,66,11,64,200,2,2,1,528.68
102,1,4,67,13,64,200,2,2,1,484.35
102,1,4,68,5,64,200,2,2,1,675.66
102,1,4,69,2,64,200,1,1,1,642.07
102,1,4,70,3,64,200,1,1,1,467.28
102,1,4,71,12,64,200,2,2,1,629.07
102,1,4,72,5,64,200,2,2,1,571.31
102,1,4,73,6,64,200,2,2,1,683.53
102,1,4,74,9,64,200,2,2,1,481.99
102,1,4,75,5,64,200,1,2,0,806.11
102,1,4,76,8,64,200,2,2,1,1453.1
102,1,4,77,11,64,200,2,2,1,470.56
102,1,4,78,3,64,200,1,1,1,540.19
102,1,4,79,1,64,200,1,1,1,437.34
102,1,4,80,4,64,200,1,1,1,638.18
102,1,4,81,3,64,200,1,1,1,583.32
102,1,4,82,6,64,200,2,2,1,552.49
102,1,4,83,1,64,200,1,1,1,451.66
102,1,4,84,11,64,200,2,2,1,414.45
102,1,4,85,13,64,200,2,2,1,593.46
102,1,4,1,10,64,200,2,2,1,550.09
102,1,4,2,7,64,200,2,2,1,1762.8
102,1,4,3,1,64,200,1,1,1,471.73
102,1,4,4,1,64,200,1,1,1,608.66
102,1,4,5,7,64,200,2,2,1,499.97
102,1,4,6,13,64,200,2,2,1,478.15
102,1,4,7,2,64,200,1,1,1,563.31
102,1,4,8,3,64,200,1,1,1,637.05
102,1,4,9,6,64,200,2,2,1,580.63
102,1,4,10,3,64,200,1,1,1,623.7
102,1,4,11,4,64,200,1,1,1,536.96
102,1,4,12,12,64,200,2,2,1,459.38
102,1,4,13,3,64,200,1,1,1,698.84
102,1,4,14,4,64,200,1,1,1,490.14
102,1,4,15,2,64,200,1,1,1,520.51
102,1,4,16,8,64,200,2,2,1,464.85
102,1,4,17,1,64,200,1,1,1,444.5
102,1,4,18,7,64,200,2,2,1,1621.7
102,1,4,19,4,64,200,1,1,1,486.44
102,1,4,20,7,64,200,2,2,1,551.31
102,1,4,21,11,64,200,2,2,1,471.2
102,1,4,22,3,64,200,1,1,1,895.93
102,1,4,23,2,64,200,1,1,1,1278.1
102,1,4,24,11,64,200,2,2,1,440.28
102,1,4,25,4,64,200,1,1,1,570.58
102,1,4,26,4,64,200,1,1,1,513
102,1,4,27,10,64,200,2,2,1,427.38
102,1,4,28,2,64,200,1,1,1,558.62
102,1,4,29,1,64,200,1,1,1,567.62
102,1,4,30,5,64,200,2,2,1,659.76
102,1,4,31,13,64,200,2,2,1,518.67
102,1,4,32,3,64,200,1,1,1,576.81
102,1,4,33,10,64,200,2,2,1,453.47
102,1,4,34,9,64,200,2,2,1,505.62
102,1,4,35,4,64,200,1,1,1,585.7
102,1,4,36,6,64,200,2,2,1,596.45
102,1,4,37,4,64,200,1,1,1,580.34
102,1,4,38,1,64,200,1,1,1,477.77
102,1,4,39,3,64,200,1,1,1,592.66
102,1,4,40,12,64,200,2,2,1,415.07
102,1,4,41,1,64,200,1,1,1,599.68
102,1,4,42,3,64,200,1,1,1,639.63
102,1,4,43,9,64,200,2,2,1,598.9
102,1,4,44,5,64,200,2,2,1,746.45
102,1,4,45,8,64,200,2,2,1,559.14
102,1,4,46,3,64,200,1,1,1,1039.4
102,1,4,47,2,64,200,1,1,1,557.04
102,1,4,48,8,64,200,2,2,1,429.93
102,1,4,49,4,64,200,1,1,1,553.04
102,1,4,50,1,64,200,1,1,1,496.41
102,1,4,51,11,64,200,2,2,1,389.75
102,1,4,52,3,64,200,1,1,1,559.1
102,1,4,53,11,64,200,2,2,1,488.43
102,1,4,54,4,64,200,1,1,1,498.8
102,1,4,55,6,64,200,2,2,1,540.39
102,1,4,56,13,64,200,2,2,1,453.28
102,1,4,57,1,64,200,1,1,1,494.37
102,1,4,58,8,64,200,2,2,1,486.59
102,1,4,59,1,64,200,1,1,1,394.68
102,1,4,60,9,64,200,2,2,1,485.56
102,1,4,61,11,64,200,2,2,1,445.57
102,1,4,62,3,64,200,1,1,1,539.83
102,1,4,63,13,64,200,2,2,1,427.62
102,1,4,64,12,64,200,2,2,1,412.1
102,1,4,65,2,64,200,1,1,1,585.96
102,1,4,66,9,64,200,2,2,1,498.78
102,1,4,67,2,64,200,1,1,1,710.46
102,1,4,68,5,64,200,2,2,1,496.3
102,1,4,69,6,64,200,2,2,1,501.08
102,1,4,70,7,64,200,1,2,0,727.86
102,1,4,71,5,64,200,2,2,1,519.23
102,1,4,72,8,64,200,2,2,1,514.66
102,1,4,73,12,64,200,2,2,1,503.43
102,1,4,74,9,64,200,2,2,1,462.61
102,1,4,75,4,64,200,1,1,1,631.63
102,1,4,76,2,64,200,1,1,1,501.4
102,1,4,77,5,64,200,2,2,1,517.7
102,1,4,78,13,64,200,2,2,1,492.51
102,1,4,79,10,64,200,2,2,1,397.26
102,1,4,80,6,64,200,2,2,1,623.69
102,1,4,81,10,64,200,2,2,1,459.2
102,1,4,82,2,64,200,1,1,1,894.62
102,1,4,83,2,64,200,1,1,1,579.01
102,1,4,84,12,64,200,2,2,1,434.71
102,1,4,85,1,64,200,1,1,1,510.13
102,1,4,1,4,64,200,2,1,0,1420.3
102,1,4,2,8,64,200,1,2,0,854.88
102,1,4,3,6,64,200,2,2,1,1222.2
102,1,4,4,10,64,200,2,2,1,524.48
102,1,4,5,3,64,200,1,1,1,494.11
102,1,4,6,2,64,200,1,1,1,475.03
102,1,4,7,10,64,200,2,2,1,372.48
102,1,4,8,3,64,200,1,1,1,498.57
102,1,4,9,11,64,200,2,2,1,460.66
102,1,4,10,1,64,200,1,1,1,430.51
102,1,4,11,4,64,200,1,1,1,590.46
102,1,4,12,7,64,200,2,2,1,502.55
102,1,4,13,1,64,200,1,1,1,551.84
102,1,4,14,13,64,200,2,2,1,374.86
102,1,4,15,4,64,200,1,1,1,727.81
102,1,4,16,9,64,200,2,2,1,451.04
102,1,4,17,7,64,200,2,2,1,537.18
102,1,4,18,11,64,200,2,2,1,484.57
102,1,4,19,10,64,200,2,2,1,567.02
102,1,4,20,5,64,200,2,2,1,559.89
102,1,4,21,5,64,200,2,2,1,475.29
102,1,4,22,5,64,200,2,2,1,489.65
102,1,4,23,3,64,200,1,1,1,630.46
102,1,4,24,1,64,200,1,1,1,615.97
102,1,4,25,5,64,200,2,2,1,470.52
102,1,4,26,1,64,200,1,1,1,448.85
102,1,4,27,12,64,200,2,2,1,461.32
102,1,4,28,3,64,200,1,1,1,962.14
102,1,4,29,11,64,200,2,2,1,442.62
102,1,4,30,12,64,200,2,2,1,395.48
102,1,4,31,2,64,200,1,1,1,557.43
102,1,4,32,12,64,200,2,2,1,494.65
102,1,4,33,1,64,200,1,1,1,470.64
102,1,4,34,4,64,200,1,1,1,647.75
102,1,4,35,4,64,200,1,1,1,557.14
102,1,4,36,5,64,200,2,2,1,526.66
102,1,4,37,4,64,200,1,1,1,555.62
102,1,4,38,3,64,200,1,1,1,637.62
102,1,4,39,8,64,200,2,2,1,591.3
102,1,4,40,8,64,200,2,2,1,751.59
102,1,4,41,1,64,200,1,1,1,420.9
102,1,4,42,6,64,200,2,2,1,519.77
102,1,4,43,3,64,200,1,1,1,543.48
102,1,4,44,3,64,200,1,1,1,626.3
102,1,4,45,8,64,200,1,2,0,849.55
102,1,4,46,2,64,200,1,1,1,572.34
102,1,4,47,9,64,200,2,2,1,526.83
102,1,4,48,4,64,200,1,1,1,493.6
102,1,4,49,11,64,200,2,2,1,373.36
102,1,4,50,9,64,200,2,2,1,572.19
102,1,4,51,3,64,200,1,1,1,428.74
102,1,4,52,9,64,200,2,2,1,527.66
102,1,4,53,8,64,200,1,2,0,840.53
102,1,4,54,10,64,200,2,2,1,440.1
102,1,4,55,7,64,200,1,2,0,757.11
102,1,4,56,12,64,200,2,2,1,527.3
102,1,4,57,2,64,200,1,1,1,540.3
102,1,4,58,2,64,200,1,1,1,389.77
102,1,4,59,6,64,200,2,2,1,704.88
102,1,4,60,13,64,200,2,2,1,509.46
102,1,4,61,6,64,200,1,2,0,905.36
102,1,4,62,4,64,200,1,1,1,817.07
102,1,4,63,10,64,200,2,2,1,422.1
102,1,4,64,4,64,200,1,1,1,938
102,1,4,65,7,64,200,1,2,0,1181.6
102,1,4,66,1,64,200,1,1,1,569.14
102,1,4,67,4,64,200,1,1,1,1340
102,1,4,68,9,64,200,2,2,1,567.19
102,1,4,69,2,64,200,1,1,1,442.78
102,1,4,70,2,64,200,1,1,1,485.42
102,1,4,71,3,64,200,1,1,1,1145.1
102,1,4,72,7,64,200,2,2,1,512.35
102,1,4,73,2,64,200,1,1,1,472.9
102,1,4,74,1,64,200,1,1,1,545.26
102,1,4,75,1,64,200,1,1,1,665.6
102,1,4,76,2,64,200,1,1,1,507.72
102,1,4,77,6,64,200,2,2,1,476.75
102,1,4,78,11,64,200,2,2,1,408.57
102,1,4,79,3,64,200,1,1,1,584.29
102,1,4,80,2,64,200,1,1,1,634.38
102,1,4,81,13,64,200,2,2,1,532
102,1,4,82,13,64,200,2,2,1,488.28
102,1,4,83,12,64,200,2,2,1,404.17
102,1,4,84,13,64,200,2,2,1,372.83
102,1,4,85,1,64,200,1,1,1,660.12
102,1,4,1,6,64,200,2,2,1,941.92
102,1,4,2,8,64,200,2,2,1,818.14
102,1,4,3,10,64,200,2,2,1,732.19
102,1,4,4,4,64,200,1,1,1,639.54
102,1,4,5,6,64,200,2,2,1,857.96
102,1,4,6,1,64,200,1,1,1,416.08
102,1,4,7,11,64,200,2,2,1,441.91
102,1,4,8,1,64,200,1,1,1,561.2
102,1,4,9,13,64,200,2,2,1,832.86
102,1,4,10,3,64,200,1,1,1,434.45
102,1,4,11,4,64,200,1,1,1,500.54
102,1,4,12,8,64,200,2,2,1,573.75
102,1,4,13,2,64,200,1,1,1,404.36
102,1,4,14,9,64,200,2,2,1,475.9
102,1,4,15,11,64,200,2,2,1,517.31
102,1,4,16,3,64,200,1,1,1,549.96
102,1,4,17,11,64,200,2,2,1,504.9
102,1,4,18,11,64,200,2,2,1,437.64
102,1,4,19,2,64,200,1,1,1,994.68
102,1,4,20,1,64,200,1,1,1,477.64
102,1,4,21,1,64,200,1,1,1,405.98
102,1,4,22,3,64,200,1,1,1,408.05
102,1,4,23,5,64,200,2,2,1,487.39
102,1,4,24,7,64,200,2,2,1,878.48
102,1,4,25,9,64,200,2,2,1,558.99
102,1,4,26,4,64,200,1,1,1,600.06
102,1,4,27,2,64,200,1,1,1,556.42
102,1,4,28,12,64,200,2,2,1,426.77
102,1,4,29,2,64,200,1,1,1,402.03
102,1,4,30,1,64,200,1,1,1,479.14
102,1,4,31,1,64,200,1,1,1,422.6
102,1,4,32,11,64,200,2,2,1,400.07
102,1,4,33,3,64,200,1,1,1,548.13
102,1,4,34,2,64,200,1,1,1,454.06
102,1,4,35,3,64,200,1,1,1,482.05
102,1,4,36,1,64,200,1,1,1,402.25
102,1,4,37,13,64,200,2,2,1,421.77
102,1,4,38,7,64,200,1,2,0,1066.6
102,1,4,39,2,64,200,1,1,1,544.42
102,1,4,40,2,64,200,1,1,1,498.02
102,1,4,41,10,64,200,2,2,1,412.36
102,1,4,42,12,64,200,2,2,1,934.99
102,1,4,43,5,64,200,2,2,1,614.85
102,1,4,44,1,64,200,1,1,1,701.17
102,1,4,45,12,64,200,2,2,1,479.42
102,1,4,46,4,64,200,2,1,0,1736.2
102,1,4,47,4,64,200,1,1,1,686.7
102,1,4,48,8,64,200,1,2,0,1400.2
102,1,4,49,1,64,200,1,1,1,554.97
102,1,4,50,1,64,200,1,1,1,458.54
102,1,4,51,5,64,200,2,2,1,513.39
102,1,4,52,6,64,200,2,2,1,513.91
102,1,4,53,12,64,200,2,2,1,516.23
102,1,4,54,4,64,200,2,1,0,1723
102,1,4,55,13,64,200,2,2,1,685.26
102,1,4,56,3,64,200,1,1,1,1117
102,1,4,57,2,64,200,1,1,1,472.04
102,1,4,58,10,64,200,2,2,1,449.64
102,1,4,59,10,64,200,2,2,1,441.6
102,1,4,60,5,64,200,2,2,1,595.43
102,1,4,61,4,64,200,1,1,1,765.91
102,1,4,62,3,64,200,1,1,1,502.99
102,1,4,63,12,64,200,2,2,1,372.37
102,1,4,64,4,64,200,1,1,1,462.28
102,1,4,65,3,64,200,1,1,1,518.23
102,1,4,66,3,64,200,1,1,1,478.24
102,1,4,67,9,64,200,2,2,1,499.28
102,1,4,68,10,64,200,2,2,1,440.24
102,1,4,69,6,64,200,2,2,1,631.09
102,1,4,70,13,64,200,2,2,1,417.23
102,1,4,71,5,64,200,2,2,1,641.3
102,1,4,72,2,64,200,1,1,1,499.26
102,1,4,73,4,64,200,1,1,1,1072.3
102,1,4,74,7,64,200,1,2,0,1032.7
102,1,4,75,9,64,200,2,2,1,466.49
102,1,4,76,7,64,200,2,2,1,917.78
102,1,4,77,7,64,200,2,2,1,541.95
102,1,4,78,8,64,200,2,2,1,585.57
102,1,4,79,3,64,200,1,1,1,734.17
102,1,4,80,8,64,200,2,2,1,626.33
102,1,4,81,13,64,200,2,2,1,591.69
102,1,4,82,9,64,200,2,2,1,502.85
102,1,4,83,6,64,200,2,2,1,967.46
102,1,4,84,4,64,200,2,1,0,917.12
102,1,4,85,2,64,200,1,1,1,546.66
102,1,4,1,4,64,200,1,1,1,576.82
102,1,4,2,4,64,200,1,1,1,458.72
102,1,4,3,1,64,200,1,1,1,416.01
102,1,4,4,5,64,200,2,2,1,554.53
102,1,4,5,10,64,200,1,2,0,429.6
102,1,4,6,2,64,200,1,1,1,604.47
102,1,4,7,1,64,200,1,1,1,482.69
102,1,4,8,7,64,200,2,2,1,749.02
102,1,4,9,1,64,200,1,1,1,462.52
102,1,4,10,8,64,200,2,2,1,934.38
102,1,4,11,12,64,200,2,2,1,533.53
102,1,4,12,2,64,200,1,1,1,604.34
102,1,4,13,13,64,200,2,2,1,432.03
102,1,4,14,4,64,200,1,1,1,1856
102,1,4,15,1,64,200,1,1,1,560.96
102,1,4,16,12,64,200,2,2,1,421.56
102,1,4,17,1,64,200,1,1,1,453.29
102,1,4,18,4,64,200,1,1,1,595.52
102,1,4,19,4,64,200,1,1,1,475.4
102,1,4,20,9,64,200,2,2,1,469.78
102,1,4,21,5,64,200,2,2,1,711.51
102,1,4,22,10,64,200,2,2,1,643.09
102,1,4,23,3,64,200,1,1,1,821.99
102,1,4,24,13,64,200,2,2,1,471.44
102,1,4,25,1,64,200,1,1,1,601.08
102,1,4,26,3,64,200,2,1,0,1015.6
102,1,4,27,13,64,200,2,2,1,479.95
102,1,4,28,8,64,200,2,2,1,949.77
102,1,4,29,8,64,200,2,2,1,512.17
102,1,4,30,2,64,200,1,1,1,480.19
102,1,4,31,3,64,200,1,1,1,763.83
102,1,4,32,6,64,200,2,2,1,468.89
102,1,4,33,7,64,200,1,2,0,1601.6
102,1,4,34,1,64,200,1,1,1,515.76
102,1,4,35,4,64,200,1,1,1,1744.1
102,1,4,36,11,64,200,2,2,1,426.7
102,1,4,37,12,64,200,2,2,1,441.03
102,1,4,38,11,64,200,2,2,1,447.71
102,1,4,39,3,64,200,1,1,1,1428
102,1,4,40,13,64,200,2,2,1,447.86
102,1,4,41,4,64,200,1,1,1,745.65
102,1,4,42,5,64,200,2,2,1,700.04
102,1,4,43,9,64,200,2,2,1,673.31
102,1,4,44,10,64,200,2,2,1,426.3
102,1,4,45,2,64,200,1,1,1,523.68
102,1,4,46,4,64,200,1,1,1,846.88
102,1,4,47,7,64,200,2,2,1,551.83
102,1,4,48,2,64,200,1,1,1,491.91
102,1,4,49,2,64,200,1,1,1,529.75
102,1,4,50,13,64,200,2,2,1,522.49
102,1,4,51,9,64,200,2,2,1,526.9
102,1,4,52,3,64,200,1,1,1,647.48
102,1,4,53,5,64,200,2,2,1,524.36
102,1,4,54,1,64,200,1,1,1,551.82
102,1,4,55,1,64,200,1,1,1,586.82
102,1,4,56,11,64,200,2,2,1,395.82
102,1,4,57,2,64,200,1,1,1,410.18
102,1,4,58,10,64,200,2,2,1,439.35
102,1,4,59,6,64,200,2,2,1,669.46
102,1,4,60,1,64,200,1,1,1,412.5
102,1,4,61,3,64,200,1,1,1,466.41
102,1,4,62,7,64,200,2,2,1,896.99
102,1,4,63,8,64,200,2,2,1,516.02
102,1,4,64,6,64,200,2,2,1,543.76
102,1,4,65,2,64,200,1,1,1,612.42
102,1,4,66,2,64,200,1,1,1,488.79
102,1,4,67,9,64,200,2,2,1,455.44
102,1,4,68,3,64,200,1,1,1,411.84
102,1,4,69,11,64,200,2,2,1,408.03
102,1,4,70,3,64,200,1,1,1,397.29
102,1,4,71,4,64,200,1,1,1,469.99
102,1,4,72,8,64,200,2,2,1,559.69
102,1,4,73,9,64,200,2,2,1,653.85
102,1,4,74,11,64,200,2,2,1,586.41
102,1,4,75,12,64,200,2,2,1,490.29
102,1,4,76,6,64,200,2,2,1,1745.2
102,1,4,77,3,64,200,1,1,1,707.24
102,1,4,78,2,64,200,1,1,1,697.18
102,1,4,79,3,64,200,1,1,1,549.82
102,1,4,80,6,64,200,2,2,1,500.2
102,1,4,81,12,64,200,2,2,1,466.68
102,1,4,82,10,64,200,2,2,1,559.49
102,1,4,83,5,64,200,2,2,1,650.89
102,1,4,84,7,64,200,2,2,1,563.48
102,1,4,85,4,64,200,1,1,1,912.98
102,1,4,1,2,64,200,1,1,1,938.51
102,1,4,2,4,64,200,1,1,1,975.11
102,1,4,3,8,64,200,2,2,1,500.27
102,1,4,4,3,64,200,1,1,1,438.98
102,1,4,5,9,64,200,2,2,1,445.78
102,1,4,6,7,64,200,1,2,0,1049.6
102,1,4,7,4,64,200,1,1,1,759.23
102,1,4,8,10,64,200,2,2,1,405.27
102,1,4,9,2,64,200,1,1,1,532.88
102,1,4,10,2,64,200,1,1,1,462.31
102,1,4,11,11,64,200,2,2,1,507.21
102,1,4,12,2,64,200,1,1,1,522.85
102,1,4,13,1,64,200,1,1,1,486.54
102,1,4,14,6,64,200,2,2,1,801.96
102,1,4,15,13,64,200,2,2,1,479.79
102,1,4,16,2,64,200,1,1,1,492.03
102,1,4,17,7,64,200,2,2,1,485.85
102,1,4,18,9,64,200,2,2,1,473.25
102,1,4,19,3,64,200,1,1,1,986.64
102,1,4,20,13,64,200,2,2,1,396.59
102,1,4,21,5,64,200,2,2,1,504.03
102,1,4,22,11,64,200,2,2,1,481.44
102,1,4,23,5,64,200,2,2,1,581.35
102,1,4,24,3,64,200,1,1,1,744.71
102,1,4,25,7,64,200,2,2,1,596.86
102,1,4,26,9,64,200,2,2,1,496.18
102,1,4,27,13,64,200,2,2,1,506.85
102,1,4,28,4,64,200,1,1,1,776.53
102,1,4,29,4,64,200,1,1,1,685.45
102,1,4,30,3,64,200,1,1,1,484.29
102,1,4,31,3,64,200,1,1,1,793.03
102,1,4,32,3,64,200,1,1,1,475.26
102,1,4,33,3,64,200,1,1,1,478.56
102,1,4,34,12,64,200,2,2,1,400.98
102,1,4,35,2,64,200,1,1,1,482.27
102,1,4,36,2,64,200,1,1,1,464
102,1,4,37,8,64,200,2,2,1,526.46
102,1,4,38,1,64,200,1,1,1,383.12
102,1,4,39,13,64,200,2,2,1,404.72
102,1,4,40,1,64,200,1,1,1,415.17
102,1,4,41,12,64,200,2,2,1,447.92
102,1,4,42,1,64,200,1,1,1,559.79
102,1,4,43,5,64,200,2,2,1,495.58
102,1,4,44,10,64,200,2,2,1,426.95
102,1,4,45,4,64,200,1,1,1,492.22
102,1,4,46,7,64,200,2,2,1,565.98
102,1,4,47,7,64,200,1,2,0,1029.5
102,1,4,48,5,64,200,2,2,1,610.93
102,1,4,49,2,64,200,1,1,1,691.4
102,1,4,50,2,64,200,1,1,1,604.54
102,1,4,51,10,64,200,2,2,1,421.98
102,1,4,52,6,64,200,2,2,1,754.66
102,1,4,53,1,64,200,1,1,1,421.87
102,1,4,54,4,64,200,1,1,1,447.45
102,1,4,55,6,64,200,2,2,1,486.26
102,1,4,56,5,64,200,1,2,0,755.16
102,1,4,57,4,64,200,1,1,1,1201.2
102,1,4,58,8,64,200,2,2,1,538.93
102,1,4,59,1,64,200,1,1,1,419.88
102,1,4,60,11,64,200,2,2,1,524.57
102,1,4,61,10,64,200,2,2,1,450.92
102,1,4,62,11,64,200,2,2,1,436.17
102,1,4,63,4,64,200,1,1,1,638.77
102,1,4,64,11,64,200,2,2,1,450.94
102,1,4,65,3,64,200,1,1,1,425.09
102,1,4,66,1,64,200,1,1,1,587.51
102,1,4,67,13,64,200,2,2,1,397.73
102,1,4,68,1,64,200,1,1,1,450.87
102,1,4,69,12,64,200,2,2,1,402.61
102,1,4,70,4,64,200,1,1,1,778
102,1,4,71,2,64,200,1,1,1,419.14
102,1,4,72,8,64,200,2,2,1,1313.3
102,1,4,73,10,64,200,2,2,1,439.17
102,1,4,74,8,64,200,2,2,1,1390.6
102,1,4,75,9,64,200,2,2,1,633.74
102,1,4,76,12,64,200,2,2,1,491.91
102,1,4,77,3,64,200,1,1,1,383.99
102,1,4,78,4,64,200,1,1,1,1466.9
102,1,4,79,3,64,200,1,1,1,483.84
102,1,4,80,6,64,200,2,2,1,454.77
102,1,4,81,12,64,200,2,2,1,417.16
102,1,4,82,1,64,200,1,1,1,467.81
102,1,4,83,6,64,200,2,2,1,551.86
102,1,4,84,1,64,200,1,1,1,394.21
102,1,4,85,9,64,200,2,2,1,461.2
