170,1,5,1,1,64,200,1,1,1,569.24
170,1,5,2,12,64,200,2,2,1,405.14
170,1,5,3,5,64,200,2,2,1,740.6
170,1,5,4,2,64,200,1,1,1,519.18
170,1,5,5,13,64,200,2,2,1,410.57
170,1,5,6,4,64,200,1,1,1,801.97
170,1,5,7,6,64,200,2,2,1,621.35
170,1,5,8,8,64,200,2,2,1,628.84
170,1,5,9,3,64,200,1,1,1,467.04
170,1,5,10,4,64,200,1,1,1,611.35
170,1,5,11,2,64,200,1,1,1,578.6
170,1,5,12,10,64,200,2,2,1,411.03
170,1,5,13,11,64,200,2,2,1,383.76
170,1,5,14,9,64,200,2,2,1,535.43
170,1,5,15,3,64,200,1,1,1,441.73
170,1,5,16,7,64,200,2,2,1,1860.7
170,1,5,17,1,64,200,1,1,1,1184.2
170,1,5,18,3,64,200,1,1,1,495.35
170,1,5,19,4,64,200,1,1,1,762.07
170,1,5,20,10,64,200,2,2,1,666.45
170,1,5,21,2,64,200,1,1,1,480.85
170,1,5,22,8,64,200,2,2,1,625.46
170,1,5,23,3,64,200,1,1,1,699.86
170,1,5,24,3,64,200,1,1,1,497.35
170,1,5,25,10,64,200,2,2,1,457.89
170,1,5,26,4,64,200,1,1,1,577.59
170,1,5,27,3,64,200,1,1,1,580.91
170,1,5,28,9,64,200,2,2,1,543.31
170,1,5,29,11,64,200,2,2,1,410.94
170,1,5,30,5,64,200,2,2,1,495
170,1,5,31,2,64,200,1,1,1,1473.1
170,1,5,32,1,64,200,1,1,1,739.03
170,1,5,33,1,64,200,1,1,1,568.21
170,1,5,34,3,64,200,2,1,0,774.62
170,1,5,35,11,64,200,2,2,1,491.88
170,1,5,36,1,64,200,1,1,1,1022
170,1,5,37,9,64,200,2,2,1,1074.5
170,1,5,38,6,64,200,2,2,1,763.41
170,1,5,39,2,64,200,1,1,1,883.58
170,1,5,40,1,64,200,1,1,1,1672.4
170,1,5,41,2,64,200,1,1,1,1510.4
170,1,5,42,1,64,200,1,1,1,1404.8
170,1,5,43,7,64,200,2,2,1,890.92
170,1,5,44,4,64,200,1,1,1,1303.3
170,1,5,45,6,64,200,2,2,1,875.81
170,1,5,46,1,64,200,1,1,1,959.06
170,1,5,47,9,64,200,2,2,1,1024.4
170,1,5,48,6,64,200,2,2,1,2200.8
170,1,5,49,11,64,200,2,2,1,529.63
170,1,5,50,1,64,200,1,1,1,492.96
170,1,5,51,3,64,200,1,1,1,3002.8
170,1,5,52,4,64,200,1,1,1,1775.6
170,1,5,53,13,64,200,2,2,1,1837.3
170,1,5,54,2,64,200,1,1,1,1126.9
170,1,5,55,4,64,200,1,1,1,1131.8
170,1,5,56,7,64,200,2,2,1,812.28
170,1,5,57,7,64,200,2,2,1,1636.2
170,1,5,58,1,64,200,1,1,1,1528.8
170,1,5,59,12,64,200,2,2,1,717.75
170,1,5,60,6,64,200,2,2,1,2217.3
170,1,5,61,9,64,200,2,2,1,525.96
170,1,5,62,2,64,200,1,1,1,775.93
170,1,5,63,2,64,200,1,1,1,593.42
170,1,5,64,12,64,200,2,2,1,439.16
170,1,5,65,13,64,200,2,2,1,622.17
170,1,5,66,10,64,200,2,2,1,435.68
170,1,5,67,12,64,200,2,2,1,1926
170,1,5,68,5,64,200,2,2,1,1191.3
170,1,5,69,2,64,200,1,1,1,1895
170,1,5,70,5,64,200,2,2,1,794.74
170,1,5,71,1,64,200,1,1,1,1315.6
170,1,5,72,7,64,200,2,2,1,991.1
170,1,5,73,4,64,200,1,1,1,1292.9
170,1,5,74,5,64,200,2,2,1,692.23
170,1,5,75,3,64,200,1,1,1,980.5
170,1,5,76,3,64,200,1,1,1,841.55
170,1,5,77,7,64,200,2,2,1,669.74
170,1,5,78,12,64,200,2,2,1,419.54
170,1,5,79,13,64,200,2,2,1,1241
170,1,5,80,5,64,200,2,2,1,3226.4
170,1,5,81,4,64,200,1,1,1,2258.2
170,1,5,82,8,64,200,2,2,1,2550.7
170,1,5,83,11,64,200,2,2,1,1257.6
170,1,5,84,13,64,200,2,2,1,1644.6
170,1,5,85,1,64,200,1,1,1,474.77
170,1,5,86,3,64,200,1,1,1,2125
170,1,5,87,2,64,200,1,1,1,1325.7
170,1,5,88,9,64,200,2,2,1,927.17
170,1,5,89,4,64,200,1,1,1,642.3
170,1,5,90,12,64,200,2,2,1,778.06
170,1,5,91,10,64,200,2,2,1,946.76
170,1,5,92,8,64,200,2,2,1,747.15
170,1,5,93,8,64,200,2,2,1,1479.1
170,1,5,94,10,64,200,2,2,1,1215.4
170,1,5,95,8,64,200,2,2,1,1622
170,1,5,96,13,64,200,2,2,1,927.33
170,1,5,97,2,64,200,1,1,1,854.16
170,1,5,98,3,64,200,1,1,1,1004
170,1,5,99,4,64,200,1,1,1,955.4
170,1,5,100,6,64,200,2,2,1,1015.5
170,1,5,101,4,64,200,1,1,1,1154.5
170,1,5,102,11,64,200,2,2,1,491.38
170,1,5,1,1,64,200,1,1,1,1204.7
170,1,5,2,12,64,200,2,2,1,510.34
170,1,5,3,10,64,200,2,2,1,627.2
170,1,5,4,1,64,200,1,1,1,891.99
170,1,5,5,3,64,200,2,1,0,1727.8
170,1,5,6,2,64,200,1,1,1,508.01
170,1,5,7,9,64,200,2,2,1,1640.8
170,1,5,8,6,64,200,2,2,1,701.42
170,1,5,9,4,64,200,1,1,1,2002.4
170,1,5,10,13,64,200,2,2,1,818.95
170,1,5,11,2,64,200,1,1,1,2668
170,1,5,12,9,64,200,2,2,1,3337.8
170,1,5,13,5,64,200,2,2,1,3503.9
170,1,5,14,2,64,200,1,1,1,1637.1
170,1,5,15,11,64,200,2,2,1,1452.6
170,1,5,16,2,64,200,1,1,1,1089.3
170,1,5,17,6,64,200,2,2,1,2466.3
170,1,5,18,3,64,200,1,1,1,732.75
170,1,5,19,11,64,200,2,2,1,1920.9
170,1,5,20,7,64,200,2,2,1,560.11
170,1,5,21,3,64,200,1,1,1,1913.1
170,1,5,22,2,64,200,1,1,1,3003.3
170,1,5,23,13,64,200,2,2,1,2443.2
170,1,5,24,10,64,200,2,2,1,1018.1
170,1,5,25,9,64,200,2,2,1,1178.8
170,1,5,26,12,64,200,2,2,1,2721.3
170,1,5,27,4,64,200,1,1,1,3646.4
170,1,5,28,3,64,200,1,1,1,1582
170,1,5,29,2,64,200,1,1,1,1234.8
170,1,5,30,8,64,200,2,2,1,1536.6
170,1,5,31,8,64,200,2,2,1,1244.2
170,1,5,32,1,64,200,1,1,1,1695.4
170,1,5,33,13,64,200,2,2,1,1511.3
170,1,5,34,7,64,200,2,2,1,593.04
170,1,5,35,12,64,200,2,2,1,2746.1
170,1,5,36,12,64,200,2,2,1,1046.1
170,1,5,37,3,64,200,1,1,1,945.28
170,1,5,38,4,64,200,1,1,1,1386.3
170,1,5,39,10,64,200,2,2,1,1133.7
170,1,5,40,12,64,200,2,2,1,894.72
170,1,5,41,11,64,200,2,2,1,1335.1
170,1,5,42,11,64,200,2,2,1,858.48
170,1,5,43,9,64,200,2,2,1,2058.3
170,1,5,44,3,64,200,1,1,1,2487.8
170,1,5,45,7,64,200,2,2,1,1967.6
170,1,5,46,2,64,200,1,1,1,1530.8
170,1,5,47,8,64,200,2,2,1,1977
170,1,5,48,5,64,200,2,2,1,1488.4
170,1,5,49,10,64,200,2,2,1,1121.6
170,1,5,50,11,64,200,2,2,1,560.97
170,1,5,51,3,64,200,1,1,1,1899.3
170,1,5,52,4,64,200,1,1,1,1759.1
170,1,5,53,1,64,200,1,1,1,1397.6
170,1,5,54,8,64,200,2,2,1,2423.6
170,1,5,55,7,64,200,2,2,1,1265.8
170,1,5,56,1,64,200,1,1,1,3034.9
170,1,5,57,5,64,200,2,2,1,1632.4
170,1,5,58,13,64,200,2,2,1,1230.2
170,1,5,59,1,64,200,1,1,1,847.58
170,1,5,60,2,64,200,1,1,1,2054.3
170,1,5,61,10,64,200,2,2,1,2028
170,1,5,62,6,64,200,2,2,1,1459.9
170,1,5,63,5,64,200,2,2,1,3219.7
170,1,5,64,8,64,200,2,2,1,1618.5
170,1,5,65,5,64,200,2,2,1,2884.9
170,1,5,66,4,64,200,1,1,1,905.5
170,1,5,67,1,64,200,1,1,1,1302.8
170,1,5,68,4,64,200,1,1,1,1825.2
170,1,5,69,1,64,200,1,1,1,3418
170,1,5,70,1,64,200,1,1,1,894.27
170,1,5,71,9,64,200,2,2,1,1513.9
170,1,5,72,7,64,200,2,2,1,2293.7
170,1,5,73,4,64,200,1,1,1,1972
170,1,5,74,13,64,200,2,2,1,1042.6
170,1,5,75,2,64,200,1,1,1,1755.9
170,1,5,76,1,64,200,1,1,1,1032
170,1,5,77,3,64,200,1,1,1,1715.2
170,1,5,78,3,64,200,1,1,1,2874.8
170,1,5,79,6,64,200,2,2,1,1280.1
170,1,5,80,4,64,200,1,1,1,915.16
170,1,5,81,2,64,200,1,1,1,2304.4
170,1,5,82,6,64,200,2,2,1,2536.6
170,1,5,83,4,64,200,1,1,1,1602.3
170,1,5,84,3,64,200,1,1,1,1274.6
170,1,5,85,4,64,200,1,1,1,1110.2
170,1,5,1,4,64,200,1,1,1,1468.9
170,1,5,2,9,64,200,2,2,1,1145.6
170,1,5,3,3,64,200,1,1,1,723.96
170,1,5,4,4,64,200,1,1,1,1616.7
170,1,5,5,2,64,200,1,1,1,624.36
170,1,5,6,10,64,200,2,2,1,994.41
170,1,5,7,13,64,200,2,2,1,634.83
170,1,5,8,2,64,200,1,1,1,1132.8
170,1,5,9,12,64,200,2,2,1,1223.9
170,1,5,10,8,64,200,2,2,1,982.85
170,1,5,11,7,64,200,1,2,0,1468.4
170,1,5,12,13,64,200,2,2,1,1587.5
170,1,5,13,2,64,200,1,1,1,1127.5
170,1,5,14,4,64,200,1,1,1,1408.5
170,1,5,15,6,64,200,2,2,1,1898.8
170,1,5,16,13,64,200,2,2,1,1467.9
170,1,5,17,3,64,200,1,1,1,1324.4
170,1,5,18,6,64,200,2,2,1,1750.5
170,1,5,19,1,64,200,1,1,1,876.46
170,1,5,20,6,64,200,2,2,1,1056
170,1,5,21,1,64,200,1,1,1,1138.8
170,1,5,22,7,64,200,2,2,1,1638.6
170,1,5,23,5,64,200,2,2,1,1088.9
170,1,5,24,10,64,200,2,2,1,1081.9
170,1,5,25,1,64,200,1,1,1,536.27
170,1,5,26,6,64,200,2,2,1,759.34
170,1,5,27,4,64,200,1,1,1,2766.8
170,1,5,28,1,64,200,1,1,1,1855.2
170,1,5,29,13,64,200,2,2,1,661.36
170,1,5,30,13,64,200,2,2,1,764.31
170,1,5,31,7,64,200,2,2,1,1142.3
170,1,5,32,2,64,200,1,1,1,1358.7
170,1,5,33,6,64,200,2,2,1,1473.7
170,1,5,34,5,64,200,2,2,1,1896.8
170,1,5,35,10,64,200,2,2,1,873.51
170,1,5,36,4,64,200,1,1,1,744.73
170,1,5,37,7,64,200,2,2,1,1257
170,1,5,38,8,64,200,2,2,1,1060.3
170,1,5,39,8,64,200,2,2,1,1466.1
170,1,5,40,2,64,200,1,1,1,2134.4
170,1,5,41,2,64,200,1,1,1,926.61
170,1,5,42,8,64,200,2,2,1,750.25
170,1,5,43,1,64,200,1,1,1,1673.7
170,1,5,44,4,64,200,1,1,1,2146
170,1,5,45,1,64,200,1,1,1,2042.6
170,1,5,46,9,64,200,2,2,1,2758.1
170,1,5,47,12,64,200,2,2,1,1299.1
170,1,5,48,10,64,200,2,2,1,1058.5
170,1,5,49,3,64,200,1,1,1,580.64
170,1,5,50,2,64,200,1,1,1,2004.6
170,1,5,51,3,64,200,1,1,1,1429.1
170,1,5,52,10,64,200,2,2,1,1540.7
170,1,5,53,3,64,200,1,1,1,844.41
170,1,5,54,7,64,200,1,2,0,1071.3
170,1,5,55,4,64,200,1,1,1,1307.5
170,1,5,56,11,64,200,2,2,1,918.47
170,1,5,57,11,64,200,2,2,1,622.08
170,1,5,58,11,64,200,2,2,1,2136.1
170,1,5,59,1,64,200,1,1,1,598.47
170,1,5,60,5,64,200,2,2,1,487.31
170,1,5,61,1,64,200,1,1,1,1395.3
170,1,5,62,1,64,200,1,1,1,744.17
170,1,5,63,5,64,200,2,2,1,846.17
170,1,5,64,4,64,200,2,1,0,998.64
170,1,5,65,3,64,200,1,1,1,614.05
170,1,5,66,2,64,200,1,1,1,963.42
170,1,5,67,4,64,200,1,1,1,1679.1
170,1,5,68,9,64,200,2,2,1,1970.2
170,1,5,69,12,64,200,2,2,1,545.86
170,1,5,70,3,64,200,1,1,1,1542.4
170,1,5,71,2,64,200,1,1,1,619.52
170,1,5,72,5,64,200,2,2,1,699.3
170,1,5,73,9,64,200,2,2,1,1769.5
170,1,5,74,4,64,200,1,1,1,1197.1
170,1,5,75,3,64,200,1,1,1,1200.6
170,1,5,76,11,64,200,2,2,1,1090.4
170,1,5,77,3,64,200,1,1,1,615.02
170,1,5,78,12,64,200,2,2,1,409.63
170,1,5,79,12,64,200,2,2,1,677.9
170,1,5,80,2,64,200,1,1,1,665.28
170,1,5,81,9,64,200,2,2,1,781.24
170,1,5,82,11,64,200,2,2,1,562.82
170,1,5,83,3,64,200,1,1,1,1345.9
170,1,5,84,1,64,200,1,1,1,1350
170,1,5,85,8,64,200,2,2,1,463.87
170,1,5,1,10,64,200,2,2,1,1540.9
170,1,5,2,3,64,200,1,1,1,880.2
170,1,5,3,4,64,200,1,1,1,612.07
170,1,5,4,2,64,200,1,1,1,1057.5
170,1,5,5,12,64,200,2,2,1,482.59
170,1,5,6,13,64,200,2,2,1,397.51
170,1,5,7,8,64,200,2,2,1,943.7
170,1,5,8,6,64,200,2,2,1,1136.9
170,1,5,9,12,64,200,2,2,1,1423.4
170,1,5,10,3,64,200,1,1,1,2073.2
170,1,5,11,11,64,200,2,2,1,473.33
170,1,5,12,3,64,200,1,1,1,564.45
170,1,5,13,3,64,200,1,1,1,1312.6
170,1,5,14,7,64,200,2,2,1,1652.3
170,1,5,15,1,64,200,1,1,1,819.59
170,1,5,16,11,64,200,2,2,1,834.47
170,1,5,17,9,64,200,2,2,1,1058.8
170,1,5,18,3,64,200,1,1,1,695.27
170,1,5,19,12,64,200,2,2,1,765.56
170,1,5,20,6,64,200,2,2,1,1109.5
170,1,5,21,13,64,200,2,2,1,1244.6
170,1,5,22,4,64,200,1,1,1,2047.4
170,1,5,23,2,64,200,1,1,1,1308.2
170,1,5,24,2,64,200,1,1,1,871.41
170,1,5,25,7,64,200,2,2,1,1032.7
170,1,5,26,2,64,200,1,1,1,1017.3
170,1,5,27,1,64,200,1,1,1,1207.9
170,1,5,28,7,64,200,2,2,1,931.83
170,1,5,29,2,64,200,1,1,1,917.09
170,1,5,30,13,64,200,2,2,1,843.13
170,1,5,31,2,64,200,1,1,1,1481.3
170,1,5,32,9,64,200,2,2,1,820.48
170,1,5,33,3,64,200,1,1,1,1987.9
170,1,5,34,1,64,200,1,1,1,1273.7
170,1,5,35,5,64,200,2,2,1,1006.3
170,1,5,36,8,64,200,2,2,1,547.74
170,1,5,37,5,64,200,2,2,1,1567.7
170,1,5,38,2,64,200,1,1,1,1118
170,1,5,39,3,64,200,1,1,1,1107.7
170,1,5,40,9,64,200,2,2,1,1399.8
170,1,5,41,3,64,200,1,1,1,1437.3
170,1,5,42,8,64,200,2,2,1,1319.6
170,1,5,43,9,64,200,2,2,1,1481.3
170,1,5,44,7,64,200,2,2,1,1323.9
170,1,5,45,4,64,200,1,1,1,1080.2
170,1,5,46,10,64,200,2,2,1,893.5
170,1,5,47,5,64,200,2,2,1,1118.3
170,1,5,48,1,64,200,1,1,1,790.38
170,1,5,49,3,64,200,1,1,1,1115.6
170,1,5,50,1,64,200,1,1,1,1048.2
170,1,5,51,6,64,200,2,2,1,1045.7
170,1,5,52,4,64,200,1,1,1,1338
170,1,5,53,11,64,200,2,2,1,951.16
170,1,5,54,6,64,200,2,2,1,556.3
170,1,5,55,10,64,200,2,2,1,776.14
170,1,5,56,1,64,200,1,1,1,876.12
170,1,5,57,13,64,200,2,2,1,656.46
170,1,5,58,7,64,200,2,2,1,1160.3
170,1,5,59,1,64,200,1,1,1,825.72
170,1,5,60,2,64,200,1,1,1,903.24
170,1,5,61,13,64,200,2,2,1,901.19
170,1,5,62,5,64,200,2,2,1,1643
170,1,5,63,12,64,200,2,2,1,832.89
170,1,5,64,11,64,200,2,2,1,783.98
170,1,5,65,8,64,200,2,2,1,895.42
170,1,5,66,4,64,200,1,1,1,1068.5
170,1,5,67,1,64,200,1,1,1,854.94
170,1,5,68,6,64,200,2,2,1,1454.4
170,1,5,69,12,64,200,2,2,1,814.22
170,1,5,70,2,64,200,1,1,1,2181.4
170,1,5,71,2,64,200,1,1,1,1143.7
170,1,5,72,10,64,200,2,2,1,832.25
170,1,5,73,4,64,200,1,1,1,1010.7
170,1,5,74,4,64,200,1,1,1,1987.8
170,1,5,75,11,64,200,2,2,1,720.17
170,1,5,76,1,64,200,1,1,1,1078.4
170,1,5,77,4,64,200,1,1,1,1006.8
170,1,5,78,8,64,200,2,2,1,973.36
170,1,5,79,5,64,200,2,2,1,846.81
170,1,5,80,1,64,200,1,1,1,1264.8
170,1,5,81,3,64,200,1,1,1,1071.1
170,1,5,82,4,64,200,1,1,1,942.09
170,1,5,83,9,64,200,2,2,1,811.81
170,1,5,84,4,64,200,1,1,1,1410.2
170,1,5,85,10,64,200,2,2,1,998.89
170,1,5,1,10,64,200,2,2,1,1057.6
170,1,5,2,2,64,200,1,1,1,614.81
170,1,5,3,1,64,200,1,1,1,680.38
170,1,5,4,4,64,200,1,1,1,505.24
170,1,5,5,4,64,200,1,1,1,1000.5
170,1,5,6,11,64,200,2,2,1,2031
170,1,5,7,3,64,200,1,1,1,1090.9
170,1,5,8,4,64,200,1,1,1,966.74
170,1,5,9,3,64,200,1,1,1,1057.7
170,1,5,10,6,64,200,2,2,1,1167.8
170,1,5,11,4,64,200,1,1,1,918.35
170,1,5,12,10,64,200,2,2,1,714.92
170,1,5,13,2,64,200,1,1,1,760.04
170,1,5,14,8,64,200,2,2,1,969.03
170,1,5,15,9,64,200,2,2,1,1045.7
170,1,5,16,6,64,200,1,2,0,766.54
170,1,5,17,5,64,200,2,2,1,1137
170,1,5,18,2,64,200,1,1,1,2174.3
170,1,5,19,8,64,200,2,2,1,1417.8
170,1,5,20,12,64,200,2,2,1,864.42
170,1,5,21,1,64,200,1,1,1,817.71
170,1,5,22,1,64,200,1,1,1,1033
170,1,5,23,13,64,200,2,2,1,628.86
170,1,5,24,8,64,200,2,2,1,1112.4
170,1,5,25,11,64,200,2,2,1,981.51
170,1,5,26,2,64,200,1,1,1,1084.1
170,1,5,27,13,64,200,2,2,1,869.6
170,1,5,28,1,64,200,1,1,1,1124.7
170,1,5,29,3,64,200,1,1,1,917.23
170,1,5,30,9,64,200,2,2,1,553.94
170,1,5,31,9,64,200,2,2,1,662.94
170,1,5,32,5,64,200,2,2,1,968.38
170,1,5,33,3,64,200,1,1,1,823.11
170,1,5,34,2,64,200,1,1,1,928.43
170,1,5,35,11,64,200,2,2,1,639.04
170,1,5,36,5,64,200,2,2,1,1068.1
170,1,5,37,10,64,200,2,2,1,1109.6
170,1,5,38,12,64,200,2,2,1,1000.4
170,1,5,39,13,64,200,2,2,1,908.67
170,1,5,40,9,64,200,2,2,1,1350.5
170,1,5,41,7,64,200,2,2,1,1510.2
170,1,5,42,2,64,200,1,1,1,1844
170,1,5,43,5,64,200,2,2,1,1298.5
170,1,5,44,11,64,200,2,2,1,992.46
170,1,5,45,4,64,200,1,1,1,1305.1
170,1,5,46,7,64,200,2,2,1,1607.8
170,1,5,47,4,64,200,1,1,1,1183.9
170,1,5,48,1,64,200,1,1,1,1348.7
170,1,5,49,3,64,200,1,1,1,787.83
170,1,5,50,6,64,200,2,2,1,1335.6
170,1,5,51,7,64,200,2,2,1,987.69
170,1,5,52,5,64,200,2,2,1,1581.2
170,1,5,53,6,64,200,2,2,1,1131.4
170,1,5,54,1,64,200,1,1,1,2426.3
170,1,5,55,11,64,200,2,2,1,1152.8
170,1,5,56,12,64,200,2,2,1,1221.4
170,1,5,57,12,64,200,2,2,1,439.97
170,1,5,58,3,64,200,1,1,1,674.07
170,1,5,59,4,64,200,1,1,1,1474.5
170,1,5,60,3,64,200,1,1,1,1070.4
170,1,5,61,4,64,200,1,1,1,1231.5
170,1,5,62,1,64,200,1,1,1,588.54
170,1,5,63,9,64,200,2,2,1,1062
170,1,5,64,10,64,200,2,2,1,1005.1
170,1,5,65,13,64,200,2,2,1,622.07
170,1,5,66,3,64,200,1,1,1,1486.4
170,1,5,67,7,64,200,2,2,1,1493.4
170,1,5,68,6,64,200,2,2,1,1208.5
170,1,5,69,8,64,200,2,2,1,714.78
170,1,5,70,13,64,200,2,2,1,808.9
170,1,5,71,12,64,200,2,2,1,456.33
170,1,5,72,2,64,200,1,1,1,1053.8
170,1,5,73,2,64,200,1,1,1,2727.6
170,1,5,74,4,64,200,1,1,1,2519.8
170,1,5,75,8,64,200,2,2,1,1211.1
170,1,5,76,2,64,200,1,1,1,783.97
170,1,5,77,7,64,200,2,2,1,618.85
170,1,5,78,10,64,200,2,2,1,556.71
170,1,5,79,4,64,200,1,1,1,2139.4
170,1,5,80,1,64,200,1,1,1,503.78
170,1,5,81,2,64,200,1,1,1,1209
170,1,5,82,3,64,200,1,1,1,1644.6
170,1,5,83,1,64,200,1,1,1,606.25
170,1,5,84,3,64,200,1,1,1,973.05
170,1,5,85,1,64,200,1,1,1,627.32
170,1,5,1,2,64,200,1,1,1,985.02
170,1,5,2,3,64,200,1,1,1,1092
170,1,5,3,2,64,200,1,1,1,660.13
170,1,5,4,4,64,200,1,1,1,1335.2
170,1,5,5,13,64,200,2,2,1,1912.9
170,1,5,6,13,64,200,2,2,1,1019.2
170,1,5,7,1,64,200,1,1,1,745.35
170,1,5,8,6,64,200,2,2,1,990.68
170,1,5,9,3,64,200,1,1,1,1336.9
170,1,5,10,1,64,200,1,1,1,1799.9
170,1,5,11,3,64,200,1,1,1,1057.7
170,1,5,12,1,64,200,1,1,1,1450
170,1,5,13,9,64,200,2,2,1,2651.9
170,1,5,14,3,64,200,2,1,0,1696.5
170,1,5,15,3,64,200,1,1,1,2581.6
170,1,5,16,5,64,200,2,2,1,1094.6
170,1,5,17,10,64,200,2,2,1,743.03
170,1,5,18,4,64,200,1,1,1,1062.4
170,1,5,19,4,64,200,1,1,1,1519.3
170,1,5,20,2,64,200,1,1,1,2380.2
170,1,5,21,2,64,200,1,1,1,1211.6
170,1,5,22,10,64,200,2,2,1,705.65
170,1,5,23,12,64,200,2,2,1,1323.8
170,1,5,24,1,64,200,1,1,1,1335.6
170,1,5,25,5,64,200,2,2,1,1717
170,1,5,26,11,64,200,2,2,1,987.55
170,1,5,27,4,64,200,2,1,0,1673
170,1,5,28,6,64,200,2,2,1,709.02
170,1,5,29,12,64,200,2,2,1,1074.1
170,1,5,30,1,64,200,1,1,1,2247.9
170,1,5,31,13,64,200,2,2,1,1270.7
170,1,5,32,10,64,200,2,2,1,1125.1
170,1,5,33,11,64,200,2,2,1,2146.1
170,1,5,34,2,64,200,1,1,1,2545.9
170,1,5,35,8,64,200,2,2,1,678.33
170,1,5,36,4,64,200,1,1,1,1455.5
170,1,5,37,12,64,200,2,2,1,1033.9
170,1,5,38,4,64,200,1,1,1,1004.6
170,1,5,39,13,64,200,2,2,1,1534.2
170,1,5,40,5,64,200,2,2,1,907.09
170,1,5,41,7,64,200,2,2,1,1271.6
170,1,5,42,4,64,200,1,1,1,1728.4
170,1,5,43,9,64,200,2,2,1,675.75
170,1,5,44,2,64,200,1,1,1,557.73
170,1,5,45,11,64,200,2,2,1,541.06
170,1,5,46,6,64,200,2,2,1,1572.8
170,1,5,47,5,64,200,2,2,1,1709.7
170,1,5,48,1,64,200,1,1,1,1257
170,1,5,49,1,64,200,1,1,1,1003.2
170,1,5,50,10,64,200,2,2,1,1150.6
170,1,5,51,3,64,200,1,1,1,1079.5
170,1,5,52,7,64,200,2,2,1,2013.9
170,1,5,53,3,64,200,1,1,1,1185.8
170,1,5,54,9,64,200,2,2,1,1800.8
170,1,5,55,13,64,200,2,2,1,1296.9
170,1,5,56,9,64,200,2,2,1,1279.8
170,1,5,57,7,64,200,2,2,1,1645.3
170,1,5,58,8,64,200,2,2,1,1176.1
170,1,5,59,4,64,200,2,1,0,2377
170,1,5,60,9,64,200,2,2,1,844.75
170,1,5,61,11,64,200,2,2,1,692.16
170,1,5,62,1,64,200,1,1,1,1037.3
170,1,5,63,3,64,200,1,1,1,1387.4
170,1,5,64,5,64,200,2,2,1,4006.9
170,1,5,65,2,64,200,1,1,1,1722.4
170,1,5,66,8,64,200,2,2,1,1183.7
170,1,5,67,12,64,200,2,2,1,1676.5
170,1,5,68,7,64,200,2,2,1,1107.3
170,1,5,69,4,64,200,1,1,1,4086.4
170,1,5,70,2,64,200,1,1,1,1299.6
170,1,5,71,6,64,200,2,2,1,817.11
170,1,5,72,2,64,200,1,1,1,3137.1
170,1,5,73,10,64,200,2,2,1,838.22
170,1,5,74,12,64,200,2,2,1,761.43
170,1,5,75,3,64,200,1,1,1,827.76
170,1,5,76,1,64,200,1,1,1,1172.1
170,1,5,77,1,64,200,1,1,1,464.67
170,1,5,78,7,64,200,2,2,1,833.22
170,1,5,79,11,64,200,2,2,1,1392.8
170,1,5,80,8,64,200,2,2,1,974.55
170,1,5,81,6,64,200,2,2,1,1144.2
170,1,5,82,3,64,200,1,1,1,1381.8
170,1,5,83,4,64,200,1,1,1,1369.9
170,1,5,84,2,64,200,1,1,1,1869.5
170,1,5,85,8,64,200,1,2,0,1193.2
170,1,5,1,1,64,200,1,1,1,1099.3
170,1,5,2,1,64,200,1,1,1,429.21
170,1,5,3,13,64,200,2,2,1,1919.4
170,1,5,4,1,64,200,1,1,1,641.39
170,1,5,5,1,64,200,1,1,1,1119.4
170,1,5,6,5,64,200,2,2,1,738.17
170,1,5,7,11,64,200,2,2,1,672.78
170,1,5,8,2,64,200,1,1,1,556.65
170,1,5,9,4,64,200,1,1,1,584.03
170,1,5,10,6,64,200,2,2,1,864.21
170,1,5,11,5,64,200,2,2,1,1458.1
170,1,5,12,7,64,200,2,2,1,1103.4
170,1,5,13,8,64,200,2,2,1,1511.4
170,1,5,14,4,64,200,1,1,1,1047
170,1,5,15,3,64,200,1,1,1,841.13
170,1,5,16,5,64,200,2,2,1,2800.9
170,1,5,17,12,64,200,2,2,1,994.36
170,1,5,18,12,64,200,2,2,1,657.97
170,1,5,19,1,64,200,1,1,1,1363.6
170,1,5,20,3,64,200,1,1,1,1414.2
170,1,5,21,9,64,200,2,2,1,707.29
170,1,5,22,11,64,200,2,2,1,739.01
170,1,5,23,10,64,200,2,2,1,549.86
170,1,5,24,13,64,200,2,2,1,1341.5
170,1,5,25,2,64,200,1,1,1,2701.9
170,1,5,26,3,64,200,1,1,1,1128.9
170,1,5,27,2,64,200,1,1,1,2340.1
170,1,5,28,8,64,200,2,2,1,893.34
170,1,5,29,6,64,200,2,2,1,3983.8
170,1,5,30,6,64,200,2,2,1,1285.3
170,1,5,31,7,64,200,2,2,1,979.47
170,1,5,32,3,64,200,1,1,1,1285.5
170,1,5,33,4,64,200,1,1,1,1400
170,1,5,34,2,64,200,1,1,1,2408.4
170,1,5,35,2,64,200,1,1,1,1917.6
170,1,5,36,13,64,200,2,2,1,761.78
170,1,5,37,10,64,200,2,2,1,870.65
170,1,5,38,13,64,200,2,2,1,714.26
170,1,5,39,9,64,200,2,2,1,572.75
170,1,5,40,4,64,200,1,1,1,1026.2
170,1,5,41,1,64,200,1,1,1,588.12
170,1,5,42,2,64,200,1,1,1,1707.2
170,1,5,43,8,64,200,2,2,1,1104.5
170,1,5,44,1,64,200,1,1,1,581.1
170,1,5,45,3,64,200,1,1,1,1293.6
170,1,5,46,7,64,200,2,2,1,1451.1
170,1,5,47,11,64,200,2,2,1,1537
170,1,5,48,2,64,200,1,1,1,980.76
170,1,5,49,7,64,200,1,2,0,1218.6
170,1,5,50,10,64,200,2,2,1,482.42
170,1,5,51,11,64,200,2,2,1,967.85
170,1,5,52,8,64,200,2,2,1,1653.7
170,1,5,53,8,64,200,2,2,1,1771.3
170,1,5,54,12,64,200,2,2,1,498.02
170,1,5,55,1,64,200,1,1,1,1143.6
170,1,5,56,2,64,200,1,1,1,1449.4
170,1,5,57,1,64,200,1,1,1,3337.4
170,1,5,58,13,64,200,2,2,1,829.98
170,1,5,59,1,64,200,1,1,1,601.67
170,1,5,60,3,64,200,1,1,1,1578.6
170,1,5,61,2,64,200,1,1,1,1365
170,1,5,62,9,64,200,2,2,1,1364
170,1,5,63,4,64,200,1,1,1,1883.2
170,1,5,64,7,64,200,2,2,1,1452.3
170,1,5,65,4,64,200,1,1,1,1053.9
170,1,5,66,12,64,200,2,2,1,661.41
170,1,5,67,2,64,200,1,1,1,1644.4
170,1,5,68,5,64,200,2,2,1,680.69
170,1,5,69,5,64,200,2,2,1,633.04
170,1,5,70,6,64,200,2,2,1,855.12
170,1,5,71,9,64,200,2,2,1,1175
170,1,5,72,4,64,200,1,1,1,2900.7
170,1,5,73,3,64,200,1,1,1,728.06
170,1,5,74,3,64,200,1,1,1,713.43
170,1,5,75,12,64,200,2,2,1,916.82
170,1,5,76,11,64,200,2,2,1,951.21
170,1,5,77,6,64,200,1,2,0,1135.2
170,1,5,78,9,64,200,2,2,1,805.12
170,1,5,79,4,64,200,1,1,1,1903.8
170,1,5,80,4,64,200,1,1,1,1027.4
170,1,5,81,10,64,200,2,2,1,650.03
170,1,5,82,10,64,200,2,2,1,1882.8
170,1,5,83,3,64,200,1,1,1,841.34
170,1,5,84,4,64,200,1,1,1,2659.4
170,1,5,85,3,64,200,1,1,1,1588.5
170,1,5,1,2,64,200,1,1,1,1012.7
170,1,5,2,2,64,200,1,1,1,3848.5
170,1,5,3,5,64,200,2,2,1,4597.6
170,1,5,4,4,64,200,1,1,1,584.68
170,1,5,5,9,64,200,2,2,1,991.19
170,1,5,6,11,64,200,2,2,1,502.35
170,1,5,7,6,64,200,2,2,1,710.72
170,1,5,8,11,64,200,2,2,1,806.8
170,1,5,9,1,64,200,1,1,1,1182.7
170,1,5,10,5,64,200,1,2,0,1194.4
170,1,5,11,13,64,200,2,2,1,719.15
170,1,5,12,2,64,200,1,1,1,1287.8
170,1,5,13,1,64,200,1,1,1,2571.8
170,1,5,14,13,64,200,2,2,1,964.99
170,1,5,15,2,64,200,1,1,1,1042.4
170,1,5,16,1,64,200,1,1,1,1102
170,1,5,17,3,64,200,1,1,1,2469.6
170,1,5,18,1,64,200,1,1,1,785.02
170,1,5,19,12,64,200,2,2,1,1346.5
170,1,5,20,5,64,200,2,2,1,906.25
170,1,5,21,1,64,200,1,1,1,2209.7
170,1,5,22,6,64,200,2,2,1,3844.7
170,1,5,23,6,64,200,2,2,1,1244.8
170,1,5,24,7,64,200,2,2,1,2640.5
170,1,5,25,12,64,200,2,2,1,511.41
170,1,5,26,9,64,200,2,2,1,1770.9
170,1,5,27,8,64,200,2,2,1,1947.8
170,1,5,28,4,64,200,1,1,1,1355.5
170,1,5,29,4,64,200,1,1,1,2615.2
170,1,5,30,3,64,200,1,1,1,741.29
170,1,5,31,7,64,200,2,2,1,1225.6
170,1,5,32,3,64,200,1,1,1,726.08
170,1,5,33,11,64,200,2,2,1,1214.1
170,1,5,34,4,64,200,2,1,0,1300.2
170,1,5,35,3,64,200,1,1,1,889.15
170,1,5,36,2,64,200,1,1,1,1514.9
170,1,5,37,3,64,200,1,1,1,1040.7
170,1,5,38,2,64,200,1,1,1,701.52
170,1,5,39,11,64,200,2,2,1,529.59
170,1,5,40,1,64,200,1,1,1,538.85
170,1,5,41,9,64,200,2,2,1,723.42
170,1,5,42,1,64,200,1,1,1,956.47
170,1,5,43,10,64,200,2,2,1,992.63
170,1,5,44,12,64,200,2,2,1,460.17
170,1,5,45,13,64,200,2,2,1,1364.3
170,1,5,46,3,64,200,1,1,1,1210
170,1,5,47,10,64,200,2,2,1,1518.3
170,1,5,48,7,64,200,1,2,0,1125.2
170,1,5,49,4,64,200,2,1,0,804.8
170,1,5,50,6,64,200,2,2,1,1294.2
170,1,5,51,13,64,200,2,2,1,1011.9
170,1,5,52,12,64,200,2,2,1,1421
170,1,5,53,4,64,200,1,1,1,1316.2
170,1,5,54,9,64,200,2,2,1,641.95
170,1,5,55,8,64,200,2,2,1,729.92
170,1,5,56,8,64,200,2,2,1,1965.6
170,1,5,57,8,64,200,2,2,1,1988.8
170,1,5,58,1,64,200,1,1,1,1702.3
170,1,5,59,8,64,200,2,2,1,1894.7
170,1,5,60,4,64,200,1,1,1,1030.6
170,1,5,61,4,64,200,1,1,1,2437.6
170,1,5,62,3,64,200,1,1,1,856.95
170,1,5,63,7,64,200,2,2,1,751.64
170,1,5,64,10,64,200,2,2,1,1124.7
170,1,5,65,3,64,200,1,1,1,575.85
170,1,5,66,7,64,200,2,2,1,1617
170,1,5,67,9,64,200,2,2,1,930.37
170,1,5,68,6,64,200,2,2,1,1597.1
170,1,5,69,1,64,200,1,1,1,1557.3
170,1,5,70,1,64,200,1,1,1,1273.1
170,1,5,71,10,64,200,2,2,1,843.9
170,1,5,72,2,64,200,1,1,1,2100.7
170,1,5,73,4,64,200,1,1,1,1306.3
170,1,5,74,12,64,200,2,2,1,405.47
170,1,5,75,5,64,200,2,2,1,945.81
170,1,5,76,11,64,200,2,2,1,454.19
170,1,5,77,3,64,200,1,1,1,1086.8
170,1,5,78,10,64,200,2,2,1,885.72
170,1,5,79,4,64,200,1,1,1,1455
170,1,5,80,2,64,200,1,1,1,944.22
170,1,5,81,2,64,200,1,1,1,614.24
170,1,5,82,13,64,200,2,2,1,482.72
170,1,5,83,5,64,200,2,2,1,761.07
170,1,5,84,2,64,200,1,1,1,706.57
170,1,5,85,3,64,200,1,1,1,1733.1
170,1,5,1,13,64,200,2,2,1,1821.3
170,1,5,2,7,64,200,2,2,1,760.91
170,1,5,3,2,64,200,1,1,1,2707.5
170,1,5,4,4,64,200,1,1,1,739.09
170,1,5,5,4,64,200,1,1,1,1952.6
170,1,5,6,13,64,200,2,2,1,972.51
170,1,5,7,3,64,200,1,1,1,1136.7
170,1,5,8,11,64,200,2,2,1,406.92
170,1,5,9,2,64,200,1,1,1,613.2
170,1,5,10,9,64,200,2,2,1,785.26
170,1,5,11,6,64,200,2,2,1,1663.1
170,1,5,12,5,64,200,2,2,1,2022.2
170,1,5,13,5,64,200,2,2,1,1098.5
170,1,5,14,5,64,200,2,2,1,909.47
170,1,5,15,3,64,200,1,1,1,772.88
170,1,5,16,2,64,200,1,1,1,456.32
170,1,5,17,7,64,200,2,2,1,500.87
170,1,5,18,6,64,200,2,2,1,517.96
170,1,5,19,6,64,200,2,2,1,541.73
170,1,5,20,12,64,200,2,2,1,405.5
170,1,5,21,1,64,200,1,1,1,630.86
170,1,5,22,11,64,200,2,2,1,429.39
170,1,5,23,2,64,200,1,1,1,621.69
170,1,5,24,6,64,200,2,2,1,499.78
170,1,5,25,4,64,200,1,1,1,507.64
170,1,5,26,1,64,200,1,1,1,471.64
170,1,5,27,12,64,200,2,2,1,574.96
170,1,5,28,1,64,200,1,1,1,556.66
170,1,5,29,1,64,200,1,1,1,1735.1
170,1,5,30,10,64,200,2,2,1,411.51
170,1,5,31,2,64,200,1,1,1,730.07
170,1,5,32,12,64,200,2,2,1,471.83
170,1,5,33,9,64,200,2,2,1,641.32
170,1,5,34,4,64,200,1,1,1,640.1
170,1,5,35,8,64,200,2,2,1,591.62
170,1,5,36,3,64,200,1,1,1,599.2
170,1,5,37,2,64,200,1,1,1,693.01
170,1,5,38,9,64,200,2,2,1,635.05
170,1,5,39,10,64,200,2,2,1,478.41
170,1,5,40,12,64,200,2,2,1,1353.8
170,1,5,41,5,64,200,2,2,1,935.36
170,1,5,42,3,64,200,1,1,1,899.22
170,1,5,43,1,64,200,1,1,1,1309.7
170,1,5,44,4,64,200,1,1,1,794.64
170,1,5,45,3,64,200,1,1,1,448.89
170,1,5,46,11,64,200,2,2,1,445.97
170,1,5,47,5,64,200,2,2,1,543.79
170,1,5,48,9,64,200,2,2,1,816.28
170,1,5,49,11,64,200,2,2,1,521.81
170,1,5,50,1,64,200,1,1,1,741.35
170,1,5,51,4,64,200,1,1,1,1025.8
170,1,5,52,10,64,200,2,2,1,529.82
170,1,5,53,13,64,200,2,2,1,430.35
170,1,5,54,7,64,200,2,2,1,587.02
170,1,5,55,1,64,200,1,1,1,1148.9
170,1,5,56,8,64,200,2,2,1,2461.2
170,1,5,57,8,64,200,2,2,1,1140.4
170,1,5,58,11,64,200,2,2,1,1089.6
170,1,5,59,3,64,200,1,1,1,695.83
170,1,5,60,4,64,200,1,1,1,764.89
170,1,5,61,3,64,200,1,1,1,1246.1
170,1,5,62,2,64,200,1,1,1,2285.5
170,1,5,63,4,64,200,1,1,1,618.53
170,1,5,64,2,64,200,1,1,1,823.82
170,1,5,65,13,64,200,2,2,1,802.86
170,1,5,66,7,64,200,2,2,1,1478.6
170,1,5,67,4,64,200,1,1,1,697.41
170,1,5,68,4,64,200,1,1,1,964.98
170,1,5,69,12,64,200,2,2,1,505.18
170,1,5,70,13,64,200,2,2,1,790.05
170,1,5,71,2,64,200,1,1,1,814.48
170,1,5,72,3,64,200,1,1,1,1113
170,1,5,73,6,64,200,2,2,1,2173.2
170,1,5,74,1,64,200,1,1,1,1002.7
170,1,5,75,8,64,200,2,2,1,723.27
170,1,5,76,9,64,200,2,2,1,2636.3
170,1,5,77,10,64,200,2,2,1,838.93
170,1,5,78,10,64,200,2,2,1,443.9
170,1,5,79,2,64,200,1,1,1,1694.8
170,1,5,80,3,64,200,1,1,1,1129.8
170,1,5,81,1,64,200,1,1,1,480.92
170,1,5,82,1,64,200,1,1,1,1513.9
170,1,5,83,3,64,200,1,1,1,920.53
170,1,5,84,8,64,200,2,2,1,2213.3
170,1,5,85,7,64,200,1,2,0,552.53
170,1,5,1,5,64,200,2,2,1,1346.4
170,1,5,2,5,64,200,2,2,1,1226.6
170,1,5,3,3,64,200,1,1,1,1295
170,1,5,4,6,64,200,2,2,1,2035.3
170,1,5,5,12,64,200,2,2,1,559.41
170,1,5,6,3,64,200,1,1,1,2268.4
170,1,5,7,11,64,200,2,2,1,464.64
170,1,5,8,3,64,200,1,1,1,1199.9
170,1,5,9,10,64,200,2,2,1,1097.8
170,1,5,10,13,64,200,2,2,1,1803.8
170,1,5,11,5,64,200,2,2,1,661.59
170,1,5,12,7,64,200,1,2,0,2174.1
170,1,5,13,4,64,200,1,1,1,803.96
170,1,5,14,7,64,200,2,2,1,1221.8
170,1,5,15,1,64,200,1,1,1,890.62
170,1,5,16,2,64,200,1,1,1,941.56
170,1,5,17,6,64,200,2,2,1,907.09
170,1,5,18,8,64,200,1,2,0,1068.9
170,1,5,19,1,64,200,1,1,1,717.86
170,1,5,20,9,64,200,2,2,1,1580.1
170,1,5,21,7,64,200,2,2,1,1103.3
170,1,5,22,6,64,200,2,2,1,1053.4
170,1,5,23,6,64,200,2,2,1,1122.9
170,1,5,24,1,64,200,1,1,1,1838.4
170,1,5,25,7,64,200,2,2,1,1101.3
170,1,5,26,2,64,200,1,1,1,752.34
170,1,5,27,12,64,200,2,2,1,417.88
170,1,5,28,3,64,200,1,1,1,448.18
170,1,5,29,4,64,200,1,1,1,1693.3
170,1,5,30,11,64,200,2,2,1,778.42
170,1,5,31,10,64,200,2,2,1,956.17
170,1,5,32,2,64,200,1,1,1,1118.5
170,1,5,33,13,64,200,2,2,1,454.95
170,1,5,34,1,64,200,1,1,1,1264.2
170,1,5,35,1,64,200,1,1,1,1692.9
170,1,5,36,7,64,200,2,2,1,1616.8
170,1,5,37,9,64,200,2,2,1,1722.5
170,1,5,38,13,64,200,2,2,1,855.6
170,1,5,39,13,64,200,2,2,1,992.55
170,1,5,40,4,64,200,1,1,1,1004.5
170,1,5,41,11,64,200,2,2,1,1089.7
170,1,5,42,1,64,200,1,1,1,874.79
170,1,5,43,2,64,200,1,1,1,1403.2
170,1,5,44,9,64,200,2,2,1,483.82
170,1,5,45,1,64,200,1,1,1,677.05
170,1,5,46,11,64,200,2,2,1,1114.7
170,1,5,47,3,64,200,1,1,1,962.27
170,1,5,48,1,64,200,1,1,1,1303.6
170,1,5,49,4,64,200,1,1,1,649.59
170,1,5,50,3,64,200,1,1,1,1036.6
170,1,5,51,2,64,200,1,1,1,512.25
170,1,5,52,3,64,200,1,1,1,1433.2
170,1,5,53,8,64,200,2,2,1,2201.1
170,1,5,54,4,64,200,1,1,1,1731.9
170,1,5,55,2,64,200,1,1,1,4042
170,1,5,56,4,64,200,1,1,1,1318.2
170,1,5,57,2,64,200,1,1,1,548.56
170,1,5,58,11,64,200,2,2,1,528.97
170,1,5,59,5,64,200,2,2,1,1654.8
170,1,5,60,4,64,200,1,1,1,1946.8
170,1,5,61,3,64,200,1,1,1,1886
170,1,5,62,6,64,200,2,2,1,1659.6
170,1,5,63,10,64,200,2,2,1,840.85
170,1,5,64,9,64,200,2,2,1,3405.4
170,1,5,65,2,64,200,1,1,1,1177.6
170,1,5,66,3,64,200,1,1,1,587.14
170,1,5,67,8,64,200,2,2,1,2470.8
170,1,5,68,13,64,200,2,2,1,692.66
170,1,5,69,10,64,200,2,2,1,641.7
170,1,5,70,8,64,200,2,2,1,1192.6
170,1,5,71,2,64,200,1,1,1,2234.1
170,1,5,72,12,64,200,2,2,1,1136.3
170,1,5,73,4,64,200,1,1,1,772.73
170,1,5,74,10,64,200,2,2,1,629.69
170,1,5,75,3,64,200,1,1,1,926.09
170,1,5,76,8,64,200,2,2,1,842.46
170,1,5,77,1,64,200,1,1,1,546.54
170,1,5,78,1,64,200,1,1,1,1805.3
170,1,5,79,9,64,200,2,2,1,929.79
170,1,5,80,5,64,200,2,2,1,1109.6
170,1,5,81,12,64,200,2,2,1,416.02
170,1,5,82,12,64,200,2,2,1,925.67
170,1,5,83,4,64,200,1,1,1,791.12
170,1,5,84,4,64,200,1,1,1,661.23
170,1,5,85,2,64,200,1,1,1,1748.5
