172,1,1,1,2,64,200,1,1,1,2965.4
172,1,1,2,4,64,200,1,1,1,3585.4
172,1,1,3,9,64,200,2,2,1,4017.6
172,1,1,4,1,64,200,1,1,1,1405.9
172,1,1,5,5,64,200,2,2,1,1610.2
172,1,1,6,10,64,200,2,2,1,1088.8
172,1,1,7,11,64,200,2,2,1,1364.9
172,1,1,8,3,64,200,1,1,1,2094.6
172,1,1,9,12,64,200,2,2,1,807
172,1,1,10,2,64,200,1,1,1,1901.1
172,1,1,11,8,64,200,2,2,1,2047
172,1,1,12,4,64,200,NaN,1,9,NaN
172,1,1,13,7,64,200,2,2,1,1096.5
172,1,1,14,1,64,200,1,1,1,876.4
172,1,1,15,13,64,200,2,2,1,577.87
172,1,1,16,3,64,200,1,1,1,791.74
172,1,1,17,6,64,200,2,2,1,1533.8
172,1,1,18,1,64,200,1,1,1,2617.3
172,1,1,19,2,64,200,2,1,0,1057.3
172,1,1,20,4,64,200,1,1,1,878.7
172,1,1,21,10,64,200,2,2,1,543.66
172,1,1,22,8,64,200,2,2,1,872.26
172,1,1,23,11,64,200,2,2,1,831.16
172,1,1,24,10,64,200,2,2,1,847.86
172,1,1,25,1,64,200,1,1,1,1291.6
172,1,1,26,1,64,200,1,1,1,673.86
172,1,1,27,7,64,200,2,2,1,611.24
172,1,1,28,3,64,200,1,1,1,1059.5
172,1,1,29,12,64,200,2,2,1,1003.1
172,1,1,30,6,64,200,2,2,1,1255.8
172,1,1,31,1,64,200,1,1,1,1001.7
172,1,1,32,13,64,200,2,2,1,518.54
172,1,1,33,3,64,200,1,1,1,677.51
172,1,1,34,7,64,200,2,2,1,529.36
172,1,1,35,1,64,200,1,1,1,587.53
172,1,1,36,1,64,200,1,1,1,612.91
172,1,1,37,4,64,200,2,1,0,803.24
172,1,1,38,1,64,200,1,1,1,563.09
172,1,1,39,3,64,200,1,1,1,535.62
172,1,1,40,1,64,200,1,1,1,478.64
172,1,1,41,8,64,200,2,2,1,564.14
172,1,1,42,12,64,200,2,2,1,649.02
172,1,1,43,7,64,200,2,2,1,1027
172,1,1,44,6,64,200,2,2,1,1159.8
172,1,1,45,5,64,200,2,2,1,923.48
172,1,1,46,13,64,200,2,2,1,754.5
172,1,1,47,12,64,200,2,2,1,941.88
172,1,1,48,6,64,200,2,2,1,1052
172,1,1,49,13,64,200,2,2,1,661.7
172,1,1,50,6,64,200,2,2,1,533.48
172,1,1,51,2,64,200,1,1,1,692.86
172,1,1,52,2,64,200,1,1,1,1127.6
172,1,1,53,4,64,200,1,1,1,676.27
172,1,1,54,8,64,200,2,2,1,633.54
172,1,1,55,5,64,200,2,2,1,1007.5
172,1,1,56,4,64,200,1,1,1,631.93
172,1,1,57,1,64,200,1,1,1,550.27
172,1,1,58,9,64,200,2,2,1,737.54
172,1,1,59,11,64,200,2,2,1,758.39
172,1,1,60,10,64,200,2,2,1,496.3
172,1,1,61,8,64,200,2,2,1,763.05
172,1,1,62,9,64,200,2,2,1,699.43
172,1,1,63,3,64,200,1,1,1,928.39
172,1,1,64,2,64,200,1,1,1,1238.2
172,1,1,65,3,64,200,1,1,1,1009
172,1,1,66,11,64,200,2,2,1,529.75
172,1,1,67,3,64,200,1,1,1,695.13
172,1,1,68,13,64,200,2,2,1,618.4
172,1,1,69,7,64,200,2,2,1,1397.1
172,1,1,70,9,64,200,2,2,1,812.97
172,1,1,71,4,64,200,1,1,1,1316.4
172,1,1,72,6,64,200,2,2,1,1021.5
172,1,1,73,12,64,200,2,2,1,870.19
172,1,1,74,8,64,200,2,2,1,1041.9
172,1,1,75,3,64,200,1,1,1,586.22
172,1,1,76,7,64,200,1,2,0,687.03
172,1,1,77,4,64,200,1,1,1,1285
172,1,1,78,10,64,200,2,2,1,562.26
172,1,1,79,3,64,200,2,1,0,506.58
172,1,1,80,3,64,200,1,1,1,814.49
172,1,1,81,2,64,200,1,1,1,967.31
172,1,1,82,4,64,200,1,1,1,599.85
172,1,1,83,13,64,200,2,2,1,524.48
172,1,1,84,9,64,200,1,2,0,1031.5
172,1,1,85,2,64,200,1,1,1,1046.7
172,1,1,86,2,64,200,1,1,1,819.38
172,1,1,87,4,64,200,1,1,1,1486.5
172,1,1,88,11,64,200,2,2,1,727.65
172,1,1,89,4,64,200,1,1,1,881.39
172,1,1,90,12,64,200,2,2,1,665.64
172,1,1,91,10,64,200,2,2,1,604.95
172,1,1,92,2,64,200,1,1,1,978.04
172,1,1,93,2,64,200,1,1,1,565.47
172,1,1,94,9,64,200,2,2,1,689.88
172,1,1,95,4,64,200,1,1,1,834.88
172,1,1,96,5,64,200,2,2,1,913.95
172,1,1,97,5,64,200,2,2,1,662.93
172,1,1,98,1,64,200,1,1,1,569.34
172,1,1,99,11,64,200,2,2,1,549.21
172,1,1,100,2,64,200,1,1,1,623.33
172,1,1,101,5,64,200,2,2,1,1106.1
172,1,1,102,3,64,200,1,1,1,794.11
172,1,1,1,2,64,200,1,1,1,664.7
172,1,1,2,7,64,200,2,2,1,1058
172,1,1,3,10,64,200,2,2,1,722.9
172,1,1,4,11,64,200,2,2,1,484.16
172,1,1,5,5,64,200,2,2,1,739
172,1,1,6,1,64,200,1,1,1,754.03
172,1,1,7,10,64,200,2,2,1,558.79
172,1,1,8,13,64,200,2,2,1,600.98
172,1,1,9,4,64,200,2,1,0,825.98
172,1,1,10,1,64,200,1,1,1,683.55
172,1,1,11,8,64,200,2,2,1,1084.7
172,1,1,12,6,64,200,2,2,1,556.09
172,1,1,13,9,64,200,2,2,1,920.55
172,1,1,14,9,64,200,2,2,1,557.06
172,1,1,15,5,64,200,2,2,1,536.59
172,1,1,16,3,64,200,1,1,1,616.08
172,1,1,17,4,64,200,1,1,1,691.62
172,1,1,18,1,64,200,1,1,1,565.64
172,1,1,19,3,64,200,1,1,1,567.6
172,1,1,20,13,64,200,2,2,1,638.9
172,1,1,21,5,64,200,2,2,1,1333.2
172,1,1,22,13,64,200,2,2,1,589.63
172,1,1,23,12,64,200,2,2,1,657.55
172,1,1,24,10,64,200,2,2,1,520.79
172,1,1,25,4,64,200,1,1,1,826.35
172,1,1,26,4,64,200,1,1,1,572.23
172,1,1,27,2,64,200,1,1,1,620.41
172,1,1,28,3,64,200,1,1,1,623.25
172,1,1,29,2,64,200,1,1,1,816.15
172,1,1,30,2,64,200,1,1,1,561.3
172,1,1,31,1,64,200,1,1,1,582.09
172,1,1,32,1,64,200,1,1,1,967.29
172,1,1,33,8,64,200,2,2,1,657.73
172,1,1,34,3,64,200,1,1,1,521.89
172,1,1,35,5,64,200,2,2,1,553
172,1,1,36,5,64,200,2,2,1,1032.2
172,1,1,37,12,64,200,2,2,1,1046.2
172,1,1,38,4,64,200,1,1,1,709.73
172,1,1,39,3,64,200,1,1,1,705.97
172,1,1,40,2,64,200,1,1,1,649.04
172,1,1,41,3,64,200,1,1,1,546.88
172,1,1,42,4,64,200,1,1,1,533.74
172,1,1,43,10,64,200,2,2,1,604.02
172,1,1,44,9,64,200,2,2,1,607.53
172,1,1,45,8,64,200,1,2,0,1335.9
172,1,1,46,6,64,200,2,2,1,948.62
172,1,1,47,6,64,200,2,2,1,961.6
172,1,1,48,3,64,200,1,1,1,625.21
172,1,1,49,4,64,200,1,1,1,803.65
172,1,1,50,1,64,200,1,1,1,562.73
172,1,1,51,2,64,200,1,1,1,651.29
172,1,1,52,12,64,200,2,2,1,636.96
172,1,1,53,2,64,200,1,1,1,600.78
172,1,1,54,4,64,200,1,1,1,722.48
172,1,1,55,1,64,200,1,1,1,561.74
172,1,1,56,9,64,200,2,2,1,668.66
172,1,1,57,2,64,200,1,1,1,559.52
172,1,1,58,7,64,200,2,2,1,925.02
172,1,1,59,7,64,200,2,2,1,732.91
172,1,1,60,1,64,200,1,1,1,546.61
172,1,1,61,12,64,200,2,2,1,590.4
172,1,1,62,11,64,200,2,2,1,568.16
172,1,1,63,8,64,200,2,2,1,766.19
172,1,1,64,3,64,200,1,1,1,580.68
172,1,1,65,1,64,200,1,1,1,528.7
172,1,1,66,1,64,200,1,1,1,548.35
172,1,1,67,11,64,200,2,2,1,492.62
172,1,1,68,2,64,200,1,1,1,1052
172,1,1,69,13,64,200,2,2,1,452.32
172,1,1,70,4,64,200,1,1,1,584.17
172,1,1,71,6,64,200,2,2,1,618.84
172,1,1,72,10,64,200,2,2,1,490.57
172,1,1,73,6,64,200,2,2,1,924.06
172,1,1,74,9,64,200,2,2,1,701.21
172,1,1,75,7,64,200,2,2,1,993.64
172,1,1,76,4,64,200,1,1,1,1108.7
172,1,1,77,11,64,200,2,2,1,546.26
172,1,1,78,2,64,200,1,1,1,752.71
172,1,1,79,13,64,200,2,2,1,483.18
172,1,1,80,11,64,200,2,2,1,455.92
172,1,1,81,8,64,200,2,2,1,813.5
172,1,1,82,12,64,200,2,2,1,468.35
172,1,1,83,7,64,200,2,2,1,808.84
172,1,1,84,3,64,200,1,1,1,745.73
172,1,1,85,3,64,200,1,1,1,641
172,1,1,1,3,64,200,1,1,1,872.62
172,1,1,2,10,64,200,2,2,1,559.52
172,1,1,3,1,64,200,1,1,1,646.89
172,1,1,4,6,64,200,2,2,1,934.75
172,1,1,5,7,64,200,2,2,1,843.14
172,1,1,6,4,64,200,1,1,1,579.58
172,1,1,7,7,64,200,2,2,1,1600.6
172,1,1,8,1,64,200,1,1,1,874.43
172,1,1,9,12,64,200,2,2,1,569.86
172,1,1,10,10,64,200,2,2,1,571.48
172,1,1,11,6,64,200,2,2,1,993.19
172,1,1,12,8,64,200,2,2,1,811.49
172,1,1,13,13,64,200,2,2,1,531.67
172,1,1,14,9,64,200,2,2,1,1453.2
172,1,1,15,7,64,200,2,2,1,1396.6
172,1,1,16,13,64,200,2,2,1,592.46
172,1,1,17,2,64,200,1,1,1,1272.4
172,1,1,18,3,64,200,1,1,1,918.13
172,1,1,19,1,64,200,1,1,1,620.02
172,1,1,20,4,64,200,1,1,1,945.72
172,1,1,21,9,64,200,2,2,1,873.04
172,1,1,22,2,64,200,1,1,1,557.68
172,1,1,23,8,64,200,2,2,1,1183.2
172,1,1,24,9,64,200,2,2,1,660
172,1,1,25,6,64,200,2,2,1,1674.8
172,1,1,26,6,64,200,2,2,1,555.46
172,1,1,27,11,64,200,2,2,1,1470.6
172,1,1,28,2,64,200,1,1,1,862.91
172,1,1,29,12,64,200,2,2,1,517.48
172,1,1,30,12,64,200,2,2,1,480.84
172,1,1,31,4,64,200,1,1,1,596.52
172,1,1,32,4,64,200,1,1,1,549.87
172,1,1,33,10,64,200,2,2,1,394.81
172,1,1,34,5,64,200,2,2,1,688.37
172,1,1,35,4,64,200,1,1,1,573.88
172,1,1,36,8,64,200,2,2,1,705.3
172,1,1,37,9,64,200,2,2,1,619.38
172,1,1,38,3,64,200,1,1,1,632.29
172,1,1,39,2,64,200,1,1,1,937.09
172,1,1,40,8,64,200,2,2,1,537.59
172,1,1,41,5,64,200,2,2,1,996.75
172,1,1,42,3,64,200,1,1,1,731.06
172,1,1,43,4,64,200,1,1,1,614.31
172,1,1,44,3,64,200,1,1,1,651.72
172,1,1,45,13,64,200,2,2,1,602.31
172,1,1,46,3,64,200,1,1,1,520.06
172,1,1,47,1,64,200,1,1,1,489.16
172,1,1,48,2,64,200,1,1,1,1005
172,1,1,49,6,64,200,2,2,1,753.26
172,1,1,50,4,64,200,1,1,1,1074.8
172,1,1,51,7,64,200,2,2,1,659.39
172,1,1,52,4,64,200,1,1,1,587.96
172,1,1,53,8,64,200,2,2,1,718.01
172,1,1,54,4,64,200,1,1,1,628.5
172,1,1,55,4,64,200,1,1,1,1028.9
172,1,1,56,1,64,200,1,1,1,523.61
172,1,1,57,1,64,200,1,1,1,491.66
172,1,1,58,13,64,200,2,2,1,698.11
172,1,1,59,5,64,200,2,2,1,907.13
172,1,1,60,12,64,200,2,2,1,573.66
172,1,1,61,3,64,200,1,1,1,533.13
172,1,1,62,1,64,200,1,1,1,513.59
172,1,1,63,11,64,200,2,2,1,466.23
172,1,1,64,2,64,200,1,1,1,682.26
172,1,1,65,1,64,200,1,1,1,517.2
172,1,1,66,11,64,200,2,2,1,576.47
172,1,1,67,11,64,200,2,2,1,725.01
172,1,1,68,2,64,200,1,1,1,828.73
172,1,1,69,2,64,200,1,1,1,558.18
172,1,1,70,2,64,200,1,1,1,618.54
172,1,1,71,3,64,200,1,1,1,581.94
172,1,1,72,10,64,200,2,2,1,565.23
172,1,1,73,10,64,200,2,2,1,809.55
172,1,1,74,3,64,200,1,1,1,639.05
172,1,1,75,5,64,200,2,2,1,1262.2
172,1,1,76,7,64,200,2,2,1,1046.6
172,1,1,77,12,64,200,2,2,1,562.64
172,1,1,78,2,64,200,1,1,1,774.48
172,1,1,79,1,64,200,1,1,1,640.02
172,1,1,80,5,64,200,2,2,1,578.23
172,1,1,81,3,64,200,1,1,1,1071.5
172,1,1,82,13,64,200,2,2,1,748.49
172,1,1,83,11,64,200,2,2,1,534.29
172,1,1,84,9,64,200,2,2,1,655.06
172,1,1,85,1,64,200,1,1,1,595.55
172,1,1,1,8,64,200,2,2,1,527.02
172,1,1,2,1,64,200,1,1,1,491.84
172,1,1,3,8,64,200,2,2,1,502.98
172,1,1,4,10,64,200,2,2,1,557.46
172,1,1,5,1,64,200,1,1,1,1005.5
172,1,1,6,6,64,200,2,2,1,716.62
172,1,1,7,1,64,200,1,1,1,1163.7
172,1,1,8,4,64,200,1,1,1,1000.2
172,1,1,9,1,64,200,1,1,1,518.43
172,1,1,10,1,64,200,1,1,1,516.93
172,1,1,11,9,64,200,2,2,1,627.4
172,1,1,12,7,64,200,2,2,1,1893.3
172,1,1,13,13,64,200,2,2,1,904.74
172,1,1,14,1,64,200,1,1,1,689.22
172,1,1,15,13,64,200,2,2,1,1570.4
172,1,1,16,2,64,200,1,1,1,1052.7
172,1,1,17,5,64,200,2,2,1,1917.9
172,1,1,18,3,64,200,1,1,1,1134.8
172,1,1,19,4,64,200,1,1,1,2217.9
172,1,1,20,12,64,200,2,2,1,522.97
172,1,1,21,6,64,200,2,2,1,1120.3
172,1,1,22,9,64,200,2,2,1,976.39
172,1,1,23,8,64,200,2,2,1,1145.6
172,1,1,24,9,64,200,2,2,1,1063.1
172,1,1,25,5,64,200,2,2,1,640.98
172,1,1,26,11,64,200,2,2,1,488.63
172,1,1,27,9,64,200,2,2,1,490.24
172,1,1,28,8,64,200,2,2,1,796.43
172,1,1,29,6,64,200,2,2,1,593.43
172,1,1,30,2,64,200,1,1,1,671.33
172,1,1,31,3,64,200,1,1,1,578.21
172,1,1,32,10,64,200,2,2,1,503.39
172,1,1,33,3,64,200,1,1,1,849.47
172,1,1,34,12,64,200,2,2,1,515.41
172,1,1,35,1,64,200,1,1,1,623.73
172,1,1,36,3,64,200,1,1,1,890.92
172,1,1,37,8,64,200,2,2,1,659.6
172,1,1,38,11,64,200,2,2,1,529.83
172,1,1,39,13,64,200,2,2,1,514.24
172,1,1,40,10,64,200,2,2,1,401.87
172,1,1,41,1,64,200,1,1,1,578.8
172,1,1,42,12,64,200,2,2,1,418.87
172,1,1,43,4,64,200,1,1,1,963.04
172,1,1,44,7,64,200,2,2,1,685.56
172,1,1,45,3,64,200,1,1,1,607.86
172,1,1,46,4,64,200,1,1,1,828.21
172,1,1,47,4,64,200,1,1,1,655.3
172,1,1,48,2,64,200,1,1,1,726.76
172,1,1,49,3,64,200,1,1,1,533.82
172,1,1,50,5,64,200,2,2,1,939.08
172,1,1,51,3,64,200,1,1,1,607.64
172,1,1,52,7,64,200,2,2,1,835.58
172,1,1,53,3,64,200,1,1,1,530.52
172,1,1,54,6,64,200,2,2,1,497.61
172,1,1,55,13,64,200,2,2,1,496.04
172,1,1,56,4,64,200,1,1,1,808.03
172,1,1,57,10,64,200,2,2,1,464
172,1,1,58,11,64,200,2,2,1,524.67
172,1,1,59,13,64,200,2,2,1,574.33
172,1,1,60,9,64,200,2,2,1,541.77
172,1,1,61,2,64,200,1,1,1,713.28
172,1,1,62,2,64,200,1,1,1,678.47
172,1,1,63,2,64,200,1,1,1,517.5
172,1,1,64,4,64,200,1,1,1,652.27
172,1,1,65,4,64,200,1,1,1,590.23
172,1,1,66,6,64,200,2,2,1,612.79
172,1,1,67,2,64,200,1,1,1,633.85
172,1,1,68,7,64,200,2,2,1,572.67
172,1,1,69,5,64,200,2,2,1,567.44
172,1,1,70,2,64,200,1,1,1,764.29
172,1,1,71,3,64,200,1,1,1,615.57
172,1,1,72,7,64,200,2,2,1,1212.5
172,1,1,73,4,64,200,1,1,1,751.07
172,1,1,74,11,64,200,2,2,1,695.66
172,1,1,75,10,64,200,2,2,1,956.66
172,1,1,76,4,64,200,1,1,1,618.3
172,1,1,77,12,64,200,2,2,1,541.36
172,1,1,78,2,64,200,1,1,1,622.18
172,1,1,79,1,64,200,1,1,1,541.25
172,1,1,80,5,64,200,2,2,1,472.32
172,1,1,81,1,64,200,1,1,1,515.11
172,1,1,82,11,64,200,2,2,1,465.66
172,1,1,83,12,64,200,2,2,1,500.94
172,1,1,84,3,64,200,1,1,1,609.05
172,1,1,85,2,64,200,1,1,1,586.74
172,1,1,1,3,64,200,1,1,1,1573.5
172,1,1,2,2,64,200,1,1,1,647.89
172,1,1,3,6,64,200,2,2,1,519.69
172,1,1,4,7,64,200,1,2,0,1270.6
172,1,1,5,8,64,200,2,2,1,1126.7
172,1,1,6,1,64,200,1,1,1,567.09
172,1,1,7,2,64,200,1,1,1,581.92
172,1,1,8,2,64,200,1,1,1,865.99
172,1,1,9,1,64,200,1,1,1,514.86
172,1,1,10,1,64,200,1,1,1,454.22
172,1,1,11,2,64,200,1,1,1,649.41
172,1,1,12,6,64,200,2,2,1,646.11
172,1,1,13,13,64,200,2,2,1,538.96
172,1,1,14,8,64,200,2,2,1,856.79
172,1,1,15,2,64,200,1,1,1,522.92
172,1,1,16,7,64,200,2,2,1,664.49
172,1,1,17,13,64,200,2,2,1,450.26
172,1,1,18,12,64,200,2,2,1,509.74
172,1,1,19,8,64,200,2,2,1,778.98
172,1,1,20,10,64,200,2,2,1,476.5
172,1,1,21,9,64,200,2,2,1,580.78
172,1,1,22,2,64,200,1,1,1,544.91
172,1,1,23,11,64,200,2,2,1,532.78
172,1,1,24,4,64,200,1,1,1,644.01
172,1,1,25,9,64,200,2,2,1,575.9
172,1,1,26,13,64,200,2,2,1,480.5
172,1,1,27,1,64,200,1,1,1,405.91
172,1,1,28,5,64,200,2,2,1,843.26
172,1,1,29,9,64,200,2,2,1,529.73
172,1,1,30,10,64,200,2,2,1,551.28
172,1,1,31,3,64,200,1,1,1,625.64
172,1,1,32,2,64,200,1,1,1,731.46
172,1,1,33,6,64,200,2,2,1,642.62
172,1,1,34,13,64,200,2,2,1,492.88
172,1,1,35,8,64,200,2,2,1,551.84
172,1,1,36,3,64,200,1,1,1,714.05
172,1,1,37,4,64,200,1,1,1,581.88
172,1,1,38,5,64,200,2,2,1,486.36
172,1,1,39,10,64,200,2,2,1,444.87
172,1,1,40,2,64,200,1,1,1,695.07
172,1,1,41,3,64,200,1,1,1,476.23
172,1,1,42,1,64,200,1,1,1,578.62
172,1,1,43,4,64,200,1,1,1,504.4
172,1,1,44,1,64,200,1,1,1,431.01
172,1,1,45,11,64,200,2,2,1,492.41
172,1,1,46,3,64,200,1,1,1,844.67
172,1,1,47,9,64,200,2,2,1,445.58
172,1,1,48,6,64,200,2,2,1,680.24
172,1,1,49,1,64,200,1,1,1,555.34
172,1,1,50,6,64,200,2,2,1,500.82
172,1,1,51,7,64,200,2,2,1,1242.2
172,1,1,52,4,64,200,2,1,0,543.58
172,1,1,53,3,64,200,1,1,1,646.97
172,1,1,54,12,64,200,2,2,1,463.24
172,1,1,55,3,64,200,1,1,1,485.1
172,1,1,56,3,64,200,1,1,1,547.18
172,1,1,57,1,64,200,1,1,1,936.29
172,1,1,58,11,64,200,2,2,1,894.37
172,1,1,59,2,64,200,1,1,1,507.64
172,1,1,60,12,64,200,2,2,1,525.77
172,1,1,61,7,64,200,2,2,1,802.34
172,1,1,62,5,64,200,2,2,1,941.47
172,1,1,63,7,64,200,2,2,1,673.14
172,1,1,64,12,64,200,2,2,1,874.4
172,1,1,65,1,64,200,1,1,1,1108.9
172,1,1,66,10,64,200,2,2,1,746.29
172,1,1,67,8,64,200,2,2,1,595.06
172,1,1,68,9,64,200,2,2,1,703.24
172,1,1,69,11,64,200,2,2,1,716.19
172,1,1,70,2,64,200,1,1,1,846.83
172,1,1,71,3,64,200,1,1,1,828.51
172,1,1,72,4,64,200,1,1,1,1579
172,1,1,73,4,64,200,2,1,0,1363.5
172,1,1,74,4,64,200,1,1,1,1807
172,1,1,75,4,64,200,1,1,1,598.7
172,1,1,76,3,64,200,1,1,1,657.95
172,1,1,77,4,64,200,1,1,1,459.55
172,1,1,78,10,64,200,2,2,1,520.02
172,1,1,79,1,64,200,1,1,1,516.97
172,1,1,80,4,64,200,1,1,1,471.81
172,1,1,81,11,64,200,2,2,1,400.34
172,1,1,82,5,64,200,2,2,1,645.81
172,1,1,83,5,64,200,2,2,1,644.9
172,1,1,84,12,64,200,2,2,1,843.78
172,1,1,85,13,64,200,2,2,1,1108.6
172,1,1,1,9,64,200,2,2,1,1371.6
172,1,1,2,6,64,200,2,2,1,874.72
172,1,1,3,13,64,200,2,2,1,1029.5
172,1,1,4,1,64,200,1,1,1,1115.3
172,1,1,5,3,64,200,1,1,1,1265.6
172,1,1,6,13,64,200,2,2,1,986.43
172,1,1,7,2,64,200,1,1,1,874.25
172,1,1,8,10,64,200,2,2,1,827.91
172,1,1,9,11,64,200,2,2,1,422.24
172,1,1,10,2,64,200,1,1,1,692.38
172,1,1,11,3,64,200,1,1,1,478.89
172,1,1,12,10,64,200,2,2,1,409.01
172,1,1,13,1,64,200,1,1,1,474.12
172,1,1,14,2,64,200,1,1,1,473.41
172,1,1,15,1,64,200,1,1,1,464.72
172,1,1,16,3,64,200,1,1,1,1279.1
172,1,1,17,4,64,200,1,1,1,888.74
172,1,1,18,10,64,200,2,2,1,451.44
172,1,1,19,12,64,200,2,2,1,458.14
172,1,1,20,12,64,200,2,2,1,645.6
172,1,1,21,5,64,200,2,2,1,1945.8
172,1,1,22,1,64,200,1,1,1,3048.2
172,1,1,23,9,64,200,2,2,1,592.16
172,1,1,24,11,64,200,2,2,1,754.13
172,1,1,25,3,64,200,1,1,1,505.65
172,1,1,26,12,64,200,2,2,1,482.93
172,1,1,27,4,64,200,1,1,1,990.32
172,1,1,28,4,64,200,1,1,1,507.05
172,1,1,29,8,64,200,2,2,1,1054.6
172,1,1,30,11,64,200,2,2,1,573.69
172,1,1,31,13,64,200,2,2,1,599.89
172,1,1,32,11,64,200,2,2,1,570.56
172,1,1,33,6,64,200,2,2,1,587.92
172,1,1,34,13,64,200,2,2,1,483.11
172,1,1,35,4,64,200,1,1,1,612.33
172,1,1,36,7,64,200,2,2,1,965.69
172,1,1,37,5,64,200,2,2,1,527.72
172,1,1,38,11,64,200,2,2,1,479.95
172,1,1,39,4,64,200,1,1,1,736.08
172,1,1,40,2,64,200,1,1,1,987.89
172,1,1,41,4,64,200,2,1,0,963.95
172,1,1,42,7,64,200,2,2,1,829.03
172,1,1,43,1,64,200,1,1,1,554.84
172,1,1,44,1,64,200,1,1,1,778.76
172,1,1,45,8,64,200,2,2,1,592.62
172,1,1,46,13,64,200,2,2,1,531.51
172,1,1,47,3,64,200,1,1,1,568.26
172,1,1,48,6,64,200,2,2,1,616.74
172,1,1,49,8,64,200,2,2,1,395.98
172,1,1,50,1,64,200,1,1,1,461.59
172,1,1,51,9,64,200,2,2,1,354.79
172,1,1,52,8,64,200,2,2,1,970.33
172,1,1,53,5,64,200,2,2,1,1495.3
172,1,1,54,2,64,200,1,1,1,807.27
172,1,1,55,4,64,200,1,1,1,1070
172,1,1,56,2,64,200,1,1,1,858.11
172,1,1,57,6,64,200,2,2,1,457.94
172,1,1,58,7,64,200,2,2,1,796.33
172,1,1,59,4,64,200,1,1,1,770.47
172,1,1,60,12,64,200,2,2,1,493.24
172,1,1,61,10,64,200,2,2,1,566.95
172,1,1,62,9,64,200,2,2,1,709.47
172,1,1,63,1,64,200,1,1,1,491.08
172,1,1,64,6,64,200,2,2,1,633.16
172,1,1,65,3,64,200,1,1,1,695.25
172,1,1,66,3,64,200,1,1,1,668.06
172,1,1,67,3,64,200,1,1,1,583.19
172,1,1,68,10,64,200,2,2,1,411.2
172,1,1,69,3,64,200,1,1,1,473.06
172,1,1,70,7,64,200,2,2,1,1053.1
172,1,1,71,4,64,200,1,1,1,938.09
172,1,1,72,8,64,200,2,2,1,1128.4
172,1,1,73,5,64,200,2,2,1,595.2
172,1,1,74,2,64,200,1,1,1,775.86
172,1,1,75,9,64,200,2,2,1,632.21
172,1,1,76,1,64,200,1,1,1,553.55
172,1,1,77,12,64,200,2,2,1,731.81
172,1,1,78,2,64,200,1,1,1,648.56
172,1,1,79,4,64,200,1,1,1,667.96
172,1,1,80,7,64,200,2,2,1,879.88
172,1,1,81,1,64,200,1,1,1,1054.8
172,1,1,82,5,64,200,2,2,1,691.23
172,1,1,83,3,64,200,1,1,1,645.39
172,1,1,84,2,64,200,1,1,1,629.83
172,1,1,85,2,64,200,1,1,1,513.04
172,1,1,1,1,64,200,1,1,1,520.18
172,1,1,2,6,64,200,2,2,1,537.67
172,1,1,3,3,64,200,1,1,1,419.42
172,1,1,4,11,64,200,2,2,1,393.12
172,1,1,5,9,64,200,2,2,1,500.89
172,1,1,6,1,64,200,1,1,1,671.98
172,1,1,7,3,64,200,1,1,1,448.98
172,1,1,8,12,64,200,2,2,1,546.51
172,1,1,9,7,64,200,2,2,1,664.66
172,1,1,10,4,64,200,1,1,1,749.25
172,1,1,11,6,64,200,2,2,1,746.46
172,1,1,12,3,64,200,1,1,1,531.03
172,1,1,13,8,64,200,2,2,1,758.91
172,1,1,14,13,64,200,2,2,1,452.05
172,1,1,15,10,64,200,2,2,1,499.15
172,1,1,16,8,64,200,2,2,1,775.25
172,1,1,17,12,64,200,2,2,1,441.21
172,1,1,18,4,64,200,1,1,1,863.75
172,1,1,19,10,64,200,2,2,1,448.46
172,1,1,20,9,64,200,2,2,1,479.48
172,1,1,21,5,64,200,2,2,1,491.88
172,1,1,22,1,64,200,1,1,1,561.95
172,1,1,23,2,64,200,1,1,1,779.02
172,1,1,24,5,64,200,2,2,1,440.7
172,1,1,25,7,64,200,2,2,1,663.96
172,1,1,26,1,64,200,1,1,1,536.3
172,1,1,27,10,64,200,2,2,1,524.39
172,1,1,28,2,64,200,1,1,1,601.57
172,1,1,29,13,64,200,2,2,1,480.26
172,1,1,30,3,64,200,1,1,1,540.07
172,1,1,31,2,64,200,1,1,1,560.18
172,1,1,32,3,64,200,1,1,1,464.62
172,1,1,33,7,64,200,2,2,1,706.27
172,1,1,34,5,64,200,2,2,1,466.86
172,1,1,35,10,64,200,2,2,1,432.64
172,1,1,36,1,64,200,1,1,1,557.65
172,1,1,37,6,64,200,2,2,1,458.42
172,1,1,38,2,64,200,1,1,1,579.68
172,1,1,39,4,64,200,2,1,0,552.03
172,1,1,40,5,64,200,2,2,1,629.33
172,1,1,41,2,64,200,1,1,1,793.28
172,1,1,42,12,64,200,2,2,1,927.01
172,1,1,43,1,64,200,2,1,0,522.16
172,1,1,44,4,64,200,1,1,1,763.93
172,1,1,45,1,64,200,1,1,1,868.71
172,1,1,46,1,64,200,1,1,1,536.2
172,1,1,47,4,64,200,1,1,1,614.75
172,1,1,48,8,64,200,2,2,1,694.87
172,1,1,49,3,64,200,1,1,1,505.08
172,1,1,50,2,64,200,1,1,1,501.54
172,1,1,51,3,64,200,1,1,1,431.98
172,1,1,52,3,64,200,1,1,1,678.62
172,1,1,53,6,64,200,2,2,1,766.96
172,1,1,54,8,64,200,2,2,1,467.24
172,1,1,55,7,64,200,2,2,1,997.84
172,1,1,56,13,64,200,2,2,1,754.6
172,1,1,57,2,64,200,1,1,1,821.91
172,1,1,58,7,64,200,2,2,1,1289.3
172,1,1,59,1,64,200,1,1,1,1322.6
172,1,1,60,11,64,200,2,2,1,984.4
172,1,1,61,9,64,200,2,2,1,484.02
172,1,1,62,4,64,200,1,1,1,1203
172,1,1,63,11,64,200,2,2,1,474.77
172,1,1,64,2,64,200,1,1,1,618.8
172,1,1,65,11,64,200,2,2,1,556.71
172,1,1,66,12,64,200,2,2,1,532.7
172,1,1,67,4,64,200,1,1,1,640.83
172,1,1,68,3,64,200,1,1,1,542.24
172,1,1,69,9,64,200,2,2,1,475.19
172,1,1,70,4,64,200,1,1,1,580.78
172,1,1,71,2,64,200,1,1,1,524.5
172,1,1,72,12,64,200,2,2,1,736.65
172,1,1,73,3,64,200,1,1,1,508.8
172,1,1,74,13,64,200,2,2,1,527.77
172,1,1,75,6,64,200,2,2,1,699.12
172,1,1,76,13,64,200,2,2,1,429.32
172,1,1,77,5,64,200,2,2,1,826.9
172,1,1,78,10,64,200,2,2,1,703.82
172,1,1,79,9,64,200,2,2,1,571.76
172,1,1,80,4,64,200,1,1,1,960.09
172,1,1,81,4,64,200,1,1,1,548.37
172,1,1,82,1,64,200,1,1,1,585.79
172,1,1,83,11,64,200,2,2,1,439.21
172,1,1,84,8,64,200,2,2,1,607.22
172,1,1,85,2,64,200,1,1,1,701.38
172,1,1,1,10,64,200,2,2,1,695.2
172,1,1,2,6,64,200,2,2,1,676.61
172,1,1,3,1,64,200,1,1,1,893.64
172,1,1,4,13,64,200,2,2,1,1027.7
172,1,1,5,4,64,200,1,1,1,1408.1
172,1,1,6,12,64,200,2,2,1,1336.1
172,1,1,7,1,64,200,1,1,1,1103.8
172,1,1,8,1,64,200,1,1,1,943.65
172,1,1,9,6,64,200,2,2,1,1083.8
172,1,1,10,5,64,200,2,2,1,822.26
172,1,1,11,3,64,200,1,1,1,989.48
172,1,1,12,1,64,200,1,1,1,883.87
172,1,1,13,11,64,200,2,2,1,1103
172,1,1,14,11,64,200,2,2,1,672.79
172,1,1,15,3,64,200,1,1,1,584.28
172,1,1,16,4,64,200,1,1,1,603.14
172,1,1,17,13,64,200,2,2,1,1092.4
172,1,1,18,7,64,200,2,2,1,629.63
172,1,1,19,3,64,200,1,1,1,1073.5
172,1,1,20,11,64,200,2,2,1,424.78
172,1,1,21,1,64,200,1,1,1,477.91
172,1,1,22,13,64,200,2,2,1,550.91
172,1,1,23,3,64,200,1,1,1,1018.2
172,1,1,24,7,64,200,2,2,1,1307.6
172,1,1,25,10,64,200,2,2,1,485.61
172,1,1,26,3,64,200,1,1,1,526.1
172,1,1,27,7,64,200,2,2,1,651.69
172,1,1,28,5,64,200,2,2,1,749.74
172,1,1,29,8,64,200,2,2,1,635.75
172,1,1,30,6,64,200,2,2,1,487.34
172,1,1,31,8,64,200,2,2,1,609.94
172,1,1,32,1,64,200,1,1,1,472.69
172,1,1,33,4,64,200,1,1,1,1058.3
172,1,1,34,4,64,200,1,1,1,728.35
172,1,1,35,9,64,200,2,2,1,598.94
172,1,1,36,2,64,200,1,1,1,571.57
172,1,1,37,12,64,200,2,2,1,757.06
172,1,1,38,10,64,200,2,2,1,588.31
172,1,1,39,3,64,200,1,1,1,757.38
172,1,1,40,5,64,200,2,2,1,664.91
172,1,1,41,4,64,200,1,1,1,710.26
172,1,1,42,1,64,200,1,1,1,1556
172,1,1,43,12,64,200,2,2,1,442.06
172,1,1,44,1,64,200,1,1,1,690.39
172,1,1,45,8,64,200,2,2,1,677.76
172,1,1,46,2,64,200,1,1,1,1025.3
172,1,1,47,7,64,200,2,2,1,614.15
172,1,1,48,12,64,200,2,2,1,496.01
172,1,1,49,10,64,200,2,2,1,524.55
172,1,1,50,7,64,200,2,2,1,797.69
172,1,1,51,2,64,200,1,1,1,645.43
172,1,1,52,8,64,200,2,2,1,729.17
172,1,1,53,9,64,200,2,2,1,411.69
172,1,1,54,2,64,200,1,1,1,483.64
172,1,1,55,4,64,200,1,1,1,540.97
172,1,1,56,9,64,200,2,2,1,481.61
172,1,1,57,4,64,200,1,1,1,758.7
172,1,1,58,2,64,200,1,1,1,524.03
172,1,1,59,11,64,200,2,2,1,415.84
172,1,1,60,9,64,200,2,2,1,487.76
172,1,1,61,5,64,200,2,2,1,583.9
172,1,1,62,11,64,200,2,2,1,515.84
172,1,1,63,2,64,200,1,1,1,468.56
172,1,1,64,2,64,200,1,1,1,971.69
172,1,1,65,3,64,200,1,1,1,551.19
172,1,1,66,4,64,200,2,1,0,452.65
172,1,1,67,2,64,200,1,1,1,560.14
172,1,1,68,3,64,200,1,1,1,466.11
172,1,1,69,1,64,200,1,1,1,1474
172,1,1,70,13,64,200,2,2,1,481.75
172,1,1,71,6,64,200,2,2,1,844.16
172,1,1,72,13,64,200,2,2,1,494.92
172,1,1,73,8,64,200,2,2,1,612.51
172,1,1,74,3,64,200,1,1,1,556.36
172,1,1,75,6,64,200,2,2,1,621.19
172,1,1,76,1,64,200,1,1,1,917.75
172,1,1,77,3,64,200,1,1,1,449.22
172,1,1,78,5,64,200,2,2,1,883.97
172,1,1,79,10,64,200,2,2,1,490.25
172,1,1,80,4,64,200,1,1,1,591.03
172,1,1,81,12,64,200,2,2,1,687.46
172,1,1,82,2,64,200,1,1,1,545.77
172,1,1,83,2,64,200,1,1,1,455.22
172,1,1,84,4,64,200,1,1,1,470.57
172,1,1,85,9,64,200,2,2,1,464.27
172,1,1,1,4,64,200,2,1,0,607.14
172,1,1,2,1,64,200,1,1,1,604.23
172,1,1,3,2,64,200,1,1,1,570.79
172,1,1,4,3,64,200,1,1,1,965.95
172,1,1,5,7,64,200,2,2,1,883.77
172,1,1,6,9,64,200,2,2,1,568.67
172,1,1,7,13,64,200,2,2,1,476.32
172,1,1,8,11,64,200,2,2,1,371.46
172,1,1,9,3,64,200,1,1,1,1097.6
172,1,1,10,4,64,200,1,1,1,1044.2
172,1,1,11,2,64,200,1,1,1,623.84
172,1,1,12,3,64,200,1,1,1,493.44
172,1,1,13,1,64,200,1,1,1,585.69
172,1,1,14,6,64,200,2,2,1,553.55
172,1,1,15,11,64,200,2,2,1,461.32
172,1,1,16,2,64,200,1,1,1,499.87
172,1,1,17,1,64,200,1,1,1,494.81
172,1,1,18,5,64,200,2,2,1,493.68
172,1,1,19,4,64,200,1,1,1,1254.3
172,1,1,20,3,64,200,1,1,1,576.96
172,1,1,21,9,64,200,2,2,1,479.2
172,1,1,22,1,64,200,1,1,1,624.41
172,1,1,23,13,64,200,2,2,1,494.66
172,1,1,24,9,64,200,2,2,1,491.95
172,1,1,25,12,64,200,2,2,1,470.41
172,1,1,26,3,64,200,1,1,1,523.73
172,1,1,27,5,64,200,2,2,1,476.64
172,1,1,28,7,64,200,1,2,0,812.42
172,1,1,29,12,64,200,2,2,1,433.55
172,1,1,30,6,64,200,2,2,1,539.09
172,1,1,31,2,64,200,1,1,1,556.1
172,1,1,32,2,64,200,1,1,1,677.41
172,1,1,33,12,64,200,2,2,1,695.97
172,1,1,34,3,64,200,1,1,1,586.8
172,1,1,35,8,64,200,2,2,1,635.81
172,1,1,36,4,64,200,1,1,1,687.68
172,1,1,37,3,64,200,1,1,1,560.32
172,1,1,38,8,64,200,2,2,1,655.2
172,1,1,39,3,64,200,1,1,1,500.2
172,1,1,40,4,64,200,1,1,1,612.21
172,1,1,41,7,64,200,2,2,1,654.74
172,1,1,42,12,64,200,2,2,1,487.71
172,1,1,43,10,64,200,2,2,1,432.42
172,1,1,44,1,64,200,1,1,1,556.19
172,1,1,45,13,64,200,2,2,1,700.23
172,1,1,46,1,64,200,1,1,1,673.59
172,1,1,47,5,64,200,2,2,1,463.98
172,1,1,48,13,64,200,2,2,1,445.21
172,1,1,49,9,64,200,2,2,1,432.14
172,1,1,50,8,64,200,2,2,1,454.45
172,1,1,51,8,64,200,2,2,1,505.41
172,1,1,52,2,64,200,1,1,1,689.6
172,1,1,53,3,64,200,1,1,1,667.49
172,1,1,54,2,64,200,1,1,1,733.55
172,1,1,55,2,64,200,1,1,1,462.07
172,1,1,56,8,64,200,2,2,1,547.1
172,1,1,57,3,64,200,1,1,1,602.57
172,1,1,58,5,64,200,2,2,1,598.78
172,1,1,59,4,64,200,1,1,1,851.94
172,1,1,60,11,64,200,2,2,1,450.6
172,1,1,61,9,64,200,2,2,1,532.86
172,1,1,62,2,64,200,1,1,1,592.65
172,1,1,63,7,64,200,2,2,1,656.19
172,1,1,64,12,64,200,2,2,1,482.02
172,1,1,65,1,64,200,1,1,1,494.33
172,1,1,66,7,64,200,2,2,1,712.92
172,1,1,67,13,64,200,2,2,1,380
172,1,1,68,1,64,200,1,1,1,519.45
172,1,1,69,6,64,200,2,2,1,482.17
172,1,1,70,4,64,200,1,1,1,909.29
172,1,1,71,10,64,200,2,2,1,465.96
172,1,1,72,4,64,200,1,1,1,716.94
172,1,1,73,6,64,200,2,2,1,659.27
172,1,1,74,10,64,200,2,2,1,400.17
172,1,1,75,2,64,200,1,1,1,580.36
172,1,1,76,1,64,200,1,1,1,429.17
172,1,1,77,6,64,200,2,2,1,470.9
172,1,1,78,11,64,200,2,2,1,416.07
172,1,1,79,10,64,200,2,2,1,384.95
172,1,1,80,10,64,200,2,2,1,421.89
172,1,1,81,1,64,200,1,1,1,466.4
172,1,1,82,4,64,200,1,1,1,442.67
172,1,1,83,5,64,200,2,2,1,562.53
172,1,1,84,11,64,200,2,2,1,348.93
172,1,1,85,4,64,200,1,1,1,591.26
172,1,1,1,4,64,200,1,1,1,708.28
172,1,1,2,1,64,200,1,1,1,548.94
172,1,1,3,6,64,200,2,2,1,592.96
172,1,1,4,7,64,200,2,2,1,839.44
172,1,1,5,4,64,200,1,1,1,583.24
172,1,1,6,1,64,200,1,1,1,1224
172,1,1,7,13,64,200,2,2,1,540.45
172,1,1,8,9,64,200,2,2,1,478.57
172,1,1,9,8,64,200,2,2,1,651.14
172,1,1,10,3,64,200,1,1,1,507.96
172,1,1,11,7,64,200,2,2,1,504.25
172,1,1,12,4,64,200,1,1,1,1004.1
172,1,1,13,12,64,200,2,2,1,639.98
172,1,1,14,6,64,200,2,2,1,493.08
172,1,1,15,13,64,200,2,2,1,473.72
172,1,1,16,7,64,200,2,2,1,972.37
172,1,1,17,11,64,200,2,2,1,486.45
172,1,1,18,9,64,200,2,2,1,647.24
172,1,1,19,11,64,200,2,2,1,477.21
172,1,1,20,9,64,200,2,2,1,582.45
172,1,1,21,2,64,200,1,1,1,485.76
172,1,1,22,12,64,200,2,2,1,797.04
172,1,1,23,3,64,200,1,1,1,576
172,1,1,24,2,64,200,1,1,1,510.56
172,1,1,25,8,64,200,2,2,1,1038.8
172,1,1,26,4,64,200,1,1,1,649.04
172,1,1,27,3,64,200,1,1,1,521.38
172,1,1,28,5,64,200,2,2,1,533.61
172,1,1,29,10,64,200,2,2,1,573.13
172,1,1,30,1,64,200,1,1,1,534.38
172,1,1,31,13,64,200,2,2,1,422.55
172,1,1,32,5,64,200,2,2,1,589.65
172,1,1,33,9,64,200,2,2,1,447.02
172,1,1,34,2,64,200,1,1,1,706.4
172,1,1,35,3,64,200,1,1,1,570.63
172,1,1,36,5,64,200,2,2,1,460.71
172,1,1,37,8,64,200,2,2,1,764.99
172,1,1,38,4,64,200,1,1,1,554.58
172,1,1,39,4,64,200,1,1,1,488.48
172,1,1,40,6,64,200,2,2,1,461.07
172,1,1,41,12,64,200,2,2,1,409.07
172,1,1,42,9,64,200,2,2,1,452.47
172,1,1,43,12,64,200,2,2,1,431.29
172,1,1,44,6,64,200,2,2,1,633.98
172,1,1,45,10,64,200,2,2,1,398.56
172,1,1,46,1,64,200,1,1,1,608.77
172,1,1,47,4,64,200,1,1,1,721.62
172,1,1,48,7,64,200,2,2,1,529.59
172,1,1,49,1,64,200,1,1,1,500.47
172,1,1,50,4,64,200,1,1,1,615.05
172,1,1,51,4,64,200,1,1,1,586.54
172,1,1,52,10,64,200,2,2,1,410.12
172,1,1,53,8,64,200,2,2,1,668.99
172,1,1,54,2,64,200,1,1,1,612.78
172,1,1,55,13,64,200,2,2,1,457.63
172,1,1,56,3,64,200,2,1,0,398.19
172,1,1,57,5,64,200,2,2,1,614.18
172,1,1,58,8,64,200,2,2,1,720.15
172,1,1,59,3,64,200,1,1,1,541.95
172,1,1,60,11,64,200,2,2,1,481.87
172,1,1,61,12,64,200,2,2,1,461.79
172,1,1,62,4,64,200,1,1,1,814.74
172,1,1,63,3,64,200,1,1,1,535.34
172,1,1,64,10,64,200,2,2,1,522.67
172,1,1,65,3,64,200,1,1,1,442.59
172,1,1,66,2,64,200,1,1,1,463.8
172,1,1,67,2,64,200,1,1,1,430.49
172,1,1,68,11,64,200,2,2,1,493.17
172,1,1,69,10,64,200,2,2,1,445.84
172,1,1,70,2,64,200,1,1,1,502.65
172,1,1,71,6,64,200,2,2,1,543.15
172,1,1,72,3,64,200,1,1,1,883.33
172,1,1,73,2,64,200,1,1,1,508.99
172,1,1,74,1,64,200,1,1,1,460.74
172,1,1,75,2,64,200,1,1,1,372.37
172,1,1,76,11,64,200,2,2,1,412.67
172,1,1,77,2,64,200,1,1,1,444.14
172,1,1,78,1,64,200,1,1,1,484.95
172,1,1,79,13,64,200,2,2,1,419.97
172,1,1,80,7,64,200,2,2,1,383.66
172,1,1,81,5,64,200,2,2,1,410.49
172,1,1,82,1,64,200,1,1,1,438.42
172,1,1,83,1,64,200,1,1,1,729.85
172,1,1,84,3,64,200,1,1,1,470.69
172,1,1,85,1,64,200,1,1,1,457.61
