171,1,4,1,9,64,200,2,2,1,571.16
171,1,4,2,3,64,200,1,1,1,537.45
171,1,4,3,5,64,200,2,2,1,441.78
171,1,4,4,10,64,200,2,2,1,678.17
171,1,4,5,2,64,200,1,1,1,744.81
171,1,4,6,1,64,200,1,1,1,524.65
171,1,4,7,2,64,200,1,1,1,489.11
171,1,4,8,13,64,200,2,2,1,435.33
171,1,4,9,8,64,200,2,2,1,731.86
171,1,4,10,6,64,200,2,2,1,1058
171,1,4,11,11,64,200,2,2,1,675.67
171,1,4,12,1,64,200,1,1,1,502.8
171,1,4,13,12,64,200,2,2,1,347.42
171,1,4,14,3,64,200,1,1,1,562.37
171,1,4,15,4,64,200,1,1,1,559.97
171,1,4,16,7,64,200,2,2,1,974.23
171,1,4,17,4,64,200,1,1,1,654.61
171,1,4,18,2,64,200,1,1,1,575.56
171,1,4,19,2,64,200,1,1,1,440.09
171,1,4,20,6,64,200,2,2,1,452.1
171,1,4,21,3,64,200,1,1,1,525.69
171,1,4,22,2,64,200,1,1,1,457.72
171,1,4,23,3,64,200,1,1,1,474.6
171,1,4,24,8,64,200,2,2,1,606.71
171,1,4,25,1,64,200,1,1,1,555.51
171,1,4,26,6,64,200,2,2,1,497.35
171,1,4,27,13,64,200,2,2,1,497
171,1,4,28,5,64,200,2,2,1,757.59
171,1,4,29,10,64,200,2,2,1,524.47
171,1,4,30,6,64,200,2,2,1,546.29
171,1,4,31,9,64,200,2,2,1,436.05
171,1,4,32,1,64,200,1,1,1,411.11
171,1,4,33,12,64,200,2,2,1,507.15
171,1,4,34,6,64,200,2,2,1,467.5
171,1,4,35,9,64,200,2,2,1,480.31
171,1,4,36,12,64,200,2,2,1,400.04
171,1,4,37,4,64,200,1,1,1,555
171,1,4,38,5,64,200,2,2,1,381.37
171,1,4,39,12,64,200,2,2,1,433.57
171,1,4,40,3,64,200,1,1,1,485.91
171,1,4,41,10,64,200,2,2,1,413.21
171,1,4,42,4,64,200,1,1,1,579.18
171,1,4,43,9,64,200,2,2,1,392.11
171,1,4,44,4,64,200,1,1,1,885.94
171,1,4,45,4,64,200,1,1,1,683.57
171,1,4,46,8,64,200,2,2,1,613.27
171,1,4,47,3,64,200,1,1,1,600.64
171,1,4,48,5,64,200,2,2,1,458.89
171,1,4,49,8,64,200,2,2,1,633.27
171,1,4,50,8,64,200,2,2,1,608.69
171,1,4,51,6,64,200,2,2,1,509.01
171,1,4,52,1,64,200,1,1,1,647.16
171,1,4,53,1,64,200,1,1,1,487.23
171,1,4,54,1,64,200,1,1,1,449.29
171,1,4,55,10,64,200,2,2,1,451.21
171,1,4,56,9,64,200,2,2,1,535.59
171,1,4,57,4,64,200,1,1,1,701.69
171,1,4,58,1,64,200,1,1,1,648.88
171,1,4,59,2,64,200,1,1,1,502.76
171,1,4,60,4,64,200,1,1,1,611.23
171,1,4,61,7,64,200,2,2,1,833.21
171,1,4,62,7,64,200,1,2,0,1315.1
171,1,4,63,7,64,200,2,2,1,685.36
171,1,4,64,3,64,200,1,1,1,634.92
171,1,4,65,3,64,200,1,1,1,1166.4
171,1,4,66,11,64,200,2,2,1,450.04
171,1,4,67,2,64,200,1,1,1,610.15
171,1,4,68,2,64,200,1,1,1,714.42
171,1,4,69,1,64,200,1,1,1,595.66
171,1,4,70,3,64,200,1,1,1,464.73
171,1,4,71,2,64,200,1,1,1,514.71
171,1,4,72,8,64,200,2,2,1,401.85
171,1,4,73,11,64,200,2,2,1,382.97
171,1,4,74,13,64,200,2,2,1,326.1
171,1,4,75,7,64,200,2,2,1,825.07
171,1,4,76,5,64,200,2,2,1,549.04
171,1,4,77,11,64,200,2,2,1,496.28
171,1,4,78,11,64,200,2,2,1,341.67
171,1,4,79,1,64,200,1,1,1,630.83
171,1,4,80,11,64,200,2,2,1,327.55
171,1,4,81,5,64,200,2,2,1,426.89
171,1,4,82,1,64,200,1,1,1,894
171,1,4,83,9,64,200,2,2,1,390.95
171,1,4,84,2,64,200,1,1,1,605.52
171,1,4,85,2,64,200,1,1,1,650.03
171,1,4,86,13,64,200,2,2,1,460.27
171,1,4,87,4,64,200,1,1,1,702.59
171,1,4,88,10,64,200,2,2,1,436
171,1,4,89,4,64,200,1,1,1,607.6
171,1,4,90,4,64,200,1,1,1,617.17
171,1,4,91,13,64,200,2,2,1,413.12
171,1,4,92,12,64,200,2,2,1,387.8
171,1,4,93,7,64,200,2,2,1,616.79
171,1,4,94,10,64,200,2,2,1,473.11
171,1,4,95,3,64,200,1,1,1,688.36
171,1,4,96,4,64,200,1,1,1,586.04
171,1,4,97,1,64,200,1,1,1,490.62
171,1,4,98,3,64,200,1,1,1,591.2
171,1,4,99,3,64,200,1,1,1,421.2
171,1,4,100,12,64,200,2,2,1,388.63
171,1,4,101,2,64,200,1,1,1,454.81
171,1,4,102,13,64,200,2,2,1,845.92
171,1,4,1,4,64,200,1,1,1,867.68
171,1,4,2,1,64,200,1,1,1,959.58
171,1,4,3,3,64,200,1,1,1,384.85
171,1,4,4,3,64,200,1,1,1,521.08
171,1,4,5,3,64,200,1,1,1,759.49
171,1,4,6,5,64,200,2,2,1,527.85
171,1,4,7,1,64,200,1,1,1,485.25
171,1,4,8,13,64,200,2,2,1,379.99
171,1,4,9,12,64,200,2,2,1,481.66
171,1,4,10,2,64,200,1,1,1,548.71
171,1,4,11,10,64,200,2,2,1,356.22
171,1,4,12,10,64,200,2,2,1,764.24
171,1,4,13,3,64,200,1,1,1,779.08
171,1,4,14,10,64,200,2,2,1,391.93
171,1,4,15,11,64,200,2,2,1,389.41
171,1,4,16,9,64,200,2,2,1,704.79
171,1,4,17,2,64,200,1,1,1,483.23
171,1,4,18,2,64,200,1,1,1,704.89
171,1,4,19,11,64,200,2,2,1,429.97
171,1,4,20,7,64,200,2,2,1,874.6
171,1,4,21,8,64,200,2,2,1,599.51
171,1,4,22,4,64,200,1,1,1,1026.8
171,1,4,23,12,64,200,2,2,1,535.77
171,1,4,24,11,64,200,2,2,1,535.34
171,1,4,25,2,64,200,1,1,1,810.7
171,1,4,26,12,64,200,2,2,1,603.9
171,1,4,27,5,64,200,2,2,1,1190.6
171,1,4,28,8,64,200,2,2,1,638.4
171,1,4,29,3,64,200,1,1,1,582.87
171,1,4,30,2,64,200,1,1,1,627.39
171,1,4,31,2,64,200,1,1,1,490.94
171,1,4,32,3,64,200,1,1,1,509.49
171,1,4,33,4,64,200,1,1,1,604.52
171,1,4,34,8,64,200,2,2,1,782.12
171,1,4,35,4,64,200,1,1,1,492.24
171,1,4,36,3,64,200,1,1,1,406.19
171,1,4,37,3,64,200,1,1,1,545.34
171,1,4,38,1,64,200,1,1,1,567.41
171,1,4,39,10,64,200,2,2,1,538.53
171,1,4,40,11,64,200,2,2,1,530.42
171,1,4,41,4,64,200,1,1,1,717.35
171,1,4,42,13,64,200,2,2,1,430.81
171,1,4,43,9,64,200,2,2,1,553.11
171,1,4,44,6,64,200,2,2,1,557.77
171,1,4,45,5,64,200,2,2,1,482.07
171,1,4,46,7,64,200,2,2,1,838.4
171,1,4,47,8,64,200,2,2,1,607.78
171,1,4,48,2,64,200,1,1,1,603.02
171,1,4,49,1,64,200,1,1,1,492.81
171,1,4,50,6,64,200,2,2,1,443.39
171,1,4,51,3,64,200,1,1,1,551.55
171,1,4,52,2,64,200,1,1,1,630.12
171,1,4,53,1,64,200,1,1,1,564.51
171,1,4,54,4,64,200,2,1,0,824.15
171,1,4,55,5,64,200,2,2,1,699.33
171,1,4,56,13,64,200,2,2,1,620.84
171,1,4,57,2,64,200,1,1,1,845.05
171,1,4,58,1,64,200,1,1,1,600.33
171,1,4,59,4,64,200,1,1,1,636.91
171,1,4,60,5,64,200,2,2,1,613.8
171,1,4,61,9,64,200,2,2,1,522.34
171,1,4,62,1,64,200,1,1,1,500.01
171,1,4,63,9,64,200,2,2,1,600.62
171,1,4,64,6,64,200,2,2,1,660.13
171,1,4,65,7,64,200,2,2,1,2142.6
171,1,4,66,1,64,200,1,1,1,651.99
171,1,4,67,1,64,200,1,1,1,839.76
171,1,4,68,3,64,200,2,1,0,1358.7
171,1,4,69,9,64,200,2,2,1,540.37
171,1,4,70,4,64,200,1,1,1,706.53
171,1,4,71,6,64,200,2,2,1,575.9
171,1,4,72,8,64,200,2,2,1,566.8
171,1,4,73,7,64,200,2,2,1,693.53
171,1,4,74,1,64,200,1,1,1,644.56
171,1,4,75,4,64,200,2,1,0,987.47
171,1,4,76,7,64,200,2,2,1,1080.2
171,1,4,77,2,64,200,1,1,1,564.98
171,1,4,78,4,64,200,1,1,1,1360.7
171,1,4,79,13,64,200,2,2,1,494.72
171,1,4,80,6,64,200,2,2,1,526.73
171,1,4,81,11,64,200,2,2,1,828.37
171,1,4,82,12,64,200,2,2,1,408.28
171,1,4,83,13,64,200,2,2,1,419.38
171,1,4,84,12,64,200,2,2,1,622.27
171,1,4,85,10,64,200,2,2,1,734.16
171,1,4,1,7,64,200,2,2,1,532.09
171,1,4,2,4,64,200,1,1,1,642.69
171,1,4,3,2,64,200,1,1,1,498.63
171,1,4,4,3,64,200,1,1,1,563.71
171,1,4,5,9,64,200,2,2,1,423.54
171,1,4,6,8,64,200,2,2,1,1001.2
171,1,4,7,2,64,200,1,1,1,465.85
171,1,4,8,13,64,200,2,2,1,484.14
171,1,4,9,4,64,200,1,1,1,568.12
171,1,4,10,2,64,200,1,1,1,441.13
171,1,4,11,5,64,200,2,2,1,483.48
171,1,4,12,3,64,200,1,1,1,921.23
171,1,4,13,5,64,200,2,2,1,724.32
171,1,4,14,3,64,200,2,1,0,1107.3
171,1,4,15,2,64,200,1,1,1,599.42
171,1,4,16,1,64,200,1,1,1,837.38
171,1,4,17,7,64,200,2,2,1,536
171,1,4,18,6,64,200,2,2,1,643.79
171,1,4,19,11,64,200,2,2,1,599.74
171,1,4,20,8,64,200,2,2,1,545.37
171,1,4,21,3,64,200,1,1,1,823.01
171,1,4,22,10,64,200,2,2,1,447.89
171,1,4,23,3,64,200,1,1,1,755.32
171,1,4,24,1,64,200,1,1,1,606.46
171,1,4,25,1,64,200,1,1,1,511.71
171,1,4,26,10,64,200,2,2,1,470.57
171,1,4,27,2,64,200,1,1,1,753.62
171,1,4,28,9,64,200,2,2,1,746.62
171,1,4,29,6,64,200,2,2,1,559.02
171,1,4,30,11,64,200,2,2,1,525.35
171,1,4,31,6,64,200,2,2,1,561
171,1,4,32,3,64,200,1,1,1,794.9
171,1,4,33,10,64,200,2,2,1,513.6
171,1,4,34,6,64,200,2,2,1,682.16
171,1,4,35,1,64,200,1,1,1,811.2
171,1,4,36,11,64,200,2,2,1,451.82
171,1,4,37,4,64,200,1,1,1,586.22
171,1,4,38,2,64,200,1,1,1,613.16
171,1,4,39,7,64,200,2,2,1,716.34
171,1,4,40,1,64,200,1,1,1,618.22
171,1,4,41,13,64,200,2,2,1,481.16
171,1,4,42,10,64,200,2,2,1,451.27
171,1,4,43,4,64,200,1,1,1,665.99
171,1,4,44,4,64,200,1,1,1,647.93
171,1,4,45,9,64,200,2,2,1,459.71
171,1,4,46,12,64,200,2,2,1,543.23
171,1,4,47,3,64,200,1,1,1,654.44
171,1,4,48,2,64,200,1,1,1,775.6
171,1,4,49,1,64,200,1,1,1,726.71
171,1,4,50,11,64,200,2,2,1,418.5
171,1,4,51,2,64,200,1,1,1,591.17
171,1,4,52,9,64,200,2,2,1,518.58
171,1,4,53,10,64,200,2,2,1,499.11
171,1,4,54,4,64,200,1,1,1,649.48
171,1,4,55,4,64,200,2,1,0,660.1
171,1,4,56,11,64,200,2,2,1,471.89
171,1,4,57,4,64,200,1,1,1,601.92
171,1,4,58,6,64,200,2,2,1,573.4
171,1,4,59,4,64,200,1,1,1,668.31
171,1,4,60,5,64,200,2,2,1,537.85
171,1,4,61,12,64,200,2,2,1,555.9
171,1,4,62,1,64,200,1,1,1,618.11
171,1,4,63,4,64,200,1,1,1,621.17
171,1,4,64,1,64,200,1,1,1,604.18
171,1,4,65,13,64,200,2,2,1,476.29
171,1,4,66,3,64,200,1,1,1,835.1
171,1,4,67,1,64,200,1,1,1,593.55
171,1,4,68,7,64,200,2,2,1,532.56
171,1,4,69,1,64,200,1,1,1,572.08
171,1,4,70,2,64,200,1,1,1,526.4
171,1,4,71,12,64,200,2,2,1,443.37
171,1,4,72,5,64,200,2,2,1,606.98
171,1,4,73,9,64,200,2,2,1,584.37
171,1,4,74,12,64,200,2,2,1,473.35
171,1,4,75,3,64,200,1,1,1,663.84
171,1,4,76,13,64,200,2,2,1,443.65
171,1,4,77,8,64,200,2,2,1,568.63
171,1,4,78,2,64,200,1,1,1,597.66
171,1,4,79,5,64,200,2,2,1,455.33
171,1,4,80,3,64,200,1,1,1,599.35
171,1,4,81,12,64,200,2,2,1,467.56
171,1,4,82,13,64,200,2,2,1,368.87
171,1,4,83,7,64,200,2,2,1,615.3
171,1,4,84,8,64,200,2,2,1,487.73
171,1,4,85,8,64,200,2,2,1,542.96
171,1,4,1,8,64,200,2,2,1,618.94
171,1,4,2,8,64,200,2,2,1,501.1
171,1,4,3,13,64,200,2,2,1,633.86
171,1,4,4,2,64,200,1,1,1,827.48
171,1,4,5,3,64,200,2,1,0,690.28
171,1,4,6,6,64,200,2,2,1,455.32
171,1,4,7,2,64,200,1,1,1,658.95
171,1,4,8,4,64,200,1,1,1,826.44
171,1,4,9,13,64,200,2,2,1,447.69
171,1,4,10,11,64,200,2,2,1,471.95
171,1,4,11,2,64,200,1,1,1,849.17
171,1,4,12,6,64,200,2,2,1,1542.7
171,1,4,13,1,64,200,1,1,1,604.48
171,1,4,14,3,64,200,1,1,1,518.34
171,1,4,15,2,64,200,1,1,1,947.8
171,1,4,16,9,64,200,2,2,1,590.69
171,1,4,17,4,64,200,1,1,1,691.24
171,1,4,18,4,64,200,1,1,1,520.42
171,1,4,19,10,64,200,2,2,1,488.44
171,1,4,20,9,64,200,2,2,1,632.89
171,1,4,21,6,64,200,2,2,1,478.65
171,1,4,22,1,64,200,1,1,1,469.98
171,1,4,23,6,64,200,2,2,1,634.66
171,1,4,24,3,64,200,1,1,1,675.1
171,1,4,25,12,64,200,2,2,1,432.71
171,1,4,26,8,64,200,2,2,1,627.25
171,1,4,27,2,64,200,1,1,1,656.75
171,1,4,28,2,64,200,1,1,1,491.3
171,1,4,29,7,64,200,2,2,1,603.48
171,1,4,30,1,64,200,1,1,1,567.27
171,1,4,31,4,64,200,1,1,1,695.94
171,1,4,32,13,64,200,2,2,1,544.36
171,1,4,33,3,64,200,1,1,1,460.17
171,1,4,34,1,64,200,1,1,1,554.66
171,1,4,35,1,64,200,1,1,1,548.17
171,1,4,36,11,64,200,2,2,1,443.81
171,1,4,37,13,64,200,2,2,1,618.48
171,1,4,38,4,64,200,1,1,1,538.54
171,1,4,39,3,64,200,1,1,1,481.33
171,1,4,40,9,64,200,2,2,1,437.47
171,1,4,41,3,64,200,1,1,1,564.02
171,1,4,42,7,64,200,2,2,1,684.23
171,1,4,43,11,64,200,2,2,1,483.11
171,1,4,44,8,64,200,2,2,1,520.06
171,1,4,45,5,64,200,2,2,1,605.02
171,1,4,46,10,64,200,2,2,1,526.03
171,1,4,47,4,64,200,1,1,1,1083.6
171,1,4,48,3,64,200,1,1,1,682.2
171,1,4,49,11,64,200,2,2,1,459.76
171,1,4,50,12,64,200,2,2,1,611.33
171,1,4,51,9,64,200,2,2,1,618.46
171,1,4,52,4,64,200,1,1,1,580.17
171,1,4,53,2,64,200,1,1,1,509.42
171,1,4,54,2,64,200,1,1,1,486.13
171,1,4,55,4,64,200,1,1,1,450.37
171,1,4,56,1,64,200,1,1,1,380.3
171,1,4,57,7,64,200,2,2,1,1123.9
171,1,4,58,12,64,200,2,2,1,661.25
171,1,4,59,3,64,200,1,1,1,855.65
171,1,4,60,2,64,200,1,1,1,672.31
171,1,4,61,9,64,200,2,2,1,572.71
171,1,4,62,13,64,200,2,2,1,551.3
171,1,4,63,3,64,200,1,1,1,637.18
171,1,4,64,5,64,200,2,2,1,637.83
171,1,4,65,5,64,200,2,2,1,978.83
171,1,4,66,10,64,200,2,2,1,681.1
171,1,4,67,3,64,200,1,1,1,1354.1
171,1,4,68,4,64,200,1,1,1,645.81
171,1,4,69,1,64,200,1,1,1,554.67
171,1,4,70,10,64,200,2,2,1,515.56
171,1,4,71,1,64,200,1,1,1,707.12
171,1,4,72,12,64,200,2,2,1,481.99
171,1,4,73,1,64,200,1,1,1,623.87
171,1,4,74,10,64,200,2,2,1,453.15
171,1,4,75,1,64,200,1,1,1,486.55
171,1,4,76,6,64,200,2,2,1,624.86
171,1,4,77,5,64,200,2,2,1,631.56
171,1,4,78,7,64,200,2,2,1,1145.2
171,1,4,79,12,64,200,2,2,1,520.49
171,1,4,80,4,64,200,1,1,1,845.39
171,1,4,81,8,64,200,2,2,1,513.87
171,1,4,82,11,64,200,2,2,1,433.07
171,1,4,83,5,64,200,2,2,1,496.14
171,1,4,84,2,64,200,1,1,1,619.2
171,1,4,85,7,64,200,2,2,1,578.65
171,1,4,1,2,64,200,1,1,1,720.02
171,1,4,2,2,64,200,1,1,1,554.6
171,1,4,3,11,64,200,2,2,1,370.06
171,1,4,4,4,64,200,1,1,1,778.05
171,1,4,5,12,64,200,2,2,1,417.34
171,1,4,6,5,64,200,2,2,1,774.5
171,1,4,7,13,64,200,2,2,1,668.24
171,1,4,8,3,64,200,1,1,1,703.28
171,1,4,9,1,64,200,1,1,1,671.93
171,1,4,10,8,64,200,2,2,1,702.6
171,1,4,11,1,64,200,1,1,1,534.86
171,1,4,12,6,64,200,2,2,1,698.15
171,1,4,13,1,64,200,1,1,1,562.06
171,1,4,14,9,64,200,2,2,1,560.28
171,1,4,15,5,64,200,2,2,1,881.61
171,1,4,16,3,64,200,1,1,1,1168.9
171,1,4,17,8,64,200,2,2,1,864.77
171,1,4,18,4,64,200,1,1,1,1433.9
171,1,4,19,1,64,200,1,1,1,768
171,1,4,20,1,64,200,1,1,1,680.92
171,1,4,21,3,64,200,1,1,1,568.7
171,1,4,22,4,64,200,1,1,1,712.68
171,1,4,23,6,64,200,2,2,1,576.87
171,1,4,24,4,64,200,1,1,1,716.7
171,1,4,25,10,64,200,2,2,1,594.11
171,1,4,26,5,64,200,2,2,1,502.72
171,1,4,27,13,64,200,2,2,1,449.82
171,1,4,28,4,64,200,1,1,1,755.94
171,1,4,29,8,64,200,2,2,1,475.79
171,1,4,30,1,64,200,1,1,1,529.72
171,1,4,31,5,64,200,2,2,1,449.1
171,1,4,32,2,64,200,1,1,1,701.97
171,1,4,33,2,64,200,1,1,1,770.48
171,1,4,34,12,64,200,2,2,1,544.12
171,1,4,35,7,64,200,2,2,1,624.63
171,1,4,36,11,64,200,2,2,1,611.58
171,1,4,37,7,64,200,2,2,1,630.89
171,1,4,38,9,64,200,2,2,1,439.34
171,1,4,39,3,64,200,1,1,1,1782.6
171,1,4,40,6,64,200,2,2,1,443.8
171,1,4,41,7,64,200,2,2,1,686.29
171,1,4,42,3,64,200,1,1,1,620.55
171,1,4,43,10,64,200,2,2,1,619.78
171,1,4,44,10,64,200,2,2,1,1256.2
171,1,4,45,2,64,200,1,1,1,495.67
171,1,4,46,2,64,200,1,1,1,399.45
171,1,4,47,8,64,200,2,2,1,618
171,1,4,48,7,64,200,1,2,0,1498.6
171,1,4,49,8,64,200,2,2,1,652.3
171,1,4,50,2,64,200,1,1,1,753.24
171,1,4,51,4,64,200,2,1,0,1016
171,1,4,52,2,64,200,1,1,1,472.42
171,1,4,53,4,64,200,1,1,1,1336.7
171,1,4,54,10,64,200,2,2,1,476.65
171,1,4,55,6,64,200,2,2,1,1342.6
171,1,4,56,12,64,200,2,2,1,550.48
171,1,4,57,1,64,200,1,1,1,566.98
171,1,4,58,4,64,200,1,1,1,539.5
171,1,4,59,11,64,200,2,2,1,426.78
171,1,4,60,6,64,200,2,2,1,1055.3
171,1,4,61,11,64,200,2,2,1,509.52
171,1,4,62,4,64,200,1,1,1,928
171,1,4,63,7,64,200,2,2,1,808.52
171,1,4,64,9,64,200,2,2,1,610.53
171,1,4,65,13,64,200,2,2,1,1417.5
171,1,4,66,12,64,200,2,2,1,837.93
171,1,4,67,1,64,200,1,1,1,951.76
171,1,4,68,1,64,200,1,1,1,718.61
171,1,4,69,2,64,200,1,1,1,505.57
171,1,4,70,9,64,200,2,2,1,893.8
171,1,4,71,2,64,200,1,1,1,1079.4
171,1,4,72,3,64,200,1,1,1,1157.4
171,1,4,73,3,64,200,1,1,1,765.47
171,1,4,74,3,64,200,1,1,1,494.36
171,1,4,75,4,64,200,1,1,1,694.23
171,1,4,76,3,64,200,1,1,1,512.3
171,1,4,77,9,64,200,2,2,1,642.87
171,1,4,78,10,64,200,2,2,1,569.72
171,1,4,79,13,64,200,2,2,1,488.89
171,1,4,80,12,64,200,2,2,1,515.71
171,1,4,81,1,64,200,1,1,1,936.12
171,1,4,82,13,64,200,2,2,1,422.07
171,1,4,83,11,64,200,2,2,1,550.31
171,1,4,84,3,64,200,1,1,1,590.27
171,1,4,85,5,64,200,2,2,1,562.84
171,1,4,1,2,64,200,1,1,1,452.64
171,1,4,2,4,64,200,1,1,1,653.41
171,1,4,3,2,64,200,1,1,1,464.13
171,1,4,4,8,64,200,2,2,1,686.92
171,1,4,5,10,64,200,1,2,0,769.58
171,1,4,6,7,64,200,2,2,1,918.35
171,1,4,7,6,64,200,2,2,1,956.76
171,1,4,8,10,64,200,2,2,1,557.1
171,1,4,9,11,64,200,2,2,1,673.89
171,1,4,10,9,64,200,2,2,1,1732
171,1,4,11,6,64,200,2,2,1,508.27
171,1,4,12,8,64,200,2,2,1,1146.5
171,1,4,13,13,64,200,2,2,1,554.01
171,1,4,14,3,64,200,1,1,1,538.47
171,1,4,15,4,64,200,1,1,1,678.81
171,1,4,16,2,64,200,1,1,1,463.1
171,1,4,17,3,64,200,1,1,1,490.35
171,1,4,18,12,64,200,2,2,1,795.58
171,1,4,19,4,64,200,1,1,1,684.62
171,1,4,20,9,64,200,2,2,1,678.35
171,1,4,21,13,64,200,2,2,1,801.77
171,1,4,22,3,64,200,1,1,1,783.78
171,1,4,23,1,64,200,1,1,1,530.46
171,1,4,24,3,64,200,1,1,1,569.14
171,1,4,25,9,64,200,2,2,1,672.81
171,1,4,26,1,64,200,1,1,1,406.45
171,1,4,27,11,64,200,2,2,1,481.58
171,1,4,28,2,64,200,1,1,1,634.18
171,1,4,29,11,64,200,2,2,1,382.22
171,1,4,30,1,64,200,1,1,1,506.91
171,1,4,31,3,64,200,1,1,1,847.72
171,1,4,32,10,64,200,2,2,1,709.12
171,1,4,33,12,64,200,1,2,0,894.66
171,1,4,34,4,64,200,1,1,1,770.15
171,1,4,35,13,64,200,2,2,1,692.67
171,1,4,36,1,64,200,1,1,1,651.05
171,1,4,37,6,64,200,2,2,1,614.94
171,1,4,38,9,64,200,2,2,1,618.95
171,1,4,39,9,64,200,2,2,1,853.08
171,1,4,40,4,64,200,1,1,1,685.51
171,1,4,41,4,64,200,1,1,1,500.29
171,1,4,42,12,64,200,2,2,1,696.6
171,1,4,43,2,64,200,1,1,1,696.89
171,1,4,44,8,64,200,2,2,1,647.33
171,1,4,45,1,64,200,1,1,1,641.97
171,1,4,46,8,64,200,2,2,1,557.33
171,1,4,47,3,64,200,1,1,1,667.83
171,1,4,48,2,64,200,1,1,1,536.71
171,1,4,49,13,64,200,2,2,1,551.56
171,1,4,50,4,64,200,1,1,1,601.83
171,1,4,51,10,64,200,2,2,1,397.43
171,1,4,52,1,64,200,1,1,1,616.14
171,1,4,53,4,64,200,2,1,0,846.74
171,1,4,54,11,64,200,2,2,1,579.91
171,1,4,55,3,64,200,1,1,1,1151.7
171,1,4,56,2,64,200,1,1,1,536.08
171,1,4,57,12,64,200,2,2,1,424.58
171,1,4,58,1,64,200,1,1,1,544.97
171,1,4,59,7,64,200,2,2,1,724.43
171,1,4,60,5,64,200,2,2,1,660.99
171,1,4,61,3,64,200,1,1,1,808.72
171,1,4,62,6,64,200,2,2,1,464.07
171,1,4,63,7,64,200,2,2,1,970.34
171,1,4,64,5,64,200,2,2,1,616.15
171,1,4,65,4,64,200,1,1,1,584.65
171,1,4,66,7,64,200,2,2,1,887.16
171,1,4,67,2,64,200,1,1,1,540.37
171,1,4,68,13,64,200,2,2,1,512.54
171,1,4,69,5,64,200,2,2,1,633.16
171,1,4,70,8,64,200,2,2,1,903.27
171,1,4,71,1,64,200,1,1,1,612.44
171,1,4,72,6,64,200,2,2,1,449.54
171,1,4,73,5,64,200,2,2,1,512.07
171,1,4,74,11,64,200,2,2,1,624.85
171,1,4,75,2,64,200,1,1,1,745.02
171,1,4,76,1,64,200,1,1,1,628.96
171,1,4,77,2,64,200,1,1,1,655.25
171,1,4,78,7,64,200,2,2,1,496.21
171,1,4,79,1,64,200,1,1,1,712.4
171,1,4,80,5,64,200,2,2,1,560.25
171,1,4,81,12,64,200,2,2,1,850.35
171,1,4,82,10,64,200,2,2,1,521.55
171,1,4,83,4,64,200,2,1,0,1147.9
171,1,4,84,3,64,200,1,1,1,820.32
171,1,4,85,3,64,200,1,1,1,562.72
171,1,4,1,1,64,200,1,1,1,617.48
171,1,4,2,7,64,200,2,2,1,492.69
171,1,4,3,8,64,200,2,2,1,559.9
171,1,4,4,3,64,200,1,1,1,622.8
171,1,4,5,7,64,200,2,2,1,474.96
171,1,4,6,1,64,200,1,1,1,528.74
171,1,4,7,3,64,200,1,1,1,747.69
171,1,4,8,9,64,200,2,2,1,517.51
171,1,4,9,4,64,200,1,1,1,485.02
171,1,4,10,13,64,200,2,2,1,425.89
171,1,4,11,12,64,200,2,2,1,565.96
171,1,4,12,7,64,200,2,2,1,542.86
171,1,4,13,1,64,200,1,1,1,716.3
171,1,4,14,3,64,200,1,1,1,681.08
171,1,4,15,6,64,200,2,2,1,491.5
171,1,4,16,4,64,200,1,1,1,661.06
171,1,4,17,9,64,200,2,2,1,425.5
171,1,4,18,13,64,200,2,2,1,425.11
171,1,4,19,8,64,200,2,2,1,687.74
171,1,4,20,6,64,200,2,2,1,601.74
171,1,4,21,4,64,200,1,1,1,562.49
171,1,4,22,5,64,200,2,2,1,454.43
171,1,4,23,2,64,200,1,1,1,511.87
171,1,4,24,12,64,200,2,2,1,424.58
171,1,4,25,5,64,200,2,2,1,482.33
171,1,4,26,6,64,200,2,2,1,689.38
171,1,4,27,5,64,200,2,2,1,524.48
171,1,4,28,4,64,200,1,1,1,558.4
171,1,4,29,1,64,200,1,1,1,649.69
171,1,4,30,2,64,200,1,1,1,666.64
171,1,4,31,4,64,200,1,1,1,604.16
171,1,4,32,13,64,200,2,2,1,758.82
171,1,4,33,7,64,200,2,2,1,1329.4
171,1,4,34,11,64,200,2,2,1,487.55
171,1,4,35,2,64,200,1,1,1,857.54
171,1,4,36,11,64,200,2,2,1,397.26
171,1,4,37,3,64,200,1,1,1,600.38
171,1,4,38,4,64,200,1,1,1,755.8
171,1,4,39,7,64,200,2,2,1,1367.8
171,1,4,40,8,64,200,1,2,0,1456.3
171,1,4,41,4,64,200,1,1,1,505.58
171,1,4,42,2,64,200,1,1,1,529.88
171,1,4,43,5,64,200,2,2,1,748.74
171,1,4,44,2,64,200,1,1,1,694.05
171,1,4,45,5,64,200,2,2,1,850.25
171,1,4,46,10,64,200,2,2,1,447.68
171,1,4,47,4,64,200,1,1,1,546.89
171,1,4,48,6,64,200,2,2,1,547.48
171,1,4,49,9,64,200,2,2,1,479.82
171,1,4,50,1,64,200,1,1,1,513.76
171,1,4,51,2,64,200,1,1,1,641.86
171,1,4,52,11,64,200,2,2,1,384.5
171,1,4,53,13,64,200,2,2,1,364.43
171,1,4,54,11,64,200,2,2,1,424.76
171,1,4,55,2,64,200,1,1,1,410.29
171,1,4,56,13,64,200,2,2,1,367.3
171,1,4,57,12,64,200,2,2,1,294.75
171,1,4,58,1,64,200,1,1,1,471.92
171,1,4,59,1,64,200,1,1,1,511.88
171,1,4,60,2,64,200,1,1,1,507.35
171,1,4,61,4,64,200,1,1,1,462.07
171,1,4,62,1,64,200,1,1,1,345.43
171,1,4,63,12,64,200,2,2,1,418.04
171,1,4,64,6,64,200,2,2,1,687.79
171,1,4,65,10,64,200,2,2,1,456.14
171,1,4,66,2,64,200,1,1,1,460.57
171,1,4,67,8,64,200,2,2,1,559.09
171,1,4,68,1,64,200,1,1,1,587.63
171,1,4,69,3,64,200,1,1,1,584.97
171,1,4,70,3,64,200,1,1,1,559.24
171,1,4,71,1,64,200,1,1,1,406.51
171,1,4,72,8,64,200,2,2,1,856.2
171,1,4,73,4,64,200,1,1,1,361.89
171,1,4,74,3,64,200,1,1,1,440.38
171,1,4,75,10,64,200,2,2,1,484.68
171,1,4,76,11,64,200,2,2,1,458.97
171,1,4,77,10,64,200,2,2,1,383.84
171,1,4,78,3,64,200,1,1,1,533.45
171,1,4,79,10,64,200,2,2,1,333.48
171,1,4,80,9,64,200,2,2,1,614.42
171,1,4,81,12,64,200,2,2,1,431.84
171,1,4,82,9,64,200,2,2,1,597.25
171,1,4,83,3,64,200,1,1,1,632.42
171,1,4,84,3,64,200,1,1,1,567.98
171,1,4,85,2,64,200,1,1,1,626.77
171,1,4,1,11,64,200,2,2,1,557.45
171,1,4,2,3,64,200,1,1,1,644.78
171,1,4,3,1,64,200,1,1,1,482.69
171,1,4,4,1,64,200,1,1,1,430.84
171,1,4,5,3,64,200,1,1,1,592.72
171,1,4,6,6,64,200,2,2,1,444.27
171,1,4,7,2,64,200,1,1,1,527.53
171,1,4,8,12,64,200,2,2,1,360.9
171,1,4,9,2,64,200,1,1,1,457.44
171,1,4,10,2,64,200,1,1,1,477.31
171,1,4,11,9,64,200,2,2,1,391.29
171,1,4,12,1,64,200,1,1,1,437.52
171,1,4,13,6,64,200,2,2,1,499.09
171,1,4,14,9,64,200,2,2,1,472.54
171,1,4,15,6,64,200,2,2,1,593.23
171,1,4,16,9,64,200,2,2,1,487.39
171,1,4,17,2,64,200,1,1,1,834.58
171,1,4,18,10,64,200,2,2,1,384.33
171,1,4,19,5,64,200,2,2,1,869.86
171,1,4,20,2,64,200,1,1,1,646.16
171,1,4,21,2,64,200,1,1,1,482.54
171,1,4,22,5,64,200,2,2,1,424.62
171,1,4,23,4,64,200,1,1,1,672.04
171,1,4,24,4,64,200,1,1,1,855.7
171,1,4,25,7,64,200,2,2,1,455.69
171,1,4,26,8,64,200,2,2,1,597.82
171,1,4,27,4,64,200,1,1,1,595.64
171,1,4,28,3,64,200,1,1,1,800.23
171,1,4,29,8,64,200,2,2,1,481.01
171,1,4,30,3,64,200,1,1,1,497.59
171,1,4,31,1,64,200,1,1,1,394.14
171,1,4,32,5,64,200,2,2,1,516.04
171,1,4,33,1,64,200,1,1,1,533.27
171,1,4,34,3,64,200,1,1,1,347.55
171,1,4,35,8,64,200,2,2,1,409.71
171,1,4,36,13,64,200,2,2,1,408.25
171,1,4,37,8,64,200,2,2,1,511.91
171,1,4,38,5,64,200,2,2,1,630.05
171,1,4,39,2,64,200,1,1,1,609.39
171,1,4,40,7,64,200,2,2,1,606.8
171,1,4,41,12,64,200,2,2,1,502.28
171,1,4,42,2,64,200,1,1,1,652.15
171,1,4,43,5,64,200,2,2,1,483.28
171,1,4,44,4,64,200,1,1,1,941.08
171,1,4,45,3,64,200,1,1,1,690.98
171,1,4,46,3,64,200,1,1,1,545.94
171,1,4,47,8,64,200,2,2,1,461.29
171,1,4,48,10,64,200,2,2,1,477.58
171,1,4,49,1,64,200,1,1,1,801.27
171,1,4,50,13,64,200,2,2,1,352.25
171,1,4,51,12,64,200,2,2,1,338.4
171,1,4,52,2,64,200,1,1,1,648.91
171,1,4,53,10,64,200,2,2,1,360.5
171,1,4,54,3,64,200,1,1,1,845.33
171,1,4,55,12,64,200,2,2,1,346.92
171,1,4,56,11,64,200,2,2,1,291.78
171,1,4,57,1,64,200,2,1,0,344.04
171,1,4,58,3,64,200,1,1,1,697.43
171,1,4,59,13,64,200,2,2,1,450.15
171,1,4,60,4,64,200,1,1,1,414.47
171,1,4,61,4,64,200,1,1,1,525.8
171,1,4,62,4,64,200,1,1,1,495.48
171,1,4,63,13,64,200,2,2,1,446.71
171,1,4,64,4,64,200,1,1,1,559.98
171,1,4,65,1,64,200,1,1,1,596.93
171,1,4,66,11,64,200,2,2,1,347.61
171,1,4,67,10,64,200,2,2,1,417.06
171,1,4,68,11,64,200,2,2,1,379.44
171,1,4,69,3,64,200,1,1,1,556.99
171,1,4,70,7,64,200,2,2,1,523.33
171,1,4,71,1,64,200,1,1,1,627.6
171,1,4,72,7,64,200,2,2,1,491.18
171,1,4,73,13,64,200,2,2,1,616.93
171,1,4,74,4,64,200,1,1,1,454.23
171,1,4,75,2,64,200,1,1,1,503.02
171,1,4,76,10,64,200,2,2,1,335.62
171,1,4,77,9,64,200,2,2,1,795.65
171,1,4,78,1,64,200,1,1,1,442.08
171,1,4,79,6,64,200,2,2,1,401.64
171,1,4,80,7,64,200,2,2,1,1214.5
171,1,4,81,9,64,200,2,2,1,464.28
171,1,4,82,4,64,200,1,1,1,492.5
171,1,4,83,12,64,200,2,2,1,443.91
171,1,4,84,11,64,200,2,2,1,391.17
171,1,4,85,6,64,200,2,2,1,420.73
171,1,4,1,3,64,200,1,1,1,686.79
171,1,4,2,7,64,200,2,2,1,1368.5
171,1,4,3,4,64,200,1,1,1,670.7
171,1,4,4,9,64,200,2,2,1,521.57
171,1,4,5,1,64,200,1,1,1,443.08
171,1,4,6,13,64,200,2,2,1,457.87
171,1,4,7,6,64,200,2,2,1,445.84
171,1,4,8,9,64,200,2,2,1,474.22
171,1,4,9,10,64,200,2,2,1,573.91
171,1,4,10,10,64,200,2,2,1,450.87
171,1,4,11,3,64,200,1,1,1,616.47
171,1,4,12,7,64,200,2,2,1,518.27
171,1,4,13,13,64,200,2,2,1,402.76
171,1,4,14,11,64,200,2,2,1,375.22
171,1,4,15,4,64,200,1,1,1,661.77
171,1,4,16,7,64,200,2,2,1,830.01
171,1,4,17,9,64,200,2,2,1,945.5
171,1,4,18,12,64,200,2,2,1,419.91
171,1,4,19,9,64,200,2,2,1,468.46
171,1,4,20,8,64,200,2,2,1,632.52
171,1,4,21,1,64,200,1,1,1,571.72
171,1,4,22,2,64,200,1,1,1,743.93
171,1,4,23,10,64,200,2,2,1,406.72
171,1,4,24,13,64,200,2,2,1,327.39
171,1,4,25,9,64,200,2,2,1,479.13
171,1,4,26,6,64,200,2,2,1,435.68
171,1,4,27,10,64,200,2,2,1,554.45
171,1,4,28,3,64,200,1,1,1,872.81
171,1,4,29,10,64,200,2,2,1,357.09
171,1,4,30,1,64,200,1,1,1,625.12
171,1,4,31,2,64,200,1,1,1,636.11
171,1,4,32,5,64,200,2,2,1,413.66
171,1,4,33,11,64,200,2,2,1,351.72
171,1,4,34,1,64,200,1,1,1,794.31
171,1,4,35,7,64,200,2,2,1,483.71
171,1,4,36,5,64,200,2,2,1,443.44
171,1,4,37,6,64,200,2,2,1,437.32
171,1,4,38,2,64,200,1,1,1,864.89
171,1,4,39,2,64,200,2,1,0,427.49
171,1,4,40,2,64,200,1,1,1,591.47
171,1,4,41,5,64,200,2,2,1,698.84
171,1,4,42,2,64,200,1,1,1,406.93
171,1,4,43,3,64,200,1,1,1,854.39
171,1,4,44,13,64,200,2,2,1,502.39
171,1,4,45,6,64,200,1,2,0,610.67
171,1,4,46,4,64,200,1,1,1,531.15
171,1,4,47,2,64,200,1,1,1,712.01
171,1,4,48,4,64,200,1,1,1,1049.6
171,1,4,49,11,64,200,2,2,1,428.19
171,1,4,50,4,64,200,1,1,1,581.19
171,1,4,51,1,64,200,1,1,1,523.74
171,1,4,52,1,64,200,1,1,1,363.12
171,1,4,53,11,64,200,2,2,1,438.91
171,1,4,54,2,64,200,1,1,1,614.89
171,1,4,55,1,64,200,1,1,1,454.17
171,1,4,56,11,64,200,2,2,1,398.61
171,1,4,57,3,64,200,1,1,1,561.42
171,1,4,58,1,64,200,1,1,1,487.19
171,1,4,59,4,64,200,2,1,0,672.43
171,1,4,60,5,64,200,2,2,1,588.08
171,1,4,61,4,64,200,1,1,1,865.02
171,1,4,62,3,64,200,1,1,1,796.5
171,1,4,63,3,64,200,1,1,1,611.45
171,1,4,64,4,64,200,1,1,1,902.3
171,1,4,65,1,64,200,1,1,1,760.43
171,1,4,66,12,64,200,2,2,1,437.78
171,1,4,67,3,64,200,1,1,1,555.57
171,1,4,68,3,64,200,1,1,1,562.45
171,1,4,69,7,64,200,2,2,1,577.09
171,1,4,70,6,64,200,2,2,1,553.45
171,1,4,71,8,64,200,1,2,0,644.98
171,1,4,72,13,64,200,2,2,1,529.03
171,1,4,73,4,64,200,1,1,1,832.66
171,1,4,74,8,64,200,2,2,1,959.49
171,1,4,75,12,64,200,2,2,1,674.06
171,1,4,76,4,64,200,1,1,1,812.82
171,1,4,77,3,64,200,1,1,1,752.28
171,1,4,78,2,64,200,1,1,1,751.85
171,1,4,79,1,64,200,1,1,1,565.88
171,1,4,80,2,64,200,1,1,1,588.08
171,1,4,81,12,64,200,2,2,1,1296.9
171,1,4,82,5,64,200,2,2,1,1076.6
171,1,4,83,8,64,200,2,2,1,736.27
171,1,4,84,12,64,200,2,2,1,608.43
171,1,4,85,8,64,200,2,2,1,792.54
171,1,4,1,2,64,200,1,1,1,787.69
171,1,4,2,12,64,200,2,2,1,556.36
171,1,4,3,2,64,200,1,1,1,545.76
171,1,4,4,9,64,200,2,2,1,403.93
171,1,4,5,4,64,200,1,1,1,512.59
171,1,4,6,13,64,200,2,2,1,402.82
171,1,4,7,12,64,200,2,2,1,332.05
171,1,4,8,2,64,200,1,1,1,493.72
171,1,4,9,2,64,200,1,1,1,621.84
171,1,4,10,8,64,200,2,2,1,618.62
171,1,4,11,13,64,200,1,2,0,384.74
171,1,4,12,3,64,200,1,1,1,530.25
171,1,4,13,8,64,200,2,2,1,586.09
171,1,4,14,7,64,200,1,2,0,914.3
171,1,4,15,1,64,200,1,1,1,538.53
171,1,4,16,6,64,200,2,2,1,419.9
171,1,4,17,8,64,200,2,2,1,1243.5
171,1,4,18,8,64,200,1,2,0,1207.4
171,1,4,19,2,64,200,1,1,1,769.31
171,1,4,20,4,64,200,2,1,0,1353.4
171,1,4,21,13,64,200,2,2,1,587.18
171,1,4,22,9,64,200,2,2,1,912.4
171,1,4,23,10,64,200,2,2,1,595.28
171,1,4,24,7,64,200,2,2,1,1512.5
171,1,4,25,12,64,200,2,2,1,410.57
171,1,4,26,11,64,200,2,2,1,464.09
171,1,4,27,2,64,200,1,1,1,583.11
171,1,4,28,2,64,200,1,1,1,629.93
171,1,4,29,5,64,200,2,2,1,510.15
171,1,4,30,2,64,200,1,1,1,533.23
171,1,4,31,5,64,200,2,2,1,401.92
171,1,4,32,4,64,200,1,1,1,715.1
171,1,4,33,6,64,200,2,2,1,404.28
171,1,4,34,11,64,200,2,2,1,429.28
171,1,4,35,2,64,200,1,1,1,604.33
171,1,4,36,4,64,200,1,1,1,1878.1
171,1,4,37,1,64,200,1,1,1,657.2
171,1,4,38,3,64,200,1,1,1,430.25
171,1,4,39,1,64,200,1,1,1,576.64
171,1,4,40,1,64,200,1,1,1,463.7
171,1,4,41,10,64,200,2,2,1,377.88
171,1,4,42,11,64,200,2,2,1,418.7
171,1,4,43,1,64,200,1,1,1,442.21
171,1,4,44,7,64,200,2,2,1,583.32
171,1,4,45,3,64,200,1,1,1,536.48
171,1,4,46,13,64,200,2,2,1,465.4
171,1,4,47,10,64,200,2,2,1,377.61
171,1,4,48,5,64,200,2,2,1,718
171,1,4,49,3,64,200,1,1,1,547.19
171,1,4,50,4,64,200,1,1,1,775.19
171,1,4,51,3,64,200,1,1,1,503.19
171,1,4,52,3,64,200,1,1,1,361.81
171,1,4,53,6,64,200,2,2,1,411.38
171,1,4,54,1,64,200,1,1,1,515.9
171,1,4,55,3,64,200,1,1,1,622.94
171,1,4,56,1,64,200,1,1,1,517.86
171,1,4,57,13,64,200,2,2,1,417.6
171,1,4,58,1,64,200,1,1,1,398.14
171,1,4,59,2,64,200,1,1,1,850.53
171,1,4,60,3,64,200,1,1,1,528.15
171,1,4,61,5,64,200,2,2,1,503.22
171,1,4,62,12,64,200,2,2,1,416.08
171,1,4,63,10,64,200,2,2,1,362.15
171,1,4,64,6,64,200,2,2,1,589.08
171,1,4,65,3,64,200,2,1,0,384.74
171,1,4,66,7,64,200,2,2,1,580.06
171,1,4,67,9,64,200,2,2,1,615.96
171,1,4,68,4,64,200,1,1,1,1432.1
171,1,4,69,6,64,200,2,2,1,1074.6
171,1,4,70,4,64,200,1,1,1,668.05
171,1,4,71,9,64,200,2,2,1,521.38
171,1,4,72,1,64,200,1,1,1,516.47
171,1,4,73,12,64,200,2,2,1,550.13
171,1,4,74,3,64,200,1,1,1,640.68
171,1,4,75,9,64,200,2,2,1,390.03
171,1,4,76,5,64,200,2,2,1,601.34
171,1,4,77,4,64,200,1,1,1,1089.9
171,1,4,78,10,64,200,2,2,1,414.66
171,1,4,79,4,64,200,1,1,1,610.83
171,1,4,80,4,64,200,1,1,1,477.33
171,1,4,81,11,64,200,2,2,1,397.22
171,1,4,82,7,64,200,2,2,1,524.94
171,1,4,83,11,64,200,2,2,1,473.05
171,1,4,84,1,64,200,1,1,1,657.03
171,1,4,85,8,64,200,2,2,1,470.81
