102,1,1,1,6,64,200,2,2,1,4871.6
102,1,1,2,3,64,200,2,1,0,4352.3
102,1,1,3,3,64,200,1,1,1,3953.4
102,1,1,4,4,64,200,2,1,0,2392.5
102,1,1,5,9,64,200,1,2,0,2112.4
102,1,1,6,1,64,200,1,1,1,2772.8
102,1,1,7,1,64,200,1,1,1,1538.8
102,1,1,8,13,64,200,2,2,1,2035
102,1,1,9,11,64,200,2,2,1,923.52
102,1,1,10,8,64,200,NaN,2,9,NaN
102,1,1,11,10,64,200,2,2,1,996.42
102,1,1,12,4,64,200,1,1,1,1496.1
102,1,1,13,2,64,200,1,1,1,1305
102,1,1,14,2,64,200,1,1,1,1154.3
102,1,1,15,5,64,200,2,2,1,1042.3
102,1,1,16,7,64,200,1,2,0,1226.7
102,1,1,17,12,64,200,2,2,1,763.79
102,1,1,18,6,64,200,2,2,1,1543
102,1,1,19,4,64,200,2,1,0,1152.8
102,1,1,20,11,64,200,2,2,1,619.74
102,1,1,21,6,64,200,1,2,0,1628.2
102,1,1,22,13,64,200,2,2,1,882.5
102,1,1,23,4,64,200,2,1,0,2066.7
102,1,1,24,9,64,200,1,2,0,2197.8
102,1,1,25,2,64,200,2,1,0,1214
102,1,1,26,4,64,200,1,1,1,2381.4
102,1,1,27,2,64,200,1,1,1,1428.9
102,1,1,28,12,64,200,2,2,1,793.08
102,1,1,29,1,64,200,1,1,1,1318
102,1,1,30,3,64,200,1,1,1,1097.7
102,1,1,31,12,64,200,2,2,1,580.67
102,1,1,32,9,64,200,1,2,0,1488.7
102,1,1,33,3,64,200,2,1,0,1838.3
102,1,1,34,10,64,200,2,2,1,660.17
102,1,1,35,13,64,200,2,2,1,627.55
102,1,1,36,11,64,200,2,2,1,652.66
102,1,1,37,11,64,200,2,2,1,686.69
102,1,1,38,2,64,200,1,1,1,2083.4
102,1,1,39,5,64,200,1,2,0,809.15
102,1,1,40,10,64,200,2,2,1,565.69
102,1,1,41,11,64,200,2,2,1,619.49
102,1,1,42,3,64,200,2,1,0,2317.4
102,1,1,43,1,64,200,1,1,1,1319.3
102,1,1,44,1,64,200,1,1,1,2046.4
102,1,1,45,1,64,200,1,1,1,793
102,1,1,46,12,64,200,2,2,1,1525.6
102,1,1,47,12,64,200,2,2,1,674.3
102,1,1,48,6,64,200,2,2,1,1215.6
102,1,1,49,8,64,200,2,2,1,817.32
102,1,1,50,9,64,200,2,2,1,832.65
102,1,1,51,13,64,200,2,2,1,691.78
102,1,1,52,4,64,200,1,1,1,1027.1
102,1,1,53,3,64,200,1,1,1,1157.5
102,1,1,54,7,64,200,1,2,0,775.32
102,1,1,55,13,64,200,2,2,1,660.6
102,1,1,56,1,64,200,1,1,1,1519.8
102,1,1,57,1,64,200,1,1,1,660.16
102,1,1,58,13,64,200,2,2,1,747.34
102,1,1,59,3,64,200,1,1,1,1414.7
102,1,1,60,3,64,200,1,1,1,812.28
102,1,1,61,3,64,200,1,1,1,1343.2
102,1,1,62,1,64,200,1,1,1,1699.1
102,1,1,63,2,64,200,1,1,1,1210.2
102,1,1,64,10,64,200,2,2,1,749.21
102,1,1,65,10,64,200,2,2,1,689.76
102,1,1,66,1,64,200,1,1,1,876.18
102,1,1,67,7,64,200,1,2,0,1538.2
102,1,1,68,1,64,200,1,1,1,856.6
102,1,1,69,8,64,200,2,2,1,753.31
102,1,1,70,5,64,200,1,2,0,1128.2
102,1,1,71,1,64,200,1,1,1,2162.7
102,1,1,72,5,64,200,1,2,0,1071.2
102,1,1,73,10,64,200,2,2,1,622.16
102,1,1,74,4,64,200,1,1,1,1863.6
102,1,1,75,7,64,200,1,2,0,1854.1
102,1,1,76,2,64,200,2,1,0,753.43
102,1,1,77,3,64,200,2,1,0,1899.3
102,1,1,78,5,64,200,2,2,1,1761.7
102,1,1,79,9,64,200,1,2,0,1696.9
102,1,1,80,2,64,200,1,1,1,1090.2
102,1,1,81,7,64,200,2,2,1,1680.7
102,1,1,82,2,64,200,1,1,1,2665.3
102,1,1,83,9,64,200,2,2,1,1539.6
102,1,1,84,2,64,200,1,1,1,1687.6
102,1,1,85,11,64,200,2,2,1,1482.2
102,1,1,86,8,64,200,2,2,1,1406.1
102,1,1,87,8,64,200,2,2,1,784.11
102,1,1,88,2,64,200,1,1,1,1023.4
102,1,1,89,12,64,200,2,2,1,982.28
102,1,1,90,3,64,200,1,1,1,1230.2
102,1,1,91,7,64,200,1,2,0,1026.4
102,1,1,92,6,64,200,2,2,1,681.04
102,1,1,93,2,64,200,1,1,1,1160.8
102,1,1,94,5,64,200,1,2,0,1170.6
102,1,1,95,6,64,200,2,2,1,918.52
102,1,1,96,4,64,200,2,1,0,794.13
102,1,1,97,4,64,200,1,1,1,1116.1
102,1,1,98,4,64,200,1,1,1,1289.9
102,1,1,99,3,64,200,2,1,0,1057.1
102,1,1,100,4,64,200,1,1,1,1157.3
102,1,1,101,8,64,200,1,2,0,1298.3
102,1,1,102,4,64,200,2,1,0,1877.5
102,1,1,1,12,64,200,2,2,1,871.88
102,1,1,2,3,64,200,2,1,0,1921
102,1,1,3,2,64,200,1,1,1,1386.4
102,1,1,4,13,64,200,2,2,1,630.79
102,1,1,5,5,64,200,2,2,1,1455.1
102,1,1,6,4,64,200,1,1,1,1178.4
102,1,1,7,3,64,200,1,1,1,1784.8
102,1,1,8,10,64,200,2,2,1,881.01
102,1,1,9,6,64,200,2,2,1,1845.1
102,1,1,10,7,64,200,1,2,0,1174.6
102,1,1,11,1,64,200,1,1,1,1242.3
102,1,1,12,4,64,200,1,1,1,1397.8
102,1,1,13,8,64,200,1,2,0,1535.8
102,1,1,14,12,64,200,2,2,1,531.71
102,1,1,15,1,64,200,1,1,1,1635.6
102,1,1,16,7,64,200,2,2,1,2164.7
102,1,1,17,4,64,200,2,1,0,1633.1
102,1,1,18,8,64,200,1,2,0,1542.3
102,1,1,19,1,64,200,1,1,1,1864.1
102,1,1,20,1,64,200,1,1,1,837.71
102,1,1,21,3,64,200,1,1,1,1137.2
102,1,1,22,1,64,200,1,1,1,884.32
102,1,1,23,2,64,200,2,1,0,1605.6
102,1,1,24,2,64,200,2,1,0,1411.6
102,1,1,25,4,64,200,1,1,1,1280.2
102,1,1,26,7,64,200,1,2,0,1731.5
102,1,1,27,4,64,200,2,1,0,1850.4
102,1,1,28,13,64,200,2,2,1,1268.2
102,1,1,29,5,64,200,2,2,1,1986.9
102,1,1,30,12,64,200,2,2,1,876.43
102,1,1,31,11,64,200,2,2,1,764.2
102,1,1,32,2,64,200,1,1,1,1724.4
102,1,1,33,7,64,200,1,2,0,1639.3
102,1,1,34,10,64,200,2,2,1,718.57
102,1,1,35,1,64,200,1,1,1,1590.4
102,1,1,36,2,64,200,2,1,0,1416.4
102,1,1,37,3,64,200,1,1,1,1835.5
102,1,1,38,3,64,200,1,1,1,1969.8
102,1,1,39,11,64,200,2,2,1,672.99
102,1,1,40,3,64,200,2,1,0,3042.6
102,1,1,41,6,64,200,2,2,1,1956.4
102,1,1,42,3,64,200,2,1,0,1799.2
102,1,1,43,3,64,200,1,1,1,1915.3
102,1,1,44,6,64,200,2,2,1,936.23
102,1,1,45,6,64,200,2,2,1,981.05
102,1,1,46,4,64,200,2,1,0,1537.2
102,1,1,47,2,64,200,2,1,0,2373.8
102,1,1,48,6,64,200,2,2,1,1395.2
102,1,1,49,11,64,200,2,2,1,795.36
102,1,1,50,5,64,200,1,2,0,2260
102,1,1,51,13,64,200,2,2,1,831.84
102,1,1,52,9,64,200,1,2,0,1287.4
102,1,1,53,4,64,200,1,1,1,1430.1
102,1,1,54,1,64,200,1,1,1,2428
102,1,1,55,13,64,200,2,2,1,615.03
102,1,1,56,12,64,200,2,2,1,617.13
102,1,1,57,2,64,200,2,1,0,3355.9
102,1,1,58,5,64,200,2,2,1,1844.7
102,1,1,59,1,64,200,1,1,1,1341.4
102,1,1,60,1,64,200,1,1,1,1451.2
102,1,1,61,5,64,200,2,2,1,1542.7
102,1,1,62,9,64,200,1,2,0,2349.8
102,1,1,63,2,64,200,1,1,1,1762.2
102,1,1,64,8,64,200,1,2,0,1513.1
102,1,1,65,9,64,200,1,2,0,1948.6
102,1,1,66,7,64,200,1,2,0,1849.7
102,1,1,67,9,64,200,2,2,1,1494.3
102,1,1,68,3,64,200,2,1,0,1529.4
102,1,1,69,2,64,200,1,1,1,1690.9
102,1,1,70,12,64,200,2,2,1,1054.9
102,1,1,71,4,64,200,2,1,0,2124.8
102,1,1,72,2,64,200,1,1,1,1346.9
102,1,1,73,10,64,200,2,2,1,752.77
102,1,1,74,8,64,200,2,2,1,1596
102,1,1,75,9,64,200,2,2,1,788.58
102,1,1,76,4,64,200,1,1,1,2687.4
102,1,1,77,11,64,200,2,2,1,628.75
102,1,1,78,11,64,200,2,2,1,672.96
102,1,1,79,3,64,200,1,1,1,2481.5
102,1,1,80,4,64,200,2,1,0,3204.1
102,1,1,81,10,64,200,2,2,1,737.82
102,1,1,82,8,64,200,1,2,0,1210.2
102,1,1,83,13,64,200,2,2,1,781.69
102,1,1,84,10,64,200,2,2,1,579.13
102,1,1,85,1,64,200,1,1,1,1097.5
102,1,1,1,3,64,200,2,1,0,1074.5
102,1,1,2,2,64,200,1,1,1,1251.8
102,1,1,3,4,64,200,2,1,0,1070.7
102,1,1,4,5,64,200,1,2,0,1499.3
102,1,1,5,3,64,200,1,1,1,1720.4
102,1,1,6,11,64,200,2,2,1,695.1
102,1,1,7,2,64,200,2,1,0,1955.9
102,1,1,8,4,64,200,1,1,1,1002.1
102,1,1,9,7,64,200,1,2,0,1922.3
102,1,1,10,10,64,200,2,2,1,624.16
102,1,1,11,13,64,200,2,2,1,933.48
102,1,1,12,12,64,200,2,2,1,549.29
102,1,1,13,13,64,200,2,2,1,1798.1
102,1,1,14,2,64,200,1,1,1,1364.4
102,1,1,15,8,64,200,1,2,0,1923.9
102,1,1,16,11,64,200,2,2,1,613.01
102,1,1,17,4,64,200,1,1,1,2431.3
102,1,1,18,11,64,200,2,2,1,581.17
102,1,1,19,12,64,200,2,2,1,520.94
102,1,1,20,8,64,200,1,2,0,1692.1
102,1,1,21,1,64,200,2,1,0,599.98
102,1,1,22,2,64,200,2,1,0,1554.1
102,1,1,23,10,64,200,2,2,1,637.75
102,1,1,24,3,64,200,1,1,1,1595
102,1,1,25,8,64,200,2,2,1,2056.8
102,1,1,26,4,64,200,1,1,1,1547.2
102,1,1,27,10,64,200,2,2,1,584.88
102,1,1,28,3,64,200,1,1,1,1273.3
102,1,1,29,8,64,200,1,2,0,1806
102,1,1,30,1,64,200,1,1,1,2775.5
102,1,1,31,1,64,200,1,1,1,2007.4
102,1,1,32,3,64,200,1,1,1,2285
102,1,1,33,2,64,200,2,1,0,1916.1
102,1,1,34,11,64,200,2,2,1,611.63
102,1,1,35,11,64,200,2,2,1,466.08
102,1,1,36,1,64,200,2,1,0,549.61
102,1,1,37,9,64,200,1,2,0,2088.8
102,1,1,38,4,64,200,1,1,1,2073
102,1,1,39,3,64,200,1,1,1,1738.4
102,1,1,40,2,64,200,1,1,1,2870.7
102,1,1,41,6,64,200,1,2,0,2129.6
102,1,1,42,5,64,200,2,2,1,1409.6
102,1,1,43,3,64,200,2,1,0,2431.2
102,1,1,44,5,64,200,1,2,0,2693.4
102,1,1,45,2,64,200,1,1,1,3141.3
102,1,1,46,7,64,200,1,2,0,2027
102,1,1,47,2,64,200,2,1,0,1887.3
102,1,1,48,1,64,200,1,1,1,1089.4
102,1,1,49,10,64,200,2,2,1,600.16
102,1,1,50,1,64,200,1,1,1,1244.8
102,1,1,51,3,64,200,1,1,1,1226.8
102,1,1,52,7,64,200,1,2,0,1523.5
102,1,1,53,6,64,200,1,2,0,1948.4
102,1,1,54,9,64,200,2,2,1,1158.6
102,1,1,55,1,64,200,1,1,1,2435
102,1,1,56,2,64,200,1,1,1,1910.2
102,1,1,57,5,64,200,2,2,1,1659.8
102,1,1,58,9,64,200,2,2,1,1838.1
102,1,1,59,1,64,200,1,1,1,3050.4
102,1,1,60,4,64,200,2,1,0,1421.5
102,1,1,61,6,64,200,1,2,0,2078
102,1,1,62,1,64,200,1,1,1,2374.7
102,1,1,63,9,64,200,2,2,1,1793.4
102,1,1,64,5,64,200,2,2,1,1412.5
102,1,1,65,3,64,200,1,1,1,1198.5
102,1,1,66,1,64,200,1,1,1,834.83
102,1,1,67,3,64,200,1,1,1,765.17
102,1,1,68,12,64,200,2,2,1,637.29
102,1,1,69,10,64,200,2,2,1,649.64
102,1,1,70,2,64,200,1,1,1,899.75
102,1,1,71,12,64,200,2,2,1,808.61
102,1,1,72,8,64,200,2,2,1,719.95
102,1,1,73,6,64,200,1,2,0,2603
102,1,1,74,7,64,200,1,2,0,1821.9
102,1,1,75,4,64,200,2,1,0,2242.1
102,1,1,76,4,64,200,2,1,0,1837.9
102,1,1,77,9,64,200,1,2,0,1088.5
102,1,1,78,6,64,200,2,2,1,3214.3
102,1,1,79,13,64,200,2,2,1,1031.2
102,1,1,80,13,64,200,2,2,1,614.7
102,1,1,81,7,64,200,1,2,0,1285.1
102,1,1,82,13,64,200,2,2,1,580.33
102,1,1,83,4,64,200,1,1,1,1432.9
102,1,1,84,12,64,200,2,2,1,549.58
102,1,1,85,4,64,200,1,1,1,1957.9
102,1,1,1,9,64,200,2,2,1,1596.8
102,1,1,2,4,64,200,1,1,1,1728.4
102,1,1,3,1,64,200,1,1,1,926.65
102,1,1,4,1,64,200,1,1,1,972.73
102,1,1,5,3,64,200,2,1,0,1618.6
102,1,1,6,8,64,200,2,2,1,1302.1
102,1,1,7,2,64,200,1,1,1,1373.7
102,1,1,8,8,64,200,2,2,1,1470.8
102,1,1,9,10,64,200,2,2,1,550.47
102,1,1,10,3,64,200,1,1,1,1226.3
102,1,1,11,13,64,200,2,2,1,646.52
102,1,1,12,7,64,200,1,2,0,1552
102,1,1,13,6,64,200,2,2,1,2352.8
102,1,1,14,4,64,200,2,1,0,1538.9
102,1,1,15,4,64,200,2,1,0,1801.9
102,1,1,16,1,64,200,1,1,1,966.88
102,1,1,17,7,64,200,2,2,1,2229.7
102,1,1,18,8,64,200,1,2,0,1924.3
102,1,1,19,2,64,200,1,1,1,1381.2
102,1,1,20,1,64,200,1,1,1,1210.8
102,1,1,21,9,64,200,2,2,1,768.45
102,1,1,22,3,64,200,2,1,0,1396.6
102,1,1,23,11,64,200,2,2,1,647.87
102,1,1,24,3,64,200,1,1,1,1759.6
102,1,1,25,3,64,200,1,1,1,735.14
102,1,1,26,4,64,200,2,1,0,1330
102,1,1,27,3,64,200,2,1,0,1464.8
102,1,1,28,6,64,200,2,2,1,2000.4
102,1,1,29,12,64,200,2,2,1,648.91
102,1,1,30,13,64,200,2,2,1,560.77
102,1,1,31,9,64,200,2,2,1,830.37
102,1,1,32,11,64,200,2,2,1,623.04
102,1,1,33,11,64,200,2,2,1,600.18
102,1,1,34,7,64,200,1,2,0,1744.8
102,1,1,35,12,64,200,2,2,1,807.1
102,1,1,36,5,64,200,1,2,0,829.54
102,1,1,37,3,64,200,2,1,0,1583.4
102,1,1,38,5,64,200,1,2,0,1882.8
102,1,1,39,2,64,200,1,1,1,2243.6
102,1,1,40,6,64,200,1,2,0,1493.6
102,1,1,41,11,64,200,2,2,1,529.82
102,1,1,42,4,64,200,1,1,1,1401.4
102,1,1,43,12,64,200,2,2,1,507.53
102,1,1,44,3,64,200,2,1,0,1344.8
102,1,1,45,2,64,200,1,1,1,1297.1
102,1,1,46,9,64,200,2,2,1,1300
102,1,1,47,1,64,200,1,1,1,2325.1
102,1,1,48,10,64,200,2,2,1,484.39
102,1,1,49,5,64,200,1,2,0,1500.4
102,1,1,50,9,64,200,2,2,1,1269.3
102,1,1,51,5,64,200,1,2,0,2005.2
102,1,1,52,3,64,200,1,1,1,2380.9
102,1,1,53,13,64,200,2,2,1,618.14
102,1,1,54,5,64,200,1,2,0,1328.6
102,1,1,55,2,64,200,2,1,0,1831.6
102,1,1,56,4,64,200,1,1,1,1943.8
102,1,1,57,7,64,200,1,2,0,1592.7
102,1,1,58,12,64,200,2,2,1,710.31
102,1,1,59,3,64,200,2,1,0,1160.8
102,1,1,60,10,64,200,2,2,1,547.6
102,1,1,61,13,64,200,2,2,1,764.26
102,1,1,62,10,64,200,2,2,1,453.47
102,1,1,63,4,64,200,1,1,1,2156.9
102,1,1,64,2,64,200,2,1,0,1746
102,1,1,65,8,64,200,2,2,1,1927.9
102,1,1,66,4,64,200,1,1,1,1411.6
102,1,1,67,2,64,200,1,1,1,702.66
102,1,1,68,6,64,200,2,2,1,889.78
102,1,1,69,1,64,200,1,1,1,1334.9
102,1,1,70,7,64,200,1,2,0,1074
102,1,1,71,4,64,200,2,1,0,843.45
102,1,1,72,1,64,200,2,1,0,1393.3
102,1,1,73,6,64,200,1,2,0,1522.8
102,1,1,74,1,64,200,1,1,1,1221.4
102,1,1,75,2,64,200,1,1,1,1098.1
102,1,1,76,1,64,200,1,1,1,1111.1
102,1,1,77,12,64,200,2,2,1,636.41
102,1,1,78,2,64,200,1,1,1,814.88
102,1,1,79,11,64,200,2,2,1,448.97
102,1,1,80,8,64,200,1,2,0,1003.7
102,1,1,81,2,64,200,1,1,1,2004.6
102,1,1,82,13,64,200,2,2,1,501.39
102,1,1,83,4,64,200,2,1,0,1933.7
102,1,1,84,10,64,200,2,2,1,611.77
102,1,1,85,1,64,200,1,1,1,1299.7
102,1,1,1,13,64,200,2,2,1,698.63
102,1,1,2,10,64,200,2,2,1,597.3
102,1,1,3,6,64,200,2,2,1,1054.5
102,1,1,4,6,64,200,2,2,1,789.92
102,1,1,5,7,64,200,1,2,0,854.46
102,1,1,6,4,64,200,1,1,1,1295.1
102,1,1,7,2,64,200,1,1,1,764.59
102,1,1,8,1,64,200,1,1,1,852.85
102,1,1,9,3,64,200,2,1,0,1202.5
102,1,1,10,4,64,200,2,1,0,1222.9
102,1,1,11,8,64,200,2,2,1,1825.5
102,1,1,12,10,64,200,2,2,1,798.02
102,1,1,13,1,64,200,1,1,1,548.27
102,1,1,14,13,64,200,2,2,1,578.24
102,1,1,15,7,64,200,1,2,0,1174.7
102,1,1,16,10,64,200,2,2,1,672.23
102,1,1,17,1,64,200,1,1,1,682.23
102,1,1,18,3,64,200,1,1,1,932.91
102,1,1,19,2,64,200,1,1,1,1336.8
102,1,1,20,13,64,200,2,2,1,631.63
102,1,1,21,11,64,200,2,2,1,829.57
102,1,1,22,9,64,200,1,2,0,1079.4
102,1,1,23,12,64,200,2,2,1,675.75
102,1,1,24,8,64,200,1,2,0,1371.7
102,1,1,25,2,64,200,1,1,1,1117.3
102,1,1,26,3,64,200,2,1,0,1770.2
102,1,1,27,4,64,200,2,1,0,2041.5
102,1,1,28,11,64,200,2,2,1,812.16
102,1,1,29,7,64,200,1,2,0,1110.6
102,1,1,30,1,64,200,1,1,1,696.12
102,1,1,31,4,64,200,1,1,1,2030.9
102,1,1,32,6,64,200,2,2,1,1393.7
102,1,1,33,8,64,200,1,2,0,1293.1
102,1,1,34,4,64,200,1,1,1,2106.3
102,1,1,35,11,64,200,2,2,1,622.05
102,1,1,36,2,64,200,1,1,1,1348.3
102,1,1,37,4,64,200,2,1,0,1004.5
102,1,1,38,1,64,200,1,1,1,570.5
102,1,1,39,3,64,200,1,1,1,1966.5
102,1,1,40,10,64,200,2,2,1,659.74
102,1,1,41,5,64,200,1,2,0,719.15
102,1,1,42,3,64,200,1,1,1,996.18
102,1,1,43,4,64,200,2,1,0,1659.3
102,1,1,44,13,64,200,2,2,1,629.25
102,1,1,45,3,64,200,1,1,1,2278.2
102,1,1,46,4,64,200,1,1,1,1085.8
102,1,1,47,7,64,200,1,2,0,2305.5
102,1,1,48,8,64,200,2,2,1,736.76
102,1,1,49,5,64,200,1,2,0,1248.2
102,1,1,50,3,64,200,1,1,1,1073.1
102,1,1,51,2,64,200,2,1,0,981.3
102,1,1,52,12,64,200,2,2,1,994.59
102,1,1,53,4,64,200,1,1,1,1856.6
102,1,1,54,5,64,200,1,2,0,887.69
102,1,1,55,1,64,200,1,1,1,1532.2
102,1,1,56,5,64,200,2,2,1,1440
102,1,1,57,4,64,200,1,1,1,1250.3
102,1,1,58,9,64,200,2,2,1,769.77
102,1,1,59,5,64,200,2,2,1,1445.4
102,1,1,60,12,64,200,2,2,1,648.7
102,1,1,61,9,64,200,2,2,1,1002.1
102,1,1,62,13,64,200,2,2,1,688.75
102,1,1,63,2,64,200,1,1,1,1247.2
102,1,1,64,2,64,200,1,1,1,897.49
102,1,1,65,7,64,200,1,2,0,945.25
102,1,1,66,10,64,200,2,2,1,658.74
102,1,1,67,2,64,200,1,1,1,1278.4
102,1,1,68,3,64,200,1,1,1,650.73
102,1,1,69,1,64,200,1,1,1,741.61
102,1,1,70,11,64,200,2,2,1,528.77
102,1,1,71,2,64,200,1,1,1,775.21
102,1,1,72,11,64,200,2,2,1,683.74
102,1,1,73,8,64,200,2,2,1,1122.9
102,1,1,74,9,64,200,2,2,1,746.02
102,1,1,75,9,64,200,2,2,1,2845.7
102,1,1,76,12,64,200,2,2,1,552.36
102,1,1,77,12,64,200,2,2,1,497.33
102,1,1,78,2,64,200,1,1,1,1063
102,1,1,79,1,64,200,1,1,1,861.85
102,1,1,80,6,64,200,2,2,1,682.5
102,1,1,81,3,64,200,1,1,1,998.74
102,1,1,82,1,64,200,1,1,1,629.08
102,1,1,83,1,64,200,1,1,1,600.88
102,1,1,84,3,64,200,1,1,1,604.73
102,1,1,85,6,64,200,1,2,0,511.04
102,1,1,1,2,64,200,2,1,0,1371.9
102,1,1,2,6,64,200,2,2,1,1061.6
102,1,1,3,3,64,200,2,1,0,1434.2
102,1,1,4,10,64,200,2,2,1,683.04
102,1,1,5,9,64,200,1,2,0,1016.8
102,1,1,6,4,64,200,2,1,0,2013.1
102,1,1,7,3,64,200,1,1,1,855.32
102,1,1,8,13,64,200,2,2,1,878.75
102,1,1,9,9,64,200,1,2,0,1808.1
102,1,1,10,1,64,200,1,1,1,584.71
102,1,1,11,1,64,200,1,1,1,643.15
102,1,1,12,5,64,200,1,2,0,874.58
102,1,1,13,4,64,200,1,1,1,1105.8
102,1,1,14,11,64,200,2,2,1,538.86
102,1,1,15,8,64,200,1,2,0,2310.4
102,1,1,16,3,64,200,1,1,1,698.3
102,1,1,17,2,64,200,1,1,1,1006.9
102,1,1,18,5,64,200,1,2,0,889.83
102,1,1,19,3,64,200,1,1,1,728.98
102,1,1,20,5,64,200,2,2,1,799.94
102,1,1,21,9,64,200,2,2,1,1611.7
102,1,1,22,7,64,200,1,2,0,1928.6
102,1,1,23,2,64,200,1,1,1,1338.4
102,1,1,24,12,64,200,2,2,1,641.06
102,1,1,25,13,64,200,2,2,1,1667.1
102,1,1,26,6,64,200,1,2,0,1121.2
102,1,1,27,1,64,200,1,1,1,757.07
102,1,1,28,7,64,200,1,2,0,767.24
102,1,1,29,6,64,200,2,2,1,1390.7
102,1,1,30,12,64,200,2,2,1,712.6
102,1,1,31,1,64,200,1,1,1,581.98
102,1,1,32,5,64,200,1,2,0,1505.1
102,1,1,33,11,64,200,2,2,1,510.9
102,1,1,34,1,64,200,1,1,1,710.88
102,1,1,35,4,64,200,2,1,0,1521.2
102,1,1,36,3,64,200,2,1,0,1351.3
102,1,1,37,4,64,200,1,1,1,1308.7
102,1,1,38,13,64,200,2,2,1,737.54
102,1,1,39,1,64,200,1,1,1,995.94
102,1,1,40,4,64,200,1,1,1,919.55
102,1,1,41,10,64,200,2,2,1,410.74
102,1,1,42,8,64,200,1,2,0,626.24
102,1,1,43,6,64,200,2,2,1,711.01
102,1,1,44,10,64,200,2,2,1,504.56
102,1,1,45,3,64,200,1,1,1,1840
102,1,1,46,2,64,200,2,1,0,783.06
102,1,1,47,10,64,200,2,2,1,549.82
102,1,1,48,11,64,200,2,2,1,520.18
102,1,1,49,3,64,200,1,1,1,1008.7
102,1,1,50,2,64,200,1,1,1,1286.1
102,1,1,51,12,64,200,2,2,1,472.11
102,1,1,52,1,64,200,1,1,1,1314
102,1,1,53,8,64,200,2,2,1,1845.5
102,1,1,54,4,64,200,1,1,1,1419.9
102,1,1,55,2,64,200,2,1,0,1459.8
102,1,1,56,2,64,200,1,1,1,2047.5
102,1,1,57,3,64,200,1,1,1,1431.1
102,1,1,58,8,64,200,2,2,1,2456.6
102,1,1,59,7,64,200,1,2,0,1719
102,1,1,60,1,64,200,1,1,1,650.79
102,1,1,61,5,64,200,2,2,1,1669.6
102,1,1,62,9,64,200,2,2,1,708.13
102,1,1,63,12,64,200,2,2,1,897.34
102,1,1,64,11,64,200,2,2,1,484.17
102,1,1,65,13,64,200,2,2,1,495.77
102,1,1,66,3,64,200,1,1,1,760.16
102,1,1,67,1,64,200,1,1,1,900.97
102,1,1,68,7,64,200,1,2,0,771.53
102,1,1,69,9,64,200,2,2,1,1194.7
102,1,1,70,13,64,200,2,2,1,511.33
102,1,1,71,2,64,200,1,1,1,1247.8
102,1,1,72,3,64,200,1,1,1,2256.7
102,1,1,73,2,64,200,1,1,1,2356.4
102,1,1,74,4,64,200,2,1,0,1821.9
102,1,1,75,12,64,200,2,2,1,654.6
102,1,1,76,2,64,200,1,1,1,1954
102,1,1,77,1,64,200,1,1,1,670.36
102,1,1,78,6,64,200,2,2,1,1024.2
102,1,1,79,4,64,200,1,1,1,1590
102,1,1,80,4,64,200,1,1,1,744.83
102,1,1,81,4,64,200,1,1,1,841.32
102,1,1,82,7,64,200,1,2,0,816.18
102,1,1,83,10,64,200,2,2,1,726.36
102,1,1,84,11,64,200,2,2,1,697.24
102,1,1,85,8,64,200,1,2,0,1831.6
102,1,1,1,2,64,200,2,1,0,860
102,1,1,2,4,64,200,2,1,0,1187.1
102,1,1,3,3,64,200,1,1,1,1782.9
102,1,1,4,5,64,200,2,2,1,1510.4
102,1,1,5,7,64,200,1,2,0,1384.6
102,1,1,6,8,64,200,2,2,1,1139.9
102,1,1,7,1,64,200,1,1,1,798.85
102,1,1,8,3,64,200,1,1,1,1082.3
102,1,1,9,4,64,200,1,1,1,773.24
102,1,1,10,13,64,200,2,2,1,529.24
102,1,1,11,4,64,200,1,1,1,960.42
102,1,1,12,4,64,200,1,1,1,1524.2
102,1,1,13,4,64,200,1,1,1,855.62
102,1,1,14,5,64,200,1,2,0,1001.2
102,1,1,15,13,64,200,2,2,1,442.91
102,1,1,16,6,64,200,2,2,1,1023.6
102,1,1,17,2,64,200,2,1,0,545.21
102,1,1,18,1,64,200,1,1,1,823.91
102,1,1,19,6,64,200,2,2,1,1249.5
102,1,1,20,8,64,200,1,2,0,1975.6
102,1,1,21,10,64,200,2,2,1,653.46
102,1,1,22,11,64,200,2,2,1,512.08
102,1,1,23,2,64,200,1,1,1,1831.7
102,1,1,24,1,64,200,1,1,1,859.91
102,1,1,25,1,64,200,1,1,1,653.57
102,1,1,26,3,64,200,1,1,1,1019.7
102,1,1,27,2,64,200,1,1,1,1067.5
102,1,1,28,11,64,200,2,2,1,629.03
102,1,1,29,9,64,200,2,2,1,1409.4
102,1,1,30,4,64,200,1,1,1,979.84
102,1,1,31,9,64,200,2,2,1,909.41
102,1,1,32,8,64,200,1,2,0,1328.4
102,1,1,33,13,64,200,2,2,1,866.75
102,1,1,34,2,64,200,1,1,1,952.81
102,1,1,35,10,64,200,2,2,1,530.33
102,1,1,36,3,64,200,1,1,1,1205.7
102,1,1,37,10,64,200,2,2,1,512.11
102,1,1,38,3,64,200,1,1,1,967.03
102,1,1,39,3,64,200,2,1,0,335.86
102,1,1,40,4,64,200,1,1,1,1054.7
102,1,1,41,7,64,200,1,2,0,668.4
102,1,1,42,13,64,200,2,2,1,661.42
102,1,1,43,2,64,200,1,1,1,769.08
102,1,1,44,3,64,200,1,1,1,1051.4
102,1,1,45,1,64,200,1,1,1,1717.8
102,1,1,46,9,64,200,2,2,1,708.26
102,1,1,47,4,64,200,1,1,1,1444.3
102,1,1,48,9,64,200,2,2,1,1751.3
102,1,1,49,4,64,200,1,1,1,1453.6
102,1,1,50,10,64,200,2,2,1,725.98
102,1,1,51,2,64,200,1,1,1,715.46
102,1,1,52,1,64,200,1,1,1,679.94
102,1,1,53,3,64,200,1,1,1,1208.7
102,1,1,54,13,64,200,2,2,1,599.62
102,1,1,55,7,64,200,1,2,0,1430
102,1,1,56,10,64,200,2,2,1,586.86
102,1,1,57,7,64,200,1,2,0,992.29
102,1,1,58,6,64,200,2,2,1,1523.3
102,1,1,59,12,64,200,2,2,1,610.38
102,1,1,60,4,64,200,1,1,1,1154.7
102,1,1,61,1,64,200,1,1,1,560.23
102,1,1,62,5,64,200,1,2,0,1276.6
102,1,1,63,11,64,200,2,2,1,744.72
102,1,1,64,3,64,200,1,1,1,1142.2
102,1,1,65,8,64,200,2,2,1,866.34
102,1,1,66,12,64,200,2,2,1,1079.5
102,1,1,67,3,64,200,1,1,1,1130.6
102,1,1,68,9,64,200,2,2,1,863.42
102,1,1,69,7,64,200,1,2,0,1783.3
102,1,1,70,2,64,200,2,1,0,936.94
102,1,1,71,6,64,200,1,2,0,1246.4
102,1,1,72,11,64,200,2,2,1,608.53
102,1,1,73,2,64,200,1,1,1,1348.6
102,1,1,74,5,64,200,1,2,0,640.94
102,1,1,75,5,64,200,1,2,0,708.44
102,1,1,76,1,64,200,1,1,1,1323.4
102,1,1,77,6,64,200,2,2,1,797.58
102,1,1,78,1,64,200,1,1,1,649.62
102,1,1,79,12,64,200,2,2,1,713.35
102,1,1,80,1,64,200,1,1,1,687.3
102,1,1,81,11,64,200,2,2,1,556
102,1,1,82,12,64,200,2,2,1,855.54
102,1,1,83,12,64,200,2,2,1,493.01
102,1,1,84,8,64,200,1,2,0,1297.3
102,1,1,85,2,64,200,2,1,0,1288.5
102,1,1,1,9,64,200,2,2,1,1396.8
102,1,1,2,10,64,200,2,2,1,593.26
102,1,1,3,13,64,200,2,2,1,465.06
102,1,1,4,3,64,200,1,1,1,767.45
102,1,1,5,7,64,200,1,2,0,669.15
102,1,1,6,4,64,200,1,1,1,1070.3
102,1,1,7,8,64,200,1,2,0,3196.2
102,1,1,8,2,64,200,1,1,1,1012.6
102,1,1,9,10,64,200,2,2,1,473.06
102,1,1,10,12,64,200,2,2,1,432.19
102,1,1,11,11,64,200,2,2,1,439.06
102,1,1,12,8,64,200,1,2,0,1111.1
102,1,1,13,4,64,200,2,1,0,1921
102,1,1,14,3,64,200,1,1,1,1450.3
102,1,1,15,1,64,200,1,1,1,1470.9
102,1,1,16,1,64,200,1,1,1,604.5
102,1,1,17,2,64,200,1,1,1,2208
102,1,1,18,5,64,200,1,2,0,1090.1
102,1,1,19,2,64,200,1,1,1,1334.5
102,1,1,20,2,64,200,1,1,1,642.71
102,1,1,21,8,64,200,2,2,1,490.4
102,1,1,22,4,64,200,2,1,0,1824.2
102,1,1,23,3,64,200,1,1,1,615.15
102,1,1,24,1,64,200,1,1,1,669.15
102,1,1,25,3,64,200,1,1,1,631.94
102,1,1,26,3,64,200,1,1,1,518.87
102,1,1,27,1,64,200,1,1,1,687.95
102,1,1,28,13,64,200,2,2,1,518.99
102,1,1,29,3,64,200,1,1,1,1158.5
102,1,1,30,1,64,200,1,1,1,1186.4
102,1,1,31,4,64,200,2,1,0,1233.5
102,1,1,32,6,64,200,1,2,0,1151.4
102,1,1,33,11,64,200,2,2,1,625.83
102,1,1,34,1,64,200,1,1,1,571.15
102,1,1,35,8,64,200,1,2,0,2299.8
102,1,1,36,3,64,200,1,1,1,1657.4
102,1,1,37,9,64,200,2,2,1,2071.1
102,1,1,38,3,64,200,1,1,1,1238.2
102,1,1,39,12,64,200,2,2,1,656.79
102,1,1,40,5,64,200,1,2,0,1529.9
102,1,1,41,3,64,200,1,1,1,796.06
102,1,1,42,2,64,200,1,1,1,643.99
102,1,1,43,4,64,200,1,1,1,1052
102,1,1,44,7,64,200,1,2,0,1217.5
102,1,1,45,9,64,200,1,2,0,1510.6
102,1,1,46,6,64,200,2,2,1,684.09
102,1,1,47,11,64,200,2,2,1,890.37
102,1,1,48,9,64,200,2,2,1,1124.1
102,1,1,49,1,64,200,1,1,1,699.61
102,1,1,50,2,64,200,1,1,1,1602.4
102,1,1,51,6,64,200,2,2,1,1081.1
102,1,1,52,4,64,200,1,1,1,975.95
102,1,1,53,12,64,200,2,2,1,619.25
102,1,1,54,6,64,200,1,2,0,1259.2
102,1,1,55,12,64,200,2,2,1,552.68
102,1,1,56,11,64,200,2,2,1,547.98
102,1,1,57,5,64,200,1,2,0,1136.8
102,1,1,58,9,64,200,2,2,1,1320.3
102,1,1,59,2,64,200,1,1,1,734.92
102,1,1,60,13,64,200,2,2,1,629.95
102,1,1,61,2,64,200,1,1,1,484.56
102,1,1,62,10,64,200,2,2,1,534.95
102,1,1,63,6,64,200,1,2,0,594.4
102,1,1,64,8,64,200,2,2,1,1035
102,1,1,65,7,64,200,1,2,0,1973.3
102,1,1,66,5,64,200,2,2,1,1952.5
102,1,1,67,13,64,200,2,2,1,727.94
102,1,1,68,2,64,200,1,1,1,1355.3
102,1,1,69,3,64,200,1,1,1,1027.4
102,1,1,70,7,64,200,1,2,0,1370.5
102,1,1,71,1,64,200,1,1,1,565.64
102,1,1,72,4,64,200,2,1,0,752.69
102,1,1,73,5,64,200,1,2,0,714.68
102,1,1,74,10,64,200,2,2,1,479.53
102,1,1,75,4,64,200,1,1,1,1164.5
102,1,1,76,7,64,200,2,2,1,1318.1
102,1,1,77,12,64,200,2,2,1,697.96
102,1,1,78,4,64,200,1,1,1,739.07
102,1,1,79,2,64,200,1,1,1,589.27
102,1,1,80,13,64,200,2,2,1,637.12
102,1,1,81,11,64,200,2,2,1,457.41
102,1,1,82,1,64,200,2,1,0,579.09
102,1,1,83,10,64,200,1,2,0,582.42
102,1,1,84,1,64,200,1,1,1,965.2
102,1,1,85,4,64,200,2,1,0,917.49
102,1,1,1,11,64,200,2,2,1,601.39
102,1,1,2,3,64,200,1,1,1,900.49
102,1,1,3,13,64,200,2,2,1,533.05
102,1,1,4,12,64,200,2,2,1,404.53
102,1,1,5,11,64,200,2,2,1,558.18
102,1,1,6,5,64,200,1,2,0,1080
102,1,1,7,4,64,200,1,1,1,1352.4
102,1,1,8,1,64,200,1,1,1,1178.8
102,1,1,9,1,64,200,1,1,1,707.11
102,1,1,10,6,64,200,2,2,1,1280.8
102,1,1,11,10,64,200,2,2,1,657.91
102,1,1,12,7,64,200,1,2,0,1000.3
102,1,1,13,3,64,200,1,1,1,1453.6
102,1,1,14,1,64,200,1,1,1,699.1
102,1,1,15,10,64,200,2,2,1,488.21
102,1,1,16,9,64,200,2,2,1,853.82
102,1,1,17,5,64,200,1,2,0,1043.3
102,1,1,18,1,64,200,1,1,1,505
102,1,1,19,9,64,200,2,2,1,497.14
102,1,1,20,4,64,200,1,1,1,859.71
102,1,1,21,3,64,200,1,1,1,739.9
102,1,1,22,13,64,200,2,2,1,491.14
102,1,1,23,2,64,200,1,1,1,961.71
102,1,1,24,4,64,200,2,1,0,638.06
102,1,1,25,1,64,200,1,1,1,739.14
102,1,1,26,2,64,200,1,1,1,865.21
102,1,1,27,2,64,200,1,1,1,507.9
102,1,1,28,3,64,200,1,1,1,601.89
102,1,1,29,7,64,200,2,2,1,1247.8
102,1,1,30,3,64,200,1,1,1,1367.5
102,1,1,31,10,64,200,2,2,1,508.32
102,1,1,32,4,64,200,1,1,1,891.91
102,1,1,33,4,64,200,2,1,0,603.28
102,1,1,34,12,64,200,2,2,1,491.13
102,1,1,35,5,64,200,1,2,0,702.85
102,1,1,36,13,64,200,2,2,1,669.4
102,1,1,37,7,64,200,1,2,0,798.19
102,1,1,38,12,64,200,2,2,1,467.95
102,1,1,39,8,64,200,1,2,0,1497.2
102,1,1,40,8,64,200,2,2,1,1071.5
102,1,1,41,2,64,200,1,1,1,920.4
102,1,1,42,11,64,200,2,2,1,637.59
102,1,1,43,5,64,200,1,2,0,655.48
102,1,1,44,8,64,200,1,2,0,976.49
102,1,1,45,7,64,200,1,2,0,1790.1
102,1,1,46,9,64,200,2,2,1,744.5
102,1,1,47,13,64,200,2,2,1,545.92
102,1,1,48,6,64,200,1,2,0,894.89
102,1,1,49,1,64,200,1,1,1,840.37
102,1,1,50,9,64,200,2,2,1,653.38
102,1,1,51,1,64,200,1,1,1,605.79
102,1,1,52,6,64,200,2,2,1,1587.2
102,1,1,53,4,64,200,1,1,1,1666.7
102,1,1,54,10,64,200,2,2,1,475.79
102,1,1,55,1,64,200,1,1,1,467.58
102,1,1,56,4,64,200,2,1,0,581.37
102,1,1,57,7,64,200,1,2,0,1501.9
102,1,1,58,13,64,200,2,2,1,503.96
102,1,1,59,11,64,200,2,2,1,653.48
102,1,1,60,3,64,200,1,1,1,1121.9
102,1,1,61,4,64,200,2,1,0,645.37
102,1,1,62,8,64,200,1,2,0,1400
102,1,1,63,4,64,200,2,1,0,1532.7
102,1,1,64,3,64,200,1,1,1,819.05
102,1,1,65,6,64,200,2,2,1,667.04
102,1,1,66,12,64,200,2,2,1,877.47
102,1,1,67,4,64,200,1,1,1,1196.9
102,1,1,68,2,64,200,1,1,1,689.94
102,1,1,69,2,64,200,1,1,1,518.23
102,1,1,70,1,64,200,1,1,1,629.81
102,1,1,71,8,64,200,2,2,1,991.8
102,1,1,72,6,64,200,1,2,0,568.34
102,1,1,73,5,64,200,1,2,0,899.71
102,1,1,74,2,64,200,1,1,1,702.55
102,1,1,75,9,64,200,2,2,1,642.4
102,1,1,76,2,64,200,1,1,1,740.36
102,1,1,77,2,64,200,1,1,1,581.63
102,1,1,78,12,64,200,2,2,1,482.42
102,1,1,79,1,64,200,1,1,1,569.2
102,1,1,80,2,64,200,1,1,1,845.03
102,1,1,81,10,64,200,2,2,1,510.44
102,1,1,82,11,64,200,2,2,1,825.79
102,1,1,83,3,64,200,1,1,1,749.62
102,1,1,84,3,64,200,1,1,1,1043.2
102,1,1,85,3,64,200,1,1,1,637.65
102,1,1,1,4,64,200,2,1,0,1093.5
102,1,1,2,4,64,200,1,1,1,855.88
102,1,1,3,12,64,200,2,2,1,598.97
102,1,1,4,8,64,200,1,2,0,704.03
102,1,1,5,9,64,200,2,2,1,653.7
102,1,1,6,10,64,200,2,2,1,409.69
102,1,1,7,13,64,200,2,2,1,432.64
102,1,1,8,9,64,200,1,2,0,816.4
102,1,1,9,2,64,200,1,1,1,804.75
102,1,1,10,11,64,200,2,2,1,356.88
102,1,1,11,12,64,200,2,2,1,464.41
102,1,1,12,1,64,200,1,1,1,499.92
102,1,1,13,8,64,200,2,2,1,589.25
102,1,1,14,11,64,200,2,2,1,395.89
102,1,1,15,2,64,200,1,1,1,786.35
102,1,1,16,2,64,200,1,1,1,649.73
102,1,1,17,4,64,200,2,1,0,596.71
102,1,1,18,6,64,200,2,2,1,1126.8
102,1,1,19,3,64,200,1,1,1,888.71
102,1,1,20,9,64,200,2,2,1,626.38
102,1,1,21,3,64,200,1,1,1,739.88
102,1,1,22,2,64,200,1,1,1,756.05
102,1,1,23,12,64,200,2,2,1,452.25
102,1,1,24,11,64,200,2,2,1,480.29
102,1,1,25,4,64,200,1,1,1,1443.5
102,1,1,26,12,64,200,2,2,1,465.77
102,1,1,27,8,64,200,1,2,0,656.61
102,1,1,28,13,64,200,2,2,1,599.07
102,1,1,29,13,64,200,2,2,1,384.48
102,1,1,30,1,64,200,1,1,1,480.78
102,1,1,31,3,64,200,1,1,1,806.13
102,1,1,32,3,64,200,1,1,1,536.29
102,1,1,33,1,64,200,1,1,1,723.44
102,1,1,34,8,64,200,1,2,0,1316.6
102,1,1,35,4,64,200,1,1,1,740.39
102,1,1,36,3,64,200,1,1,1,764.23
102,1,1,37,2,64,200,1,1,1,543.49
102,1,1,38,7,64,200,2,2,1,624.21
102,1,1,39,5,64,200,1,2,0,641.27
102,1,1,40,4,64,200,1,1,1,992.4
102,1,1,41,7,64,200,1,2,0,688.51
102,1,1,42,5,64,200,2,2,1,666.17
102,1,1,43,13,64,200,2,2,1,587.92
102,1,1,44,2,64,200,1,1,1,757.69
102,1,1,45,10,64,200,2,2,1,424.63
102,1,1,46,10,64,200,2,2,1,474.44
102,1,1,47,4,64,200,1,1,1,478.54
102,1,1,48,3,64,200,1,1,1,542.07
102,1,1,49,1,64,200,1,1,1,479.37
102,1,1,50,7,64,200,1,2,0,810.61
102,1,1,51,7,64,200,2,2,1,798.23
102,1,1,52,1,64,200,1,1,1,448.92
102,1,1,53,2,64,200,1,1,1,517.82
102,1,1,54,1,64,200,1,1,1,575.2
102,1,1,55,11,64,200,2,2,1,485.32
102,1,1,56,5,64,200,1,2,0,600.24
102,1,1,57,4,64,200,1,1,1,727.17
102,1,1,58,7,64,200,1,2,0,657.58
102,1,1,59,3,64,200,1,1,1,718.82
102,1,1,60,13,64,200,2,2,1,480.21
102,1,1,61,12,64,200,2,2,1,460.13
102,1,1,62,5,64,200,1,2,0,520.45
102,1,1,63,8,64,200,2,2,1,682.17
102,1,1,64,6,64,200,1,2,0,1025.1
102,1,1,65,6,64,200,2,2,1,612.93
102,1,1,66,6,64,200,2,2,1,503.22
102,1,1,67,6,64,200,1,2,0,821.47
102,1,1,68,9,64,200,2,2,1,563.37
102,1,1,69,1,64,200,1,1,1,698.29
102,1,1,70,1,64,200,1,1,1,459.03
102,1,1,71,4,64,200,1,1,1,1067.3
102,1,1,72,2,64,200,1,1,1,473.1
102,1,1,73,3,64,200,1,1,1,528.51
102,1,1,74,2,64,200,1,1,1,399.49
102,1,1,75,2,64,200,1,1,1,469.66
102,1,1,76,5,64,200,1,2,0,761.79
102,1,1,77,4,64,200,1,1,1,660.84
102,1,1,78,9,64,200,2,2,1,545.22
102,1,1,79,3,64,200,1,1,1,422.95
102,1,1,80,10,64,200,2,2,1,502.55
102,1,1,81,1,64,200,1,1,1,541.77
102,1,1,82,3,64,200,1,1,1,576.09
102,1,1,83,10,64,200,2,2,1,481.4
102,1,1,84,1,64,200,1,1,1,1042.9
102,1,1,85,11,64,200,2,2,1,482.91
